approved_at_utc,subreddit,selftext,author_fullname,saved,mod_reason_title,gilded,clicked,title,link_flair_richtext,subreddit_name_prefixed,hidden,pwls,link_flair_css_class,downs,thumbnail_height,top_awarded_type,hide_score,media_metadata,name,quarantine,link_flair_text_color,upvote_ratio,author_flair_background_color,ups,total_awards_received,media_embed,thumbnail_width,author_flair_template_id,is_original_content,user_reports,secure_media,is_reddit_media_domain,is_meta,category,secure_media_embed,link_flair_text,can_mod_post,score,approved_by,is_created_from_ads_ui,author_premium,thumbnail,edited,author_flair_css_class,author_flair_richtext,gildings,post_hint,content_categories,is_self,subreddit_type,created,link_flair_type,wls,removed_by_category,banned_by,author_flair_type,domain,allow_live_comments,selftext_html,likes,suggested_sort,banned_at_utc,view_count,archived,no_follow,is_crosspostable,pinned,over_18,preview,all_awardings,awarders,media_only,link_flair_template_id,can_gild,spoiler,locked,author_flair_text,treatment_tags,visited,removed_by,mod_note,distinguished,subreddit_id,author_is_blocked,mod_reason_by,num_reports,removal_reason,link_flair_background_color,id,is_robot_indexable,report_reasons,author,discussion_type,num_comments,send_replies,whitelist_status,contest_mode,mod_reports,author_patreon_flair,author_flair_text_color,permalink,parent_whitelist_status,stickied,url,subreddit_subscribers,created_utc,num_crossposts,media,is_video,url_overridden_by_dest,gallery_data,is_gallery,author_cakeday
,spotify,"This  subreddit is mainly for sharing playlists. Please keep all complaints  and support questions within this thread. Posts concerning these  subjects may be deleted. This subreddit is not endorsed, sponsored,  moderated, or supported by Spotify.

Popular topics include:

* Shuffle  sucks, shuffle isn’t really random, shuffle keeps playing the same  songs, I have a huge playlist and Spotify only plays the same songs. 
* Spotify for android doesn’t work, Spotify desktop doesn’t work, Spotify iOS doesn’t work, Spotify app on different devices don’t work
* Downloaded songs don’t stay downloaded
* Sound quality on PS5 is terrible
* I want to share a Spotify subscription with strangers across the world, will I get caught?
* I want access to choose my own songs and create playlists, but I won’t pay for premium
* Why is (artist name)’s music not available?
* I want to make playlists longer than 10,000 songs
* Podcasts:  suck, are great, have embedded ads, i do not like their existence, i  pay for ad free music why am I getting podcast ads?
* Spotify Wrapped: where is mine? when do they stop tracking, mine is not accurate, mine included songs i listen to while i sleep
* Lyrics: Where are mine?, I liked the old lyrics, the lyrics aren’t accurate, they don’t work.
* The new UI is horrible. The new update is horrible. The new feature is horrible.
* AI DJ is terrible, not available
* Spotify's recommendations are terrible",t2_iokg2,False,,0,False,Spotify Support/Complaint Megathread,[],r/spotify,False,6,mod,0,,,False,,t3_184e989,False,light,0.95,,74,0,{},,,False,[],,False,False,,{},Mod Announcement,False,74,,False,False,,False,,[],{},,,True,public,1701015582.0,text,6,,,text,self.spotify,False,"&lt;!-- SC_OFF --&gt;&lt;div class=""md""&gt;&lt;p&gt;This  subreddit is mainly for sharing playlists. Please keep all complaints  and support questions within this thread. Posts concerning these  subjects may be deleted. This subreddit is not endorsed, sponsored,  moderated, or supported by Spotify.&lt;/p&gt;

&lt;p&gt;Popular topics include:&lt;/p&gt;

&lt;ul&gt;
&lt;li&gt;Shuffle  sucks, shuffle isn’t really random, shuffle keeps playing the same  songs, I have a huge playlist and Spotify only plays the same songs. &lt;/li&gt;
&lt;li&gt;Spotify for android doesn’t work, Spotify desktop doesn’t work, Spotify iOS doesn’t work, Spotify app on different devices don’t work&lt;/li&gt;
&lt;li&gt;Downloaded songs don’t stay downloaded&lt;/li&gt;
&lt;li&gt;Sound quality on PS5 is terrible&lt;/li&gt;
&lt;li&gt;I want to share a Spotify subscription with strangers across the world, will I get caught?&lt;/li&gt;
&lt;li&gt;I want access to choose my own songs and create playlists, but I won’t pay for premium&lt;/li&gt;
&lt;li&gt;Why is (artist name)’s music not available?&lt;/li&gt;
&lt;li&gt;I want to make playlists longer than 10,000 songs&lt;/li&gt;
&lt;li&gt;Podcasts:  suck, are great, have embedded ads, i do not like their existence, i  pay for ad free music why am I getting podcast ads?&lt;/li&gt;
&lt;li&gt;Spotify Wrapped: where is mine? when do they stop tracking, mine is not accurate, mine included songs i listen to while i sleep&lt;/li&gt;
&lt;li&gt;Lyrics: Where are mine?, I liked the old lyrics, the lyrics aren’t accurate, they don’t work.&lt;/li&gt;
&lt;li&gt;The new UI is horrible. The new update is horrible. The new feature is horrible.&lt;/li&gt;
&lt;li&gt;AI DJ is terrible, not available&lt;/li&gt;
&lt;li&gt;Spotify&amp;#39;s recommendations are terrible&lt;/li&gt;
&lt;/ul&gt;
&lt;/div&gt;&lt;!-- SC_ON --&gt;",,,,,False,False,False,False,False,,[],[],False,192e9ea0-8a3f-11ea-a287-0e804fae9a79,False,False,False,,[],False,,,,t5_2qofj,False,,,,,184e989,True,,whyisthissticky,,851,False,all_ads,False,[],False,,/r/spotify/comments/184e989/spotify_supportcomplaint_megathread/,all_ads,True,https://www.reddit.com/r/spotify/comments/184e989/spotify_supportcomplaint_megathread/,1396770,1701015582.0,0,,False,,,,
,spotify,“good song” by blur and “thered better be a mirrorball” by arctic monkeys take me back to a very specific point in my life every time i listen to them.. it feels like time travel lol. just wondering if anyone else has any songs like this :),t2_96m3ysxb,False,,0,False,what songs instantly take you back in time?,[],r/spotify,False,6,favors,0,,,False,,t3_19f332k,False,dark,1.0,,96,0,{},,,False,[],,False,False,,{},[REQUEST] Playlists / Songs / Artists / Albums ,False,96,,False,False,,False,,[],{},,,True,public,1706164519.0,text,6,,,text,self.spotify,False,"&lt;!-- SC_OFF --&gt;&lt;div class=""md""&gt;&lt;p&gt;“good song” by blur and “thered better be a mirrorball” by arctic monkeys take me back to a very specific point in my life every time i listen to them.. it feels like time travel lol. just wondering if anyone else has any songs like this :)&lt;/p&gt;
&lt;/div&gt;&lt;!-- SC_ON --&gt;",,,,,False,False,False,False,False,,[],[],False,b188c2f4-9a2e-11e9-9464-0e9d067aecce,False,False,False,,[],False,,,,t5_2qofj,False,,,,#94e044,19f332k,True,,headchog69,,99,True,all_ads,False,[],False,,/r/spotify/comments/19f332k/what_songs_instantly_take_you_back_in_time/,all_ads,False,https://www.reddit.com/r/spotify/comments/19f332k/what_songs_instantly_take_you_back_in_time/,1396770,1706164519.0,0,,False,,,,
,spotify,"just what the title says! i have been trying to put together a playlist of feel-good songs, or songs that make me happy but my mind goes blank every time i try to think of any! what are some songs that always will put you in a good mood or make you happy whenever you listen to them? some that I have thought of so far are [Back on 74 by Jungle](https://open.spotify.com/track/19kHhX6f6EfLU7rcO3RqjO?si=0db9779ee5ba4e9b) and [B](https://open.spotify.com/track/6ztstiyZL6FXzh4aG46ZPD?si=c27c6ba166e44016)[oogie Wonderland by Earth Wind and Fire](https://open.spotify.com/track/6ztstiyZL6FXzh4aG46ZPD?si=c27c6ba166e44016).  Sometimes the subreddit will block comments if they have links in them and it takes a while for them to be approved so if I don't respond right away that's why! thank you in advance :\^)",t2_v87x1ipm,False,,0,False,songs that make you happy or put you in a good mood?,[],r/spotify,False,6,favors,0,,,True,,t3_19ffrd1,False,dark,1.0,,9,0,{},,,False,[],,False,False,,{},[REQUEST] Playlists / Songs / Artists / Albums ,False,9,,False,False,,False,,[],{},,,True,public,1706206349.0,text,6,,,text,self.spotify,False,"&lt;!-- SC_OFF --&gt;&lt;div class=""md""&gt;&lt;p&gt;just what the title says! i have been trying to put together a playlist of feel-good songs, or songs that make me happy but my mind goes blank every time i try to think of any! what are some songs that always will put you in a good mood or make you happy whenever you listen to them? some that I have thought of so far are &lt;a href=""https://open.spotify.com/track/19kHhX6f6EfLU7rcO3RqjO?si=0db9779ee5ba4e9b""&gt;Back on 74 by Jungle&lt;/a&gt; and &lt;a href=""https://open.spotify.com/track/6ztstiyZL6FXzh4aG46ZPD?si=c27c6ba166e44016""&gt;B&lt;/a&gt;&lt;a href=""https://open.spotify.com/track/6ztstiyZL6FXzh4aG46ZPD?si=c27c6ba166e44016""&gt;oogie Wonderland by Earth Wind and Fire&lt;/a&gt;.  Sometimes the subreddit will block comments if they have links in them and it takes a while for them to be approved so if I don&amp;#39;t respond right away that&amp;#39;s why! thank you in advance :^)&lt;/p&gt;
&lt;/div&gt;&lt;!-- SC_ON --&gt;",,,,,False,False,False,False,False,,[],[],False,b188c2f4-9a2e-11e9-9464-0e9d067aecce,False,False,False,,[],False,,,,t5_2qofj,False,,,,#94e044,19ffrd1,True,,saccheje,,27,True,all_ads,False,[],False,,/r/spotify/comments/19ffrd1/songs_that_make_you_happy_or_put_you_in_a_good/,all_ads,False,https://www.reddit.com/r/spotify/comments/19ffrd1/songs_that_make_you_happy_or_put_you_in_a_good/,1396770,1706206349.0,0,,False,,,,
,spotify,"I used to create a lot of playlist on Spotify when I was younger. I remember when Spotify used to feature community made playlist and that’s how I garnered 657 followers on Spotify. But now that I’ve gotten older, I can’t find myself creating playlists anymore. The thing I like the most about Spotify is their playlists, I like that most of them can fit any mood. I like listening to the daylist even though sometimes it’s a hit or miss. Whenever I get a free trial of Apple Music, I try to use it and for some reason I just couldn’t get into it. The only thing I like about Apple Music is the Soulection radio lol",t2_ao1qj,False,,0,False,"As you get older, have you stopped creating playlist and just listened to Spotify’s playlists?",[],r/spotify,False,6,question,0,,,False,,t3_19fcz7x,False,light,0.92,,10,0,{},,,False,[],,False,False,,{},Question / Discussion,False,10,,False,False,,False,,[],{},,,True,public,1706199377.0,text,6,,,text,self.spotify,False,"&lt;!-- SC_OFF --&gt;&lt;div class=""md""&gt;&lt;p&gt;I used to create a lot of playlist on Spotify when I was younger. I remember when Spotify used to feature community made playlist and that’s how I garnered 657 followers on Spotify. But now that I’ve gotten older, I can’t find myself creating playlists anymore. The thing I like the most about Spotify is their playlists, I like that most of them can fit any mood. I like listening to the daylist even though sometimes it’s a hit or miss. Whenever I get a free trial of Apple Music, I try to use it and for some reason I just couldn’t get into it. The only thing I like about Apple Music is the Soulection radio lol&lt;/p&gt;
&lt;/div&gt;&lt;!-- SC_ON --&gt;",,,,,False,False,False,False,False,,[],[],False,58828680-99e4-11e9-9cfc-0e6137c47742,False,False,False,,[],False,,,,t5_2qofj,False,,,,#d3d6da,19fcz7x,True,,mrckly,,16,True,all_ads,False,[],False,,/r/spotify/comments/19fcz7x/as_you_get_older_have_you_stopped_creating/,all_ads,False,https://www.reddit.com/r/spotify/comments/19fcz7x/as_you_get_older_have_you_stopped_creating/,1396770,1706199377.0,0,,False,,,,
,spotify,,t2_59byrrj8,False,,0,False,What’s an artist you were told you were enjoying as a baby?,[],r/spotify,False,6,favors,0,,,False,,t3_19f8zen,False,dark,0.89,,19,0,{},,,False,[],,False,False,,{},[REQUEST] Playlists / Songs / Artists / Albums ,False,19,,False,False,,False,,[],{},,,True,public,1706188221.0,text,6,,,text,self.spotify,False,,,,,,False,False,False,False,False,,[],[],False,b188c2f4-9a2e-11e9-9464-0e9d067aecce,False,False,False,,[],False,,,,t5_2qofj,False,,,,#94e044,19f8zen,True,,supremejxzzy,,44,True,all_ads,False,[],False,,/r/spotify/comments/19f8zen/whats_an_artist_you_were_told_you_were_enjoying/,all_ads,False,https://www.reddit.com/r/spotify/comments/19f8zen/whats_an_artist_you_were_told_you_were_enjoying/,1396770,1706188221.0,0,,False,,,,
,spotify,"I listen to my playlists. A lot. All day, every day. Like I’m sure most of you do if you’re subscribed to this sub.

And like you, shuffle has always driven me crazy. I’ll have 300 songs in a playlist and hear the same songs the same day. 

But it hit me the other day. Shuffle songs flow surprisingly well. Spotify will play a group of upbeat songs (5 or so) then a group of slower songs then a group of a specific genre.

So I think, one reason shuffle “may” suck so bad, is because it’s not shuffle songs per se, but genres or tempo or style. 

Or I’m on drugs. “I used to do drugs…”

Thoughts?",t2_3zw1q,False,,0,False,I think I know why shuffle sucks so bad,[],r/spotify,False,6,,0,,,False,,t3_19excnp,False,light,0.95,,79,0,{},,,False,[],,False,False,,{},Shuffle Complaint,False,79,,False,False,,False,,[],{},,,True,public,1706146056.0,text,6,,,text,self.spotify,False,"&lt;!-- SC_OFF --&gt;&lt;div class=""md""&gt;&lt;p&gt;I listen to my playlists. A lot. All day, every day. Like I’m sure most of you do if you’re subscribed to this sub.&lt;/p&gt;

&lt;p&gt;And like you, shuffle has always driven me crazy. I’ll have 300 songs in a playlist and hear the same songs the same day. &lt;/p&gt;

&lt;p&gt;But it hit me the other day. Shuffle songs flow surprisingly well. Spotify will play a group of upbeat songs (5 or so) then a group of slower songs then a group of a specific genre.&lt;/p&gt;

&lt;p&gt;So I think, one reason shuffle “may” suck so bad, is because it’s not shuffle songs per se, but genres or tempo or style. &lt;/p&gt;

&lt;p&gt;Or I’m on drugs. “I used to do drugs…”&lt;/p&gt;

&lt;p&gt;Thoughts?&lt;/p&gt;
&lt;/div&gt;&lt;!-- SC_ON --&gt;",,,,,False,False,False,False,False,,[],[],False,c26db3f0-eaf4-11ea-842b-0e000ead5bdb,False,False,False,,[],False,,,,t5_2qofj,False,,,,,19excnp,True,,dspiral,,25,True,all_ads,False,[],False,,/r/spotify/comments/19excnp/i_think_i_know_why_shuffle_sucks_so_bad/,all_ads,False,https://www.reddit.com/r/spotify/comments/19excnp/i_think_i_know_why_shuffle_sucks_so_bad/,1396770,1706146056.0,0,,False,,,,
,spotify,"A song that's cultural embedded, everyone know and is a consensus - but rightly so. Hit me up!",t2_jedldvi,False,,0,False,What is a must-listen song from your country?,[],r/spotify,False,6,favors,0,,,False,,t3_19f97x7,False,dark,1.0,,9,0,{},,,False,[],,False,False,,{},[REQUEST] Playlists / Songs / Artists / Albums ,False,9,,False,False,,False,,[],{},,,True,public,1706188967.0,text,6,,,text,self.spotify,False,"&lt;!-- SC_OFF --&gt;&lt;div class=""md""&gt;&lt;p&gt;A song that&amp;#39;s cultural embedded, everyone know and is a consensus - but rightly so. Hit me up!&lt;/p&gt;
&lt;/div&gt;&lt;!-- SC_ON --&gt;",,,,,False,False,False,False,False,,[],[],False,b188c2f4-9a2e-11e9-9464-0e9d067aecce,False,False,False,,[],False,,,,t5_2qofj,False,,,,#94e044,19f97x7,True,,mianibeetzem,,12,True,all_ads,False,[],False,,/r/spotify/comments/19f97x7/what_is_a_mustlisten_song_from_your_country/,all_ads,False,https://www.reddit.com/r/spotify/comments/19f97x7/what_is_a_mustlisten_song_from_your_country/,1396770,1706188967.0,0,,False,,,,
,spotify,Getting back into running and my playlist is stale. My all time favorites are rigamortus by Kendrick Lamar and bodys by car seat headrest,t2_aive6p8k,False,,0,False,What are your favorite running songs of all time?,[],r/spotify,False,6,favors,0,,,False,,t3_19eryew,False,dark,0.99,,138,0,{},,,False,[],,False,False,,{},[REQUEST] Playlists / Songs / Artists / Albums ,False,138,,False,False,,False,,[],{},,,True,public,1706131983.0,text,6,,,text,self.spotify,False,"&lt;!-- SC_OFF --&gt;&lt;div class=""md""&gt;&lt;p&gt;Getting back into running and my playlist is stale. My all time favorites are rigamortus by Kendrick Lamar and bodys by car seat headrest&lt;/p&gt;
&lt;/div&gt;&lt;!-- SC_ON --&gt;",,,,,False,False,False,False,False,,[],[],False,b188c2f4-9a2e-11e9-9464-0e9d067aecce,False,False,False,,[],False,,,,t5_2qofj,False,,,,#94e044,19eryew,True,,abstrxcti0n,,177,True,all_ads,False,[],False,,/r/spotify/comments/19eryew/what_are_your_favorite_running_songs_of_all_time/,all_ads,False,https://www.reddit.com/r/spotify/comments/19eryew/what_are_your_favorite_running_songs_of_all_time/,1396770,1706131983.0,0,,False,,,,
,spotify,"&amp;#x200B;

https://preview.redd.it/wxflzpkm8hec1.png?width=2094&amp;format=png&amp;auto=webp&amp;s=589f227314ce440d7887b2c9a271c36825fef24e",t2_8pr6ak5n,False,,0,False,What are your 5 most recent searches on Spotify? Here's mine to start!,[],r/spotify,False,6,favors,0,,,False,"{'wxflzpkm8hec1': {'status': 'valid', 'e': 'Image', 'm': 'image/png', 'p': [{'y': 33, 'x': 108, 'u': 'https://preview.redd.it/wxflzpkm8hec1.png?width=108&amp;crop=smart&amp;auto=webp&amp;s=51248364f97e60efecf2aafae07cb45a4c0e48f1'}, {'y': 66, 'x': 216, 'u': 'https://preview.redd.it/wxflzpkm8hec1.png?width=216&amp;crop=smart&amp;auto=webp&amp;s=490fa2383bda1364a71ded7fc4ae8b730c08cd18'}, {'y': 98, 'x': 320, 'u': 'https://preview.redd.it/wxflzpkm8hec1.png?width=320&amp;crop=smart&amp;auto=webp&amp;s=501267f56c57bed6c9fce787b8ce0c450383c208'}, {'y': 197, 'x': 640, 'u': 'https://preview.redd.it/wxflzpkm8hec1.png?width=640&amp;crop=smart&amp;auto=webp&amp;s=96a20e19abf00803e81ccaa3d0d89fe4ac5f25a6'}, {'y': 296, 'x': 960, 'u': 'https://preview.redd.it/wxflzpkm8hec1.png?width=960&amp;crop=smart&amp;auto=webp&amp;s=66cb589f11896dfe13955aad3455ac2c21d830c8'}, {'y': 333, 'x': 1080, 'u': 'https://preview.redd.it/wxflzpkm8hec1.png?width=1080&amp;crop=smart&amp;auto=webp&amp;s=8e75d35cd17d1376befddaba4b56dc78e26c5a81'}], 's': {'y': 646, 'x': 2094, 'u': 'https://preview.redd.it/wxflzpkm8hec1.png?width=2094&amp;format=png&amp;auto=webp&amp;s=589f227314ce440d7887b2c9a271c36825fef24e'}, 'id': 'wxflzpkm8hec1'}}",t3_19evh95,False,dark,0.94,,84,0,{},,,False,[],,False,False,,{},[REQUEST] Playlists / Songs / Artists / Albums ,False,84,,False,False,,False,,[],{},,,True,public,1706140849.0,text,6,,,text,self.spotify,False,"&lt;!-- SC_OFF --&gt;&lt;div class=""md""&gt;&lt;p&gt;&amp;#x200B;&lt;/p&gt;

&lt;p&gt;&lt;a href=""https://preview.redd.it/wxflzpkm8hec1.png?width=2094&amp;amp;format=png&amp;amp;auto=webp&amp;amp;s=589f227314ce440d7887b2c9a271c36825fef24e""&gt;https://preview.redd.it/wxflzpkm8hec1.png?width=2094&amp;amp;format=png&amp;amp;auto=webp&amp;amp;s=589f227314ce440d7887b2c9a271c36825fef24e&lt;/a&gt;&lt;/p&gt;
&lt;/div&gt;&lt;!-- SC_ON --&gt;",,,,,False,False,False,False,False,,[],[],False,b188c2f4-9a2e-11e9-9464-0e9d067aecce,False,False,False,,[],False,,,,t5_2qofj,False,,,,#94e044,19evh95,True,,LilYassPlayz_YT,,118,True,all_ads,False,[],False,,/r/spotify/comments/19evh95/what_are_your_5_most_recent_searches_on_spotify/,all_ads,False,https://www.reddit.com/r/spotify/comments/19evh95/what_are_your_5_most_recent_searches_on_spotify/,1396770,1706140849.0,0,,False,,,,
,spotify,There’s 2 versions excluding the remix on spotify - the explicit and clean version. The clean version plays the full song (cleanly of course) but the explicit version just plays the beat with no vocals. Is this a bug or what happened to the song?,t2_p5ded,False,,0,False,Post Malone - Wow playing only the beat?,[],r/spotify,False,6,question,0,,,True,,t3_19fhig9,False,light,1.0,,2,0,{},,,False,[],,False,False,,{},Question / Discussion,False,2,,False,False,,False,,[],{},,,True,public,1706210815.0,text,6,,,text,self.spotify,False,"&lt;!-- SC_OFF --&gt;&lt;div class=""md""&gt;&lt;p&gt;There’s 2 versions excluding the remix on spotify - the explicit and clean version. The clean version plays the full song (cleanly of course) but the explicit version just plays the beat with no vocals. Is this a bug or what happened to the song?&lt;/p&gt;
&lt;/div&gt;&lt;!-- SC_ON --&gt;",,,,,False,False,False,False,False,,[],[],False,58828680-99e4-11e9-9cfc-0e6137c47742,False,False,False,,[],False,,,,t5_2qofj,False,,,,#d3d6da,19fhig9,True,,FluxCapaciTURD,,1,True,all_ads,False,[],False,,/r/spotify/comments/19fhig9/post_malone_wow_playing_only_the_beat/,all_ads,False,https://www.reddit.com/r/spotify/comments/19fhig9/post_malone_wow_playing_only_the_beat/,1396770,1706210815.0,0,,False,,,,
,spotify,"Hi! I was really into the EDM/music festival scene back in 2014-2017 (think pretty lights, bassnectar, griz, porter Robinson, skrillex etc!)

Now? Not so much! Who are they good artists these days? Anyone got any playlists to share for inspiration?

TIA!",t2_b8r3w2er,False,,0,False,New EDM?,[],r/spotify,False,6,favors,0,,,False,,t3_19fby8n,False,dark,1.0,,5,0,{},,,False,[],,False,False,,{},[REQUEST] Playlists / Songs / Artists / Albums ,False,5,,False,False,,False,,[],{},,,True,public,1706196644.0,text,6,,,text,self.spotify,False,"&lt;!-- SC_OFF --&gt;&lt;div class=""md""&gt;&lt;p&gt;Hi! I was really into the EDM/music festival scene back in 2014-2017 (think pretty lights, bassnectar, griz, porter Robinson, skrillex etc!)&lt;/p&gt;

&lt;p&gt;Now? Not so much! Who are they good artists these days? Anyone got any playlists to share for inspiration?&lt;/p&gt;

&lt;p&gt;TIA!&lt;/p&gt;
&lt;/div&gt;&lt;!-- SC_ON --&gt;",,,,,False,False,False,False,False,,[],[],False,b188c2f4-9a2e-11e9-9464-0e9d067aecce,False,False,False,,[],False,,,,t5_2qofj,False,,,,#94e044,19fby8n,True,,Theresonlyone99,,8,True,all_ads,False,[],False,,/r/spotify/comments/19fby8n/new_edm/,all_ads,False,https://www.reddit.com/r/spotify/comments/19fby8n/new_edm/,1396770,1706196644.0,0,,False,,,,
,spotify,"I know this has been asked before, but the asks were years ago and the responses have all been work arounds, and I'd really like to consolidate some information —

*How do you share music from spotify to instagram stories with sound from the spotify app?*

I don't mean screen recording, I don't mean other workarounds, I mean using the share function in the app.

I did this as little as a month ago in the app, and I have the stories archived to prove it. It's the album card over a monochrome background with a white ripple effect coming out of the bottom of the screen with a preview of the song playing. 

I've tried tapping the card, sharing through different means, nothing is working now. How hasn't this been ironed out in the six YEARS I'm seeing question history for this?",t2_i1cc9yo8w,False,,0,False,How on earth do you share songs to IG with volume?,[],r/spotify,False,6,question,0,,,True,,t3_19fgj7h,False,light,1.0,,2,0,{},,,False,[],,False,False,,{},Question / Discussion,False,2,,False,False,,False,,[],{},,,True,public,1706208344.0,text,6,,,text,self.spotify,False,"&lt;!-- SC_OFF --&gt;&lt;div class=""md""&gt;&lt;p&gt;I know this has been asked before, but the asks were years ago and the responses have all been work arounds, and I&amp;#39;d really like to consolidate some information —&lt;/p&gt;

&lt;p&gt;&lt;em&gt;How do you share music from spotify to instagram stories with sound from the spotify app?&lt;/em&gt;&lt;/p&gt;

&lt;p&gt;I don&amp;#39;t mean screen recording, I don&amp;#39;t mean other workarounds, I mean using the share function in the app.&lt;/p&gt;

&lt;p&gt;I did this as little as a month ago in the app, and I have the stories archived to prove it. It&amp;#39;s the album card over a monochrome background with a white ripple effect coming out of the bottom of the screen with a preview of the song playing. &lt;/p&gt;

&lt;p&gt;I&amp;#39;ve tried tapping the card, sharing through different means, nothing is working now. How hasn&amp;#39;t this been ironed out in the six YEARS I&amp;#39;m seeing question history for this?&lt;/p&gt;
&lt;/div&gt;&lt;!-- SC_ON --&gt;",,,,,False,False,False,False,False,,[],[],False,58828680-99e4-11e9-9cfc-0e6137c47742,False,False,False,,[],False,,,,t5_2qofj,False,,,,#d3d6da,19fgj7h,True,,aureate-,,1,True,all_ads,False,[],False,,/r/spotify/comments/19fgj7h/how_on_earth_do_you_share_songs_to_ig_with_volume/,all_ads,False,https://www.reddit.com/r/spotify/comments/19fgj7h/how_on_earth_do_you_share_songs_to_ig_with_volume/,1396770,1706208344.0,0,,False,,,,
,spotify,"Today heard the following songs and I'm so nostalgic. I used to remember the lyrics well for most of them but re-reading them and singing out loud was therapeutic!

This ain't a scene, It's an arms race - Fall Out Boy

London Bridge - Fergie

American Boy - Estelle, Kanye (Ye)

Kings and Queens - 30 Seconds to Mars

Since U Been Gone - Kelly Clarkson

Whataya Want From Me - Adam Lambert

Unfaithful - Rihanna

I'm With You - Avril Lavigne

Use Somebody - Kings of Leon

Check yes, Juliet - We The Kings 

Remember The Name - Fort Minor

With You - Chris Brown


Any likes for these tracks from this community?",t2_oe40xcdhs,False,,0,False,Nostalgic Playlist,[],r/spotify,False,6,,0,,,False,,t3_19fb98v,False,dark,1.0,,3,0,{},,,False,[],,False,False,,{},Playlist - Throwback/Flashback/Decades,False,3,,False,False,,1706195317.0,,[],{},,,True,public,1706194790.0,text,6,,,text,self.spotify,False,"&lt;!-- SC_OFF --&gt;&lt;div class=""md""&gt;&lt;p&gt;Today heard the following songs and I&amp;#39;m so nostalgic. I used to remember the lyrics well for most of them but re-reading them and singing out loud was therapeutic!&lt;/p&gt;

&lt;p&gt;This ain&amp;#39;t a scene, It&amp;#39;s an arms race - Fall Out Boy&lt;/p&gt;

&lt;p&gt;London Bridge - Fergie&lt;/p&gt;

&lt;p&gt;American Boy - Estelle, Kanye (Ye)&lt;/p&gt;

&lt;p&gt;Kings and Queens - 30 Seconds to Mars&lt;/p&gt;

&lt;p&gt;Since U Been Gone - Kelly Clarkson&lt;/p&gt;

&lt;p&gt;Whataya Want From Me - Adam Lambert&lt;/p&gt;

&lt;p&gt;Unfaithful - Rihanna&lt;/p&gt;

&lt;p&gt;I&amp;#39;m With You - Avril Lavigne&lt;/p&gt;

&lt;p&gt;Use Somebody - Kings of Leon&lt;/p&gt;

&lt;p&gt;Check yes, Juliet - We The Kings &lt;/p&gt;

&lt;p&gt;Remember The Name - Fort Minor&lt;/p&gt;

&lt;p&gt;With You - Chris Brown&lt;/p&gt;

&lt;p&gt;Any likes for these tracks from this community?&lt;/p&gt;
&lt;/div&gt;&lt;!-- SC_ON --&gt;",,,,,False,False,False,False,False,,[],[],False,8f93ff06-9fa5-11ea-8fd9-0e846d182559,False,False,False,,[],False,,,,t5_2qofj,False,,,,#ab672f,19fb98v,True,,fockallhumanity94,,1,True,all_ads,False,[],False,,/r/spotify/comments/19fb98v/nostalgic_playlist/,all_ads,False,https://www.reddit.com/r/spotify/comments/19fb98v/nostalgic_playlist/,1396770,1706194790.0,0,,False,,,,
,spotify,,t2_35d5z74p,False,,0,False,"Recommend similar songs for my playlist (indie, synth)",[],r/spotify,False,6,favors,0,,,False,,t3_19fdl2z,False,dark,1.0,,2,0,"{'content': '&lt;iframe class=""embedly-embed"" src=""https://cdn.embedly.com/widgets/media.html?src=https%3A%2F%2Fopen.spotify.com%2Fembed%2Fplaylist%2F3ln3hOmn9pZYmEC6BJNZvu%3Futm_source%3Doembed&amp;display_name=Spotify&amp;url=https%3A%2F%2Fopen.spotify.com%2Fplaylist%2F3ln3hOmn9pZYmEC6BJNZvu&amp;image=https%3A%2F%2Fmosaic.scdn.co%2F300%2Fab67616d00001e02121d5f92cf90576907dfb1e5ab67616d00001e023437e8bbed340ca556c42c04ab67616d00001e02b3591763154a27326b3f431aab67616d00001e02f3aa0e6ca22a382007f61e4d&amp;key=2aa3c4d5f3de4f5b9120b660ad850dc9&amp;type=text%2Fhtml&amp;schema=spotify"" width=""456"" height=""352"" scrolling=""no"" title=""Spotify embed"" frameborder=""0"" allow=""autoplay; fullscreen; encrypted-media; picture-in-picture;"" allowfullscreen=""true""&gt;&lt;/iframe&gt;', 'width': 456, 'scrolling': False, 'height': 352}",,,False,[],"{'type': 'open.spotify.com', 'oembed': {'provider_url': 'https://spotify.com', 'description': 'SynthWave · Playlist · 96 songs · 1 likes', 'title': 'SynthWave', 'type': 'rich', 'thumbnail_width': 300, 'height': 352, 'width': 456, 'html': '&lt;iframe class=""embedly-embed"" src=""https://cdn.embedly.com/widgets/media.html?src=https%3A%2F%2Fopen.spotify.com%2Fembed%2Fplaylist%2F3ln3hOmn9pZYmEC6BJNZvu%3Futm_source%3Doembed&amp;display_name=Spotify&amp;url=https%3A%2F%2Fopen.spotify.com%2Fplaylist%2F3ln3hOmn9pZYmEC6BJNZvu&amp;image=https%3A%2F%2Fmosaic.scdn.co%2F300%2Fab67616d00001e02121d5f92cf90576907dfb1e5ab67616d00001e023437e8bbed340ca556c42c04ab67616d00001e02b3591763154a27326b3f431aab67616d00001e02f3aa0e6ca22a382007f61e4d&amp;key=2aa3c4d5f3de4f5b9120b660ad850dc9&amp;type=text%2Fhtml&amp;schema=spotify"" width=""456"" height=""352"" scrolling=""no"" title=""Spotify embed"" frameborder=""0"" allow=""autoplay; fullscreen; encrypted-media; picture-in-picture;"" allowfullscreen=""true""&gt;&lt;/iframe&gt;', 'version': '1.0', 'provider_name': 'Spotify', 'thumbnail_url': 'https://mosaic.scdn.co/300/ab67616d00001e02121d5f92cf90576907dfb1e5ab67616d00001e023437e8bbed340ca556c42c04ab67616d00001e02b3591763154a27326b3f431aab67616d00001e02f3aa0e6ca22a382007f61e4d', 'thumbnail_height': 300}}",False,False,,"{'content': '&lt;iframe class=""embedly-embed"" src=""https://cdn.embedly.com/widgets/media.html?src=https%3A%2F%2Fopen.spotify.com%2Fembed%2Fplaylist%2F3ln3hOmn9pZYmEC6BJNZvu%3Futm_source%3Doembed&amp;display_name=Spotify&amp;url=https%3A%2F%2Fopen.spotify.com%2Fplaylist%2F3ln3hOmn9pZYmEC6BJNZvu&amp;image=https%3A%2F%2Fmosaic.scdn.co%2F300%2Fab67616d00001e02121d5f92cf90576907dfb1e5ab67616d00001e023437e8bbed340ca556c42c04ab67616d00001e02b3591763154a27326b3f431aab67616d00001e02f3aa0e6ca22a382007f61e4d&amp;key=2aa3c4d5f3de4f5b9120b660ad850dc9&amp;type=text%2Fhtml&amp;schema=spotify"" width=""456"" height=""352"" scrolling=""no"" title=""Spotify embed"" frameborder=""0"" allow=""autoplay; fullscreen; encrypted-media; picture-in-picture;"" allowfullscreen=""true""&gt;&lt;/iframe&gt;', 'width': 456, 'scrolling': False, 'media_domain_url': 'https://www.redditmedia.com/mediaembed/19fdl2z', 'height': 352}",[REQUEST] Playlists / Songs / Artists / Albums ,False,2,,False,False,,False,,[],{},,,False,public,1706200976.0,text,6,,,text,open.spotify.com,False,,,,,,False,False,False,False,False,,[],[],False,b188c2f4-9a2e-11e9-9464-0e9d067aecce,False,False,False,,[],False,,,,t5_2qofj,False,,,,#94e044,19fdl2z,True,,harshitchaudhari,,1,True,all_ads,False,[],False,,/r/spotify/comments/19fdl2z/recommend_similar_songs_for_my_playlist_indie/,all_ads,False,https://open.spotify.com/playlist/3ln3hOmn9pZYmEC6BJNZvu?si=60d2ec59034747fe,1396770,1706200976.0,0,"{'type': 'open.spotify.com', 'oembed': {'provider_url': 'https://spotify.com', 'description': 'SynthWave · Playlist · 96 songs · 1 likes', 'title': 'SynthWave', 'type': 'rich', 'thumbnail_width': 300, 'height': 352, 'width': 456, 'html': '&lt;iframe class=""embedly-embed"" src=""https://cdn.embedly.com/widgets/media.html?src=https%3A%2F%2Fopen.spotify.com%2Fembed%2Fplaylist%2F3ln3hOmn9pZYmEC6BJNZvu%3Futm_source%3Doembed&amp;display_name=Spotify&amp;url=https%3A%2F%2Fopen.spotify.com%2Fplaylist%2F3ln3hOmn9pZYmEC6BJNZvu&amp;image=https%3A%2F%2Fmosaic.scdn.co%2F300%2Fab67616d00001e02121d5f92cf90576907dfb1e5ab67616d00001e023437e8bbed340ca556c42c04ab67616d00001e02b3591763154a27326b3f431aab67616d00001e02f3aa0e6ca22a382007f61e4d&amp;key=2aa3c4d5f3de4f5b9120b660ad850dc9&amp;type=text%2Fhtml&amp;schema=spotify"" width=""456"" height=""352"" scrolling=""no"" title=""Spotify embed"" frameborder=""0"" allow=""autoplay; fullscreen; encrypted-media; picture-in-picture;"" allowfullscreen=""true""&gt;&lt;/iframe&gt;', 'version': '1.0', 'provider_name': 'Spotify', 'thumbnail_url': 'https://mosaic.scdn.co/300/ab67616d00001e02121d5f92cf90576907dfb1e5ab67616d00001e023437e8bbed340ca556c42c04ab67616d00001e02b3591763154a27326b3f431aab67616d00001e02f3aa0e6ca22a382007f61e4d', 'thumbnail_height': 300}}",False,https://open.spotify.com/playlist/3ln3hOmn9pZYmEC6BJNZvu?si=60d2ec59034747fe,,,
,spotify,,t2_ib5fg19b,False,,0,False,Vault 666 Radio - an Atomic Age playlist for Wasteland Wanderers and Fallout fans,[],r/spotify,False,6,,0,,,True,,t3_19fiejn,False,dark,1.0,,1,0,"{'content': '&lt;iframe class=""embedly-embed"" src=""https://cdn.embedly.com/widgets/media.html?src=https%3A%2F%2Fopen.spotify.com%2Fembed%2Fplaylist%2F2JQh8lR5EcEyTakygzyCLe%3Futm_source%3Doembed&amp;display_name=Spotify&amp;url=https%3A%2F%2Fopen.spotify.com%2Fplaylist%2F2JQh8lR5EcEyTakygzyCLe&amp;image=https%3A%2F%2Fi.scdn.co%2Fimage%2Fab67706c0000da84fe4098fac2cc1e6cb3cc3c72&amp;key=2aa3c4d5f3de4f5b9120b660ad850dc9&amp;type=text%2Fhtml&amp;schema=spotify"" width=""456"" height=""352"" scrolling=""no"" title=""Spotify embed"" frameborder=""0"" allow=""autoplay; fullscreen; encrypted-media; picture-in-picture;"" allowfullscreen=""true""&gt;&lt;/iframe&gt;', 'width': 456, 'scrolling': False, 'height': 352}",,,False,[],"{'type': 'open.spotify.com', 'oembed': {'provider_url': 'https://spotify.com', 'description': '☢️Vault 666 Radio☢️ · Playlist · 89 songs', 'title': '☢️Vault 666 Radio☢️', 'type': 'rich', 'thumbnail_width': 300, 'height': 352, 'width': 456, 'html': '&lt;iframe class=""embedly-embed"" src=""https://cdn.embedly.com/widgets/media.html?src=https%3A%2F%2Fopen.spotify.com%2Fembed%2Fplaylist%2F2JQh8lR5EcEyTakygzyCLe%3Futm_source%3Doembed&amp;display_name=Spotify&amp;url=https%3A%2F%2Fopen.spotify.com%2Fplaylist%2F2JQh8lR5EcEyTakygzyCLe&amp;image=https%3A%2F%2Fi.scdn.co%2Fimage%2Fab67706c0000da84fe4098fac2cc1e6cb3cc3c72&amp;key=2aa3c4d5f3de4f5b9120b660ad850dc9&amp;type=text%2Fhtml&amp;schema=spotify"" width=""456"" height=""352"" scrolling=""no"" title=""Spotify embed"" frameborder=""0"" allow=""autoplay; fullscreen; encrypted-media; picture-in-picture;"" allowfullscreen=""true""&gt;&lt;/iframe&gt;', 'version': '1.0', 'provider_name': 'Spotify', 'thumbnail_url': 'https://i.scdn.co/image/ab67706c0000da84fe4098fac2cc1e6cb3cc3c72', 'thumbnail_height': 300}}",False,False,,"{'content': '&lt;iframe class=""embedly-embed"" src=""https://cdn.embedly.com/widgets/media.html?src=https%3A%2F%2Fopen.spotify.com%2Fembed%2Fplaylist%2F2JQh8lR5EcEyTakygzyCLe%3Futm_source%3Doembed&amp;display_name=Spotify&amp;url=https%3A%2F%2Fopen.spotify.com%2Fplaylist%2F2JQh8lR5EcEyTakygzyCLe&amp;image=https%3A%2F%2Fi.scdn.co%2Fimage%2Fab67706c0000da84fe4098fac2cc1e6cb3cc3c72&amp;key=2aa3c4d5f3de4f5b9120b660ad850dc9&amp;type=text%2Fhtml&amp;schema=spotify"" width=""456"" height=""352"" scrolling=""no"" title=""Spotify embed"" frameborder=""0"" allow=""autoplay; fullscreen; encrypted-media; picture-in-picture;"" allowfullscreen=""true""&gt;&lt;/iframe&gt;', 'width': 456, 'scrolling': False, 'media_domain_url': 'https://www.redditmedia.com/mediaembed/19fiejn', 'height': 352}",Playlist - Throwback/Flashback/Decades,False,1,,False,False,,False,,[],{},,,False,public,1706213076.0,text,6,,,text,open.spotify.com,False,,,,,,False,False,False,False,False,,[],[],False,8f93ff06-9fa5-11ea-8fd9-0e846d182559,False,False,False,,[],False,,,,t5_2qofj,False,,,,#ab672f,19fiejn,True,,VestronVideo,,0,True,all_ads,False,[],False,,/r/spotify/comments/19fiejn/vault_666_radio_an_atomic_age_playlist_for/,all_ads,False,https://open.spotify.com/playlist/2JQh8lR5EcEyTakygzyCLe?si=J8lLDtwLSa6T1ejrcSvwvA,1396770,1706213076.0,0,"{'type': 'open.spotify.com', 'oembed': {'provider_url': 'https://spotify.com', 'description': '☢️Vault 666 Radio☢️ · Playlist · 89 songs', 'title': '☢️Vault 666 Radio☢️', 'type': 'rich', 'thumbnail_width': 300, 'height': 352, 'width': 456, 'html': '&lt;iframe class=""embedly-embed"" src=""https://cdn.embedly.com/widgets/media.html?src=https%3A%2F%2Fopen.spotify.com%2Fembed%2Fplaylist%2F2JQh8lR5EcEyTakygzyCLe%3Futm_source%3Doembed&amp;display_name=Spotify&amp;url=https%3A%2F%2Fopen.spotify.com%2Fplaylist%2F2JQh8lR5EcEyTakygzyCLe&amp;image=https%3A%2F%2Fi.scdn.co%2Fimage%2Fab67706c0000da84fe4098fac2cc1e6cb3cc3c72&amp;key=2aa3c4d5f3de4f5b9120b660ad850dc9&amp;type=text%2Fhtml&amp;schema=spotify"" width=""456"" height=""352"" scrolling=""no"" title=""Spotify embed"" frameborder=""0"" allow=""autoplay; fullscreen; encrypted-media; picture-in-picture;"" allowfullscreen=""true""&gt;&lt;/iframe&gt;', 'version': '1.0', 'provider_name': 'Spotify', 'thumbnail_url': 'https://i.scdn.co/image/ab67706c0000da84fe4098fac2cc1e6cb3cc3c72', 'thumbnail_height': 300}}",False,https://open.spotify.com/playlist/2JQh8lR5EcEyTakygzyCLe?si=J8lLDtwLSa6T1ejrcSvwvA,,,
,spotify,,t2_16xifc,False,,0,False,soft and sweet,[],r/spotify,False,6,,0,,,True,,t3_19fic6q,False,dark,1.0,,1,0,"{'content': '&lt;iframe class=""embedly-embed"" src=""https://cdn.embedly.com/widgets/media.html?src=https%3A%2F%2Fopen.spotify.com%2Fembed%2Fplaylist%2F6MIxXRPFwS7Ncjc6WF8YMt%3Futm_source%3Doembed&amp;display_name=Spotify&amp;url=https%3A%2F%2Fopen.spotify.com%2Fplaylist%2F6MIxXRPFwS7Ncjc6WF8YMt&amp;image=https%3A%2F%2Fi.scdn.co%2Fimage%2Fab67706c0000da84b3d412f7942e6ef4441c0a94&amp;key=2aa3c4d5f3de4f5b9120b660ad850dc9&amp;type=text%2Fhtml&amp;schema=spotify"" width=""456"" height=""352"" scrolling=""no"" title=""Spotify embed"" frameborder=""0"" allow=""autoplay; fullscreen; encrypted-media; picture-in-picture;"" allowfullscreen=""true""&gt;&lt;/iframe&gt;', 'width': 456, 'scrolling': False, 'height': 352}",,,False,[],"{'type': 'open.spotify.com', 'oembed': {'provider_url': 'https://spotify.com', 'description': 'soft and sweet · Playlist · 46 songs · 6 likes', 'title': 'soft and sweet', 'type': 'rich', 'thumbnail_width': 300, 'height': 352, 'width': 456, 'html': '&lt;iframe class=""embedly-embed"" src=""https://cdn.embedly.com/widgets/media.html?src=https%3A%2F%2Fopen.spotify.com%2Fembed%2Fplaylist%2F6MIxXRPFwS7Ncjc6WF8YMt%3Futm_source%3Doembed&amp;display_name=Spotify&amp;url=https%3A%2F%2Fopen.spotify.com%2Fplaylist%2F6MIxXRPFwS7Ncjc6WF8YMt&amp;image=https%3A%2F%2Fi.scdn.co%2Fimage%2Fab67706c0000da84b3d412f7942e6ef4441c0a94&amp;key=2aa3c4d5f3de4f5b9120b660ad850dc9&amp;type=text%2Fhtml&amp;schema=spotify"" width=""456"" height=""352"" scrolling=""no"" title=""Spotify embed"" frameborder=""0"" allow=""autoplay; fullscreen; encrypted-media; picture-in-picture;"" allowfullscreen=""true""&gt;&lt;/iframe&gt;', 'version': '1.0', 'provider_name': 'Spotify', 'thumbnail_url': 'https://i.scdn.co/image/ab67706c0000da84b3d412f7942e6ef4441c0a94', 'thumbnail_height': 300}}",False,False,,"{'content': '&lt;iframe class=""embedly-embed"" src=""https://cdn.embedly.com/widgets/media.html?src=https%3A%2F%2Fopen.spotify.com%2Fembed%2Fplaylist%2F6MIxXRPFwS7Ncjc6WF8YMt%3Futm_source%3Doembed&amp;display_name=Spotify&amp;url=https%3A%2F%2Fopen.spotify.com%2Fplaylist%2F6MIxXRPFwS7Ncjc6WF8YMt&amp;image=https%3A%2F%2Fi.scdn.co%2Fimage%2Fab67706c0000da84b3d412f7942e6ef4441c0a94&amp;key=2aa3c4d5f3de4f5b9120b660ad850dc9&amp;type=text%2Fhtml&amp;schema=spotify"" width=""456"" height=""352"" scrolling=""no"" title=""Spotify embed"" frameborder=""0"" allow=""autoplay; fullscreen; encrypted-media; picture-in-picture;"" allowfullscreen=""true""&gt;&lt;/iframe&gt;', 'width': 456, 'scrolling': False, 'media_domain_url': 'https://www.redditmedia.com/mediaembed/19fic6q', 'height': 352}","Playlist - Mood/Feeling (Chill, Lofi, Uplifting)",False,1,,False,False,,False,,[],{},,,False,public,1706212912.0,text,6,,,text,open.spotify.com,False,,,,,,False,False,False,False,False,,[],[],False,ede46e42-9fa0-11ea-8c94-0e70d5715363,False,False,False,,[],False,,,,t5_2qofj,False,,,,#c300c1,19fic6q,True,,IndiePenguin,,0,True,all_ads,False,[],False,,/r/spotify/comments/19fic6q/soft_and_sweet/,all_ads,False,https://open.spotify.com/playlist/6MIxXRPFwS7Ncjc6WF8YMt?si=WRXNa9-_TRS6LVTRI6rQSg,1396770,1706212912.0,0,"{'type': 'open.spotify.com', 'oembed': {'provider_url': 'https://spotify.com', 'description': 'soft and sweet · Playlist · 46 songs · 6 likes', 'title': 'soft and sweet', 'type': 'rich', 'thumbnail_width': 300, 'height': 352, 'width': 456, 'html': '&lt;iframe class=""embedly-embed"" src=""https://cdn.embedly.com/widgets/media.html?src=https%3A%2F%2Fopen.spotify.com%2Fembed%2Fplaylist%2F6MIxXRPFwS7Ncjc6WF8YMt%3Futm_source%3Doembed&amp;display_name=Spotify&amp;url=https%3A%2F%2Fopen.spotify.com%2Fplaylist%2F6MIxXRPFwS7Ncjc6WF8YMt&amp;image=https%3A%2F%2Fi.scdn.co%2Fimage%2Fab67706c0000da84b3d412f7942e6ef4441c0a94&amp;key=2aa3c4d5f3de4f5b9120b660ad850dc9&amp;type=text%2Fhtml&amp;schema=spotify"" width=""456"" height=""352"" scrolling=""no"" title=""Spotify embed"" frameborder=""0"" allow=""autoplay; fullscreen; encrypted-media; picture-in-picture;"" allowfullscreen=""true""&gt;&lt;/iframe&gt;', 'version': '1.0', 'provider_name': 'Spotify', 'thumbnail_url': 'https://i.scdn.co/image/ab67706c0000da84b3d412f7942e6ef4441c0a94', 'thumbnail_height': 300}}",False,https://open.spotify.com/playlist/6MIxXRPFwS7Ncjc6WF8YMt?si=WRXNa9-_TRS6LVTRI6rQSg,,,
,spotify,"I've been using Spotify for 10+ years and have over 600 playlists. Back in the day you could put on a ""private"" setting for everything on your account with one click. Now (as far as understand) the default setting is public for everything. Which pisses me off. I certainly don't have time to go back through all of my old lists and decide which ones should be private vs. public. So to ensure my privacy, I basically just never share anything from Spotify with anyone.

However, I've had a few occasions lately where I've WANTED to share a playlist, or contribute to group playlists friends/coworkers are making.

**My question:** 

Is it possible for me to create a brand-new account and start from scratch there, while also keeping my old account/playlists intact? And to do this WITHOUT paying more money? (For example, can I just create a new username that's technically on the same ""account""?)

\* I realize one major flaw is that the new account would not use all the algorithms I've built up after 10 years on Spotify. So if anyone has any better ideas of how to approach this....

&amp;#x200B;",t2_16kwh6,False,,0,False,"Starting a second ""public"" account while keeping your OG private",[],r/spotify,False,6,question,0,,,True,,t3_19fibmb,False,light,0.5,,0,0,{},,,False,[],,False,False,,{},Question / Discussion,False,0,,False,False,,False,,[],{},,,True,public,1706212880.0,text,6,,,text,self.spotify,False,"&lt;!-- SC_OFF --&gt;&lt;div class=""md""&gt;&lt;p&gt;I&amp;#39;ve been using Spotify for 10+ years and have over 600 playlists. Back in the day you could put on a &amp;quot;private&amp;quot; setting for everything on your account with one click. Now (as far as understand) the default setting is public for everything. Which pisses me off. I certainly don&amp;#39;t have time to go back through all of my old lists and decide which ones should be private vs. public. So to ensure my privacy, I basically just never share anything from Spotify with anyone.&lt;/p&gt;

&lt;p&gt;However, I&amp;#39;ve had a few occasions lately where I&amp;#39;ve WANTED to share a playlist, or contribute to group playlists friends/coworkers are making.&lt;/p&gt;

&lt;p&gt;&lt;strong&gt;My question:&lt;/strong&gt; &lt;/p&gt;

&lt;p&gt;Is it possible for me to create a brand-new account and start from scratch there, while also keeping my old account/playlists intact? And to do this WITHOUT paying more money? (For example, can I just create a new username that&amp;#39;s technically on the same &amp;quot;account&amp;quot;?)&lt;/p&gt;

&lt;p&gt;* I realize one major flaw is that the new account would not use all the algorithms I&amp;#39;ve built up after 10 years on Spotify. So if anyone has any better ideas of how to approach this....&lt;/p&gt;

&lt;p&gt;&amp;#x200B;&lt;/p&gt;
&lt;/div&gt;&lt;!-- SC_ON --&gt;",,,,,False,False,False,False,False,,[],[],False,58828680-99e4-11e9-9cfc-0e6137c47742,False,False,False,,[],False,,,,t5_2qofj,False,,,,#d3d6da,19fibmb,True,,edible_source,,0,True,all_ads,False,[],False,,/r/spotify/comments/19fibmb/starting_a_second_public_account_while_keeping/,all_ads,False,https://www.reddit.com/r/spotify/comments/19fibmb/starting_a_second_public_account_while_keeping/,1396770,1706212880.0,0,,False,,,,
,spotify,,t2_ttnhxd1p,False,,0,False,Tap shuffle &amp; let the absolute Tech House playlist take over ! No less than... absolute! Latest Tech House bangers...,[],r/spotify,False,6,,0,,,True,,t3_19fi6n0,False,dark,1.0,,1,0,"{'content': '&lt;iframe class=""embedly-embed"" src=""https://cdn.embedly.com/widgets/media.html?src=https%3A%2F%2Fopen.spotify.com%2Fembed%2Fplaylist%2F4YQuhMYdsOvs5VGx9FPXCN%3Futm_source%3Doembed&amp;display_name=Spotify&amp;url=https%3A%2F%2Fopen.spotify.com%2Fplaylist%2F4YQuhMYdsOvs5VGx9FPXCN&amp;image=https%3A%2F%2Fi.scdn.co%2Fimage%2Fab67706c0000da84264284c06640d27b4af77186&amp;key=2aa3c4d5f3de4f5b9120b660ad850dc9&amp;type=text%2Fhtml&amp;schema=spotify"" width=""456"" height=""352"" scrolling=""no"" title=""Spotify embed"" frameborder=""0"" allow=""autoplay; fullscreen; encrypted-media; picture-in-picture;"" allowfullscreen=""true""&gt;&lt;/iframe&gt;', 'width': 456, 'scrolling': False, 'height': 352}",,,False,[],"{'type': 'open.spotify.com', 'oembed': {'provider_url': 'https://spotify.com', 'description': 'Tech House ABSOLUTE · Playlist · 71 songs · 8 likes', 'title': 'Tech House ABSOLUTE', 'type': 'rich', 'thumbnail_width': 300, 'height': 352, 'width': 456, 'html': '&lt;iframe class=""embedly-embed"" src=""https://cdn.embedly.com/widgets/media.html?src=https%3A%2F%2Fopen.spotify.com%2Fembed%2Fplaylist%2F4YQuhMYdsOvs5VGx9FPXCN%3Futm_source%3Doembed&amp;display_name=Spotify&amp;url=https%3A%2F%2Fopen.spotify.com%2Fplaylist%2F4YQuhMYdsOvs5VGx9FPXCN&amp;image=https%3A%2F%2Fi.scdn.co%2Fimage%2Fab67706c0000da84264284c06640d27b4af77186&amp;key=2aa3c4d5f3de4f5b9120b660ad850dc9&amp;type=text%2Fhtml&amp;schema=spotify"" width=""456"" height=""352"" scrolling=""no"" title=""Spotify embed"" frameborder=""0"" allow=""autoplay; fullscreen; encrypted-media; picture-in-picture;"" allowfullscreen=""true""&gt;&lt;/iframe&gt;', 'version': '1.0', 'provider_name': 'Spotify', 'thumbnail_url': 'https://i.scdn.co/image/ab67706c0000da84264284c06640d27b4af77186', 'thumbnail_height': 300}}",False,False,,"{'content': '&lt;iframe class=""embedly-embed"" src=""https://cdn.embedly.com/widgets/media.html?src=https%3A%2F%2Fopen.spotify.com%2Fembed%2Fplaylist%2F4YQuhMYdsOvs5VGx9FPXCN%3Futm_source%3Doembed&amp;display_name=Spotify&amp;url=https%3A%2F%2Fopen.spotify.com%2Fplaylist%2F4YQuhMYdsOvs5VGx9FPXCN&amp;image=https%3A%2F%2Fi.scdn.co%2Fimage%2Fab67706c0000da84264284c06640d27b4af77186&amp;key=2aa3c4d5f3de4f5b9120b660ad850dc9&amp;type=text%2Fhtml&amp;schema=spotify"" width=""456"" height=""352"" scrolling=""no"" title=""Spotify embed"" frameborder=""0"" allow=""autoplay; fullscreen; encrypted-media; picture-in-picture;"" allowfullscreen=""true""&gt;&lt;/iframe&gt;', 'width': 456, 'scrolling': False, 'media_domain_url': 'https://www.redditmedia.com/mediaembed/19fi6n0', 'height': 352}",Playlist - Electronic / EDM / Dance,False,1,,False,False,,False,,[],{},,,False,public,1706212535.0,text,6,,,text,open.spotify.com,False,,,,,,False,False,False,False,False,,[],[],False,0cbd2a8e-9fa1-11ea-8e59-0e59b1c879f3,False,False,False,,[],False,,,,t5_2qofj,False,,,,#7193ff,19fi6n0,True,,CDM_eu,,0,True,all_ads,False,[],False,,/r/spotify/comments/19fi6n0/tap_shuffle_let_the_absolute_tech_house_playlist/,all_ads,False,https://open.spotify.com/playlist/4YQuhMYdsOvs5VGx9FPXCN?si=889b4e1534444a1f,1396770,1706212535.0,0,"{'type': 'open.spotify.com', 'oembed': {'provider_url': 'https://spotify.com', 'description': 'Tech House ABSOLUTE · Playlist · 71 songs · 8 likes', 'title': 'Tech House ABSOLUTE', 'type': 'rich', 'thumbnail_width': 300, 'height': 352, 'width': 456, 'html': '&lt;iframe class=""embedly-embed"" src=""https://cdn.embedly.com/widgets/media.html?src=https%3A%2F%2Fopen.spotify.com%2Fembed%2Fplaylist%2F4YQuhMYdsOvs5VGx9FPXCN%3Futm_source%3Doembed&amp;display_name=Spotify&amp;url=https%3A%2F%2Fopen.spotify.com%2Fplaylist%2F4YQuhMYdsOvs5VGx9FPXCN&amp;image=https%3A%2F%2Fi.scdn.co%2Fimage%2Fab67706c0000da84264284c06640d27b4af77186&amp;key=2aa3c4d5f3de4f5b9120b660ad850dc9&amp;type=text%2Fhtml&amp;schema=spotify"" width=""456"" height=""352"" scrolling=""no"" title=""Spotify embed"" frameborder=""0"" allow=""autoplay; fullscreen; encrypted-media; picture-in-picture;"" allowfullscreen=""true""&gt;&lt;/iframe&gt;', 'version': '1.0', 'provider_name': 'Spotify', 'thumbnail_url': 'https://i.scdn.co/image/ab67706c0000da84264284c06640d27b4af77186', 'thumbnail_height': 300}}",False,https://open.spotify.com/playlist/4YQuhMYdsOvs5VGx9FPXCN?si=889b4e1534444a1f,,,
,spotify,,t2_i0ekx5x6,False,,0,False,Lofi Work,[],r/spotify,False,6,,0,,,True,,t3_19fhpo1,False,dark,1.0,,1,0,"{'content': '&lt;iframe class=""embedly-embed"" src=""https://cdn.embedly.com/widgets/media.html?src=https%3A%2F%2Fopen.spotify.com%2Fembed%2Fplaylist%2F2cwnllr8aT6y79NURkJ17U%3Futm_source%3Doembed&amp;display_name=Spotify&amp;url=https%3A%2F%2Fopen.spotify.com%2Fplaylist%2F2cwnllr8aT6y79NURkJ17U&amp;image=https%3A%2F%2Fi.scdn.co%2Fimage%2Fab67706c0000da84126c8a97ba75b4323b03e2b3&amp;key=2aa3c4d5f3de4f5b9120b660ad850dc9&amp;type=text%2Fhtml&amp;schema=spotify"" width=""456"" height=""352"" scrolling=""no"" title=""Spotify embed"" frameborder=""0"" allow=""autoplay; fullscreen; encrypted-media; picture-in-picture;"" allowfullscreen=""true""&gt;&lt;/iframe&gt;', 'width': 456, 'scrolling': False, 'height': 352}",,,False,[],"{'type': 'open.spotify.com', 'oembed': {'provider_url': 'https://spotify.com', 'description': 'Lofi Work 💻 · Playlist · 250 songs · 792 likes', 'title': 'Lofi Work 💻', 'type': 'rich', 'thumbnail_width': 300, 'height': 352, 'width': 456, 'html': '&lt;iframe class=""embedly-embed"" src=""https://cdn.embedly.com/widgets/media.html?src=https%3A%2F%2Fopen.spotify.com%2Fembed%2Fplaylist%2F2cwnllr8aT6y79NURkJ17U%3Futm_source%3Doembed&amp;display_name=Spotify&amp;url=https%3A%2F%2Fopen.spotify.com%2Fplaylist%2F2cwnllr8aT6y79NURkJ17U&amp;image=https%3A%2F%2Fi.scdn.co%2Fimage%2Fab67706c0000da84126c8a97ba75b4323b03e2b3&amp;key=2aa3c4d5f3de4f5b9120b660ad850dc9&amp;type=text%2Fhtml&amp;schema=spotify"" width=""456"" height=""352"" scrolling=""no"" title=""Spotify embed"" frameborder=""0"" allow=""autoplay; fullscreen; encrypted-media; picture-in-picture;"" allowfullscreen=""true""&gt;&lt;/iframe&gt;', 'version': '1.0', 'provider_name': 'Spotify', 'thumbnail_url': 'https://i.scdn.co/image/ab67706c0000da84126c8a97ba75b4323b03e2b3', 'thumbnail_height': 300}}",False,False,,"{'content': '&lt;iframe class=""embedly-embed"" src=""https://cdn.embedly.com/widgets/media.html?src=https%3A%2F%2Fopen.spotify.com%2Fembed%2Fplaylist%2F2cwnllr8aT6y79NURkJ17U%3Futm_source%3Doembed&amp;display_name=Spotify&amp;url=https%3A%2F%2Fopen.spotify.com%2Fplaylist%2F2cwnllr8aT6y79NURkJ17U&amp;image=https%3A%2F%2Fi.scdn.co%2Fimage%2Fab67706c0000da84126c8a97ba75b4323b03e2b3&amp;key=2aa3c4d5f3de4f5b9120b660ad850dc9&amp;type=text%2Fhtml&amp;schema=spotify"" width=""456"" height=""352"" scrolling=""no"" title=""Spotify embed"" frameborder=""0"" allow=""autoplay; fullscreen; encrypted-media; picture-in-picture;"" allowfullscreen=""true""&gt;&lt;/iframe&gt;', 'width': 456, 'scrolling': False, 'media_domain_url': 'https://www.redditmedia.com/mediaembed/19fhpo1', 'height': 352}","Playlist - Mood/Feeling (Chill, Lofi, Uplifting)",False,1,,False,False,,False,,[],{},,,False,public,1706211327.0,text,6,,,text,open.spotify.com,False,,,,,,False,False,False,False,False,,[],[],False,ede46e42-9fa0-11ea-8c94-0e70d5715363,False,False,False,,[],False,,,,t5_2qofj,False,,,,#c300c1,19fhpo1,True,,MelissaYGold,,0,True,all_ads,False,[],False,,/r/spotify/comments/19fhpo1/lofi_work/,all_ads,False,https://open.spotify.com/playlist/2cwnllr8aT6y79NURkJ17U?si=9cc24f4beb354ca3,1396770,1706211327.0,0,"{'type': 'open.spotify.com', 'oembed': {'provider_url': 'https://spotify.com', 'description': 'Lofi Work 💻 · Playlist · 250 songs · 792 likes', 'title': 'Lofi Work 💻', 'type': 'rich', 'thumbnail_width': 300, 'height': 352, 'width': 456, 'html': '&lt;iframe class=""embedly-embed"" src=""https://cdn.embedly.com/widgets/media.html?src=https%3A%2F%2Fopen.spotify.com%2Fembed%2Fplaylist%2F2cwnllr8aT6y79NURkJ17U%3Futm_source%3Doembed&amp;display_name=Spotify&amp;url=https%3A%2F%2Fopen.spotify.com%2Fplaylist%2F2cwnllr8aT6y79NURkJ17U&amp;image=https%3A%2F%2Fi.scdn.co%2Fimage%2Fab67706c0000da84126c8a97ba75b4323b03e2b3&amp;key=2aa3c4d5f3de4f5b9120b660ad850dc9&amp;type=text%2Fhtml&amp;schema=spotify"" width=""456"" height=""352"" scrolling=""no"" title=""Spotify embed"" frameborder=""0"" allow=""autoplay; fullscreen; encrypted-media; picture-in-picture;"" allowfullscreen=""true""&gt;&lt;/iframe&gt;', 'version': '1.0', 'provider_name': 'Spotify', 'thumbnail_url': 'https://i.scdn.co/image/ab67706c0000da84126c8a97ba75b4323b03e2b3', 'thumbnail_height': 300}}",False,https://open.spotify.com/playlist/2cwnllr8aT6y79NURkJ17U?si=9cc24f4beb354ca3,,,
,spotify,"This is very exciting news! Just heard them cover this in rogans last podcast, Spotify cut a deal with Neil. Returning late April ‘24. This news it about to blow up, get ready!!",t2_8gtft99h,False,,0,False,Neil Young Returning to Spotify,[],r/spotify,False,6,question,0,,,False,,t3_19eyp06,False,light,0.85,,24,0,{},,,False,[],,False,False,,{},Question / Discussion,False,24,,False,False,,False,,[],{},,,True,public,1706150040.0,text,6,,,text,self.spotify,False,"&lt;!-- SC_OFF --&gt;&lt;div class=""md""&gt;&lt;p&gt;This is very exciting news! Just heard them cover this in rogans last podcast, Spotify cut a deal with Neil. Returning late April ‘24. This news it about to blow up, get ready!!&lt;/p&gt;
&lt;/div&gt;&lt;!-- SC_ON --&gt;",,,,,False,False,False,False,False,,[],[],False,58828680-99e4-11e9-9cfc-0e6137c47742,False,False,False,,[],False,,,,t5_2qofj,False,,,,#d3d6da,19eyp06,True,,JerryGarcia_,,14,True,all_ads,False,[],False,,/r/spotify/comments/19eyp06/neil_young_returning_to_spotify/,all_ads,False,https://www.reddit.com/r/spotify/comments/19eyp06/neil_young_returning_to_spotify/,1396770,1706150040.0,0,,False,,,,
,spotify,,t2_l0zpsoz70,False,,0,False,Jazz House 2024,[],r/spotify,False,6,,0,,,True,,t3_19fhm6m,False,dark,1.0,,1,0,"{'content': '&lt;iframe class=""embedly-embed"" src=""https://cdn.embedly.com/widgets/media.html?src=https%3A%2F%2Fopen.spotify.com%2Fembed%2Fplaylist%2F5gjnLdus30aFl7kfSbN3yB%3Futm_source%3Doembed&amp;display_name=Spotify&amp;url=https%3A%2F%2Fopen.spotify.com%2Fplaylist%2F5gjnLdus30aFl7kfSbN3yB&amp;image=https%3A%2F%2Fi.scdn.co%2Fimage%2Fab67706c0000da8445dc9742e091236e87a935df&amp;key=2aa3c4d5f3de4f5b9120b660ad850dc9&amp;type=text%2Fhtml&amp;schema=spotify"" width=""456"" height=""352"" scrolling=""no"" title=""Spotify embed"" frameborder=""0"" allow=""autoplay; fullscreen; encrypted-media; picture-in-picture;"" allowfullscreen=""true""&gt;&lt;/iframe&gt;', 'width': 456, 'scrolling': False, 'height': 352}",,,False,[],"{'type': 'open.spotify.com', 'oembed': {'provider_url': 'https://spotify.com', 'description': 'Jazz House 2024 - Deep Jazzy House - Jazz Vibes · Playlist · 109 songs · 1.6K likes', 'title': 'Jazz House 2024 - Deep Jazzy House - Jazz Vibes', 'type': 'rich', 'thumbnail_width': 300, 'height': 352, 'width': 456, 'html': '&lt;iframe class=""embedly-embed"" src=""https://cdn.embedly.com/widgets/media.html?src=https%3A%2F%2Fopen.spotify.com%2Fembed%2Fplaylist%2F5gjnLdus30aFl7kfSbN3yB%3Futm_source%3Doembed&amp;display_name=Spotify&amp;url=https%3A%2F%2Fopen.spotify.com%2Fplaylist%2F5gjnLdus30aFl7kfSbN3yB&amp;image=https%3A%2F%2Fi.scdn.co%2Fimage%2Fab67706c0000da8445dc9742e091236e87a935df&amp;key=2aa3c4d5f3de4f5b9120b660ad850dc9&amp;type=text%2Fhtml&amp;schema=spotify"" width=""456"" height=""352"" scrolling=""no"" title=""Spotify embed"" frameborder=""0"" allow=""autoplay; fullscreen; encrypted-media; picture-in-picture;"" allowfullscreen=""true""&gt;&lt;/iframe&gt;', 'version': '1.0', 'provider_name': 'Spotify', 'thumbnail_url': 'https://i.scdn.co/image/ab67706c0000da8445dc9742e091236e87a935df', 'thumbnail_height': 300}}",False,False,,"{'content': '&lt;iframe class=""embedly-embed"" src=""https://cdn.embedly.com/widgets/media.html?src=https%3A%2F%2Fopen.spotify.com%2Fembed%2Fplaylist%2F5gjnLdus30aFl7kfSbN3yB%3Futm_source%3Doembed&amp;display_name=Spotify&amp;url=https%3A%2F%2Fopen.spotify.com%2Fplaylist%2F5gjnLdus30aFl7kfSbN3yB&amp;image=https%3A%2F%2Fi.scdn.co%2Fimage%2Fab67706c0000da8445dc9742e091236e87a935df&amp;key=2aa3c4d5f3de4f5b9120b660ad850dc9&amp;type=text%2Fhtml&amp;schema=spotify"" width=""456"" height=""352"" scrolling=""no"" title=""Spotify embed"" frameborder=""0"" allow=""autoplay; fullscreen; encrypted-media; picture-in-picture;"" allowfullscreen=""true""&gt;&lt;/iframe&gt;', 'width': 456, 'scrolling': False, 'media_domain_url': 'https://www.redditmedia.com/mediaembed/19fhm6m', 'height': 352}","Playlist - Theme  (Party, Beach, Study)",False,1,,False,False,,False,,[],{},,,False,public,1706211073.0,text,6,,,text,open.spotify.com,False,,,,,,False,False,False,False,False,,[],[],False,64fa8956-9fa3-11ea-ba10-0e669a062341,False,False,False,,[],False,,,,t5_2qofj,False,,,,#ffd635,19fhm6m,True,,ArianaJasmineMusic,,0,True,all_ads,False,[],False,,/r/spotify/comments/19fhm6m/jazz_house_2024/,all_ads,False,https://open.spotify.com/playlist/5gjnLdus30aFl7kfSbN3yB?si=240ba58636924a06,1396770,1706211073.0,0,"{'type': 'open.spotify.com', 'oembed': {'provider_url': 'https://spotify.com', 'description': 'Jazz House 2024 - Deep Jazzy House - Jazz Vibes · Playlist · 109 songs · 1.6K likes', 'title': 'Jazz House 2024 - Deep Jazzy House - Jazz Vibes', 'type': 'rich', 'thumbnail_width': 300, 'height': 352, 'width': 456, 'html': '&lt;iframe class=""embedly-embed"" src=""https://cdn.embedly.com/widgets/media.html?src=https%3A%2F%2Fopen.spotify.com%2Fembed%2Fplaylist%2F5gjnLdus30aFl7kfSbN3yB%3Futm_source%3Doembed&amp;display_name=Spotify&amp;url=https%3A%2F%2Fopen.spotify.com%2Fplaylist%2F5gjnLdus30aFl7kfSbN3yB&amp;image=https%3A%2F%2Fi.scdn.co%2Fimage%2Fab67706c0000da8445dc9742e091236e87a935df&amp;key=2aa3c4d5f3de4f5b9120b660ad850dc9&amp;type=text%2Fhtml&amp;schema=spotify"" width=""456"" height=""352"" scrolling=""no"" title=""Spotify embed"" frameborder=""0"" allow=""autoplay; fullscreen; encrypted-media; picture-in-picture;"" allowfullscreen=""true""&gt;&lt;/iframe&gt;', 'version': '1.0', 'provider_name': 'Spotify', 'thumbnail_url': 'https://i.scdn.co/image/ab67706c0000da8445dc9742e091236e87a935df', 'thumbnail_height': 300}}",False,https://open.spotify.com/playlist/5gjnLdus30aFl7kfSbN3yB?si=240ba58636924a06,,,
,spotify,"I add the songs from the original edition to my playlists and only add those from the deluxe editions that aren't in the original edition. So, I want to know if the songs from the original edition become unavailable after some time?

Also, what about the original editions of albums that are available on Spotify but can only be found through a search engine query? Why aren't they visible on the page of the artist? Are these album versions not recommended by the algorithm, for instance, in song radios, daily mixes, etc.?

I apologize if this seems silly because I'm new to Spotify and English isn't my first language, but please help!",t2_ejksv61ik,False,,0,False,(Dumb question but please help me out) Is it true that original albums are gradually being phased out in favour of deluxe editions?,[],r/spotify,False,6,question,0,,,True,,t3_19fhial,False,light,1.0,,1,0,{},,,False,[],,False,False,,{},Question / Discussion,False,1,,False,False,,False,,[],{},,,True,public,1706210803.0,text,6,,,text,self.spotify,False,"&lt;!-- SC_OFF --&gt;&lt;div class=""md""&gt;&lt;p&gt;I add the songs from the original edition to my playlists and only add those from the deluxe editions that aren&amp;#39;t in the original edition. So, I want to know if the songs from the original edition become unavailable after some time?&lt;/p&gt;

&lt;p&gt;Also, what about the original editions of albums that are available on Spotify but can only be found through a search engine query? Why aren&amp;#39;t they visible on the page of the artist? Are these album versions not recommended by the algorithm, for instance, in song radios, daily mixes, etc.?&lt;/p&gt;

&lt;p&gt;I apologize if this seems silly because I&amp;#39;m new to Spotify and English isn&amp;#39;t my first language, but please help!&lt;/p&gt;
&lt;/div&gt;&lt;!-- SC_ON --&gt;",,,,,False,False,False,False,False,,[],[],False,58828680-99e4-11e9-9cfc-0e6137c47742,False,False,False,,[],False,,,,t5_2qofj,False,,,,#d3d6da,19fhial,True,,Yo_SlimShady,,0,True,all_ads,False,[],False,,/r/spotify/comments/19fhial/dumb_question_but_please_help_me_out_is_it_true/,all_ads,False,https://www.reddit.com/r/spotify/comments/19fhial/dumb_question_but_please_help_me_out_is_it_true/,1396770,1706210803.0,0,,False,,,,
,spotify,"I had Spotify up on my Dekstop browser (Chrome) from the night before. This morning I left in my car and played Spotify in my car (on the car stereo via BT on my phone), which had switched to car mode. When I got home, returning to my desktop, it had the song that I was listening to in the car when I turned it off, which is expected, but it was a full-screen image of the band with song controls at the bottom of the screen.  I've silently wished for this feature for years and only after poking around the UI did I find how to trigger it.   


Sharing this here for anyone else, like me, who was late to the game figuring this out. My only consolation for the feeling like a dolt would be to discover it's a brand-new feature, lol.  


&amp;#x200B;

https://preview.redd.it/n097jizsslec1.png?width=327&amp;format=png&amp;auto=webp&amp;s=fc936da844561ba0852ed52ac4bc91479f497ae7",t2_65p1i,False,,0,False,Fullscreen on the desktop -- Late to the game,[],r/spotify,False,6,question,0,,,False,"{'n097jizsslec1': {'status': 'valid', 'e': 'Image', 'm': 'image/png', 'p': [{'y': 14, 'x': 108, 'u': 'https://preview.redd.it/n097jizsslec1.png?width=108&amp;crop=smart&amp;auto=webp&amp;s=140ce97c958982a57038b1ef27f2f3471876fa3f'}, {'y': 28, 'x': 216, 'u': 'https://preview.redd.it/n097jizsslec1.png?width=216&amp;crop=smart&amp;auto=webp&amp;s=21f3e8f77c1691084e69ecbc2a37664d73e76873'}, {'y': 42, 'x': 320, 'u': 'https://preview.redd.it/n097jizsslec1.png?width=320&amp;crop=smart&amp;auto=webp&amp;s=ef393709f888050a5b29d19bb8fb6ae3000c676e'}], 's': {'y': 43, 'x': 327, 'u': 'https://preview.redd.it/n097jizsslec1.png?width=327&amp;format=png&amp;auto=webp&amp;s=fc936da844561ba0852ed52ac4bc91479f497ae7'}, 'id': 'n097jizsslec1'}}",t3_19fbtqj,False,light,1.0,,2,0,{},,,False,[],,False,False,,{},Question / Discussion,False,2,,False,False,,False,,[],{},,,True,public,1706196303.0,text,6,,,text,self.spotify,False,"&lt;!-- SC_OFF --&gt;&lt;div class=""md""&gt;&lt;p&gt;I had Spotify up on my Dekstop browser (Chrome) from the night before. This morning I left in my car and played Spotify in my car (on the car stereo via BT on my phone), which had switched to car mode. When I got home, returning to my desktop, it had the song that I was listening to in the car when I turned it off, which is expected, but it was a full-screen image of the band with song controls at the bottom of the screen.  I&amp;#39;ve silently wished for this feature for years and only after poking around the UI did I find how to trigger it.   &lt;/p&gt;

&lt;p&gt;Sharing this here for anyone else, like me, who was late to the game figuring this out. My only consolation for the feeling like a dolt would be to discover it&amp;#39;s a brand-new feature, lol.  &lt;/p&gt;

&lt;p&gt;&amp;#x200B;&lt;/p&gt;

&lt;p&gt;&lt;a href=""https://preview.redd.it/n097jizsslec1.png?width=327&amp;amp;format=png&amp;amp;auto=webp&amp;amp;s=fc936da844561ba0852ed52ac4bc91479f497ae7""&gt;https://preview.redd.it/n097jizsslec1.png?width=327&amp;amp;format=png&amp;amp;auto=webp&amp;amp;s=fc936da844561ba0852ed52ac4bc91479f497ae7&lt;/a&gt;&lt;/p&gt;
&lt;/div&gt;&lt;!-- SC_ON --&gt;",,,,,False,False,False,False,False,,[],[],False,58828680-99e4-11e9-9cfc-0e6137c47742,False,False,False,,[],False,,,,t5_2qofj,False,,,,#d3d6da,19fbtqj,True,,qwickset2,,0,True,all_ads,False,[],False,,/r/spotify/comments/19fbtqj/fullscreen_on_the_desktop_late_to_the_game/,all_ads,False,https://www.reddit.com/r/spotify/comments/19fbtqj/fullscreen_on_the_desktop_late_to_the_game/,1396770,1706196303.0,0,,False,,,,
,spotify,,t2_481m0do3,False,,0,False,Maximum Grind - Villainous Tunes To Help You Get There,[],r/spotify,False,6,,0,,,True,,t3_19fgry1,False,dark,1.0,,1,0,"{'content': '&lt;iframe class=""embedly-embed"" src=""https://cdn.embedly.com/widgets/media.html?src=https%3A%2F%2Fopen.spotify.com%2Fembed%2Fplaylist%2F3Lb3XK2sxBysxHpamUtIUt%3Futm_source%3Doembed&amp;display_name=Spotify&amp;url=https%3A%2F%2Fopen.spotify.com%2Fplaylist%2F3Lb3XK2sxBysxHpamUtIUt&amp;image=https%3A%2F%2Fi.scdn.co%2Fimage%2Fab67706c0000da8447c40c20fc8b81625f5c5ef0&amp;key=2aa3c4d5f3de4f5b9120b660ad850dc9&amp;type=text%2Fhtml&amp;schema=spotify"" width=""456"" height=""352"" scrolling=""no"" title=""Spotify embed"" frameborder=""0"" allow=""autoplay; fullscreen; encrypted-media; picture-in-picture;"" allowfullscreen=""true""&gt;&lt;/iframe&gt;', 'width': 456, 'scrolling': False, 'height': 352}",,,False,[],"{'type': 'open.spotify.com', 'oembed': {'provider_url': 'https://spotify.com', 'description': 'Maximum Grind · Playlist · 62 songs', 'title': 'Maximum Grind', 'type': 'rich', 'thumbnail_width': 300, 'height': 352, 'width': 456, 'html': '&lt;iframe class=""embedly-embed"" src=""https://cdn.embedly.com/widgets/media.html?src=https%3A%2F%2Fopen.spotify.com%2Fembed%2Fplaylist%2F3Lb3XK2sxBysxHpamUtIUt%3Futm_source%3Doembed&amp;display_name=Spotify&amp;url=https%3A%2F%2Fopen.spotify.com%2Fplaylist%2F3Lb3XK2sxBysxHpamUtIUt&amp;image=https%3A%2F%2Fi.scdn.co%2Fimage%2Fab67706c0000da8447c40c20fc8b81625f5c5ef0&amp;key=2aa3c4d5f3de4f5b9120b660ad850dc9&amp;type=text%2Fhtml&amp;schema=spotify"" width=""456"" height=""352"" scrolling=""no"" title=""Spotify embed"" frameborder=""0"" allow=""autoplay; fullscreen; encrypted-media; picture-in-picture;"" allowfullscreen=""true""&gt;&lt;/iframe&gt;', 'version': '1.0', 'provider_name': 'Spotify', 'thumbnail_url': 'https://i.scdn.co/image/ab67706c0000da8447c40c20fc8b81625f5c5ef0', 'thumbnail_height': 300}}",False,False,,"{'content': '&lt;iframe class=""embedly-embed"" src=""https://cdn.embedly.com/widgets/media.html?src=https%3A%2F%2Fopen.spotify.com%2Fembed%2Fplaylist%2F3Lb3XK2sxBysxHpamUtIUt%3Futm_source%3Doembed&amp;display_name=Spotify&amp;url=https%3A%2F%2Fopen.spotify.com%2Fplaylist%2F3Lb3XK2sxBysxHpamUtIUt&amp;image=https%3A%2F%2Fi.scdn.co%2Fimage%2Fab67706c0000da8447c40c20fc8b81625f5c5ef0&amp;key=2aa3c4d5f3de4f5b9120b660ad850dc9&amp;type=text%2Fhtml&amp;schema=spotify"" width=""456"" height=""352"" scrolling=""no"" title=""Spotify embed"" frameborder=""0"" allow=""autoplay; fullscreen; encrypted-media; picture-in-picture;"" allowfullscreen=""true""&gt;&lt;/iframe&gt;', 'width': 456, 'scrolling': False, 'media_domain_url': 'https://www.redditmedia.com/mediaembed/19fgry1', 'height': 352}",Playlist - Rap / Hip Hop,False,1,,False,False,,False,,[],{},,,False,public,1706208974.0,text,6,,,text,open.spotify.com,False,,,,,,False,False,False,False,False,,[],[],False,dbc1d8d0-9fa0-11ea-982a-0e836220e083,False,False,False,,[],False,,,,t5_2qofj,False,,,,#e82638,19fgry1,True,,When_You_Sleep_510,,0,False,all_ads,False,[],False,,/r/spotify/comments/19fgry1/maximum_grind_villainous_tunes_to_help_you_get/,all_ads,False,https://open.spotify.com/playlist/3Lb3XK2sxBysxHpamUtIUt?si=c8d9e32f4e0040d0,1396770,1706208974.0,0,"{'type': 'open.spotify.com', 'oembed': {'provider_url': 'https://spotify.com', 'description': 'Maximum Grind · Playlist · 62 songs', 'title': 'Maximum Grind', 'type': 'rich', 'thumbnail_width': 300, 'height': 352, 'width': 456, 'html': '&lt;iframe class=""embedly-embed"" src=""https://cdn.embedly.com/widgets/media.html?src=https%3A%2F%2Fopen.spotify.com%2Fembed%2Fplaylist%2F3Lb3XK2sxBysxHpamUtIUt%3Futm_source%3Doembed&amp;display_name=Spotify&amp;url=https%3A%2F%2Fopen.spotify.com%2Fplaylist%2F3Lb3XK2sxBysxHpamUtIUt&amp;image=https%3A%2F%2Fi.scdn.co%2Fimage%2Fab67706c0000da8447c40c20fc8b81625f5c5ef0&amp;key=2aa3c4d5f3de4f5b9120b660ad850dc9&amp;type=text%2Fhtml&amp;schema=spotify"" width=""456"" height=""352"" scrolling=""no"" title=""Spotify embed"" frameborder=""0"" allow=""autoplay; fullscreen; encrypted-media; picture-in-picture;"" allowfullscreen=""true""&gt;&lt;/iframe&gt;', 'version': '1.0', 'provider_name': 'Spotify', 'thumbnail_url': 'https://i.scdn.co/image/ab67706c0000da8447c40c20fc8b81625f5c5ef0', 'thumbnail_height': 300}}",False,https://open.spotify.com/playlist/3Lb3XK2sxBysxHpamUtIUt?si=c8d9e32f4e0040d0,,,
,spotify,,t2_7sh2bkabv,False,,0,False,put this massive worldbeat playlist on shuffle and vibe out - Afrobeat / Cumbia / Arab Disco - anything funky and groovy from around the world,[],r/spotify,False,6,suggestion,0,,,True,,t3_19fg45z,False,dark,1.0,,1,0,"{'content': '&lt;iframe class=""embedly-embed"" src=""https://cdn.embedly.com/widgets/media.html?src=https%3A%2F%2Fopen.spotify.com%2Fembed%2Fplaylist%2F7Cpq70fGaQU56uZGOi6aZ6%3Futm_source%3Doembed&amp;display_name=Spotify&amp;url=https%3A%2F%2Fopen.spotify.com%2Fplaylist%2F7Cpq70fGaQU56uZGOi6aZ6&amp;image=https%3A%2F%2Fi.scdn.co%2Fimage%2Fab67706c0000da8437dee712c4ddc2029c956b48&amp;key=2aa3c4d5f3de4f5b9120b660ad850dc9&amp;type=text%2Fhtml&amp;schema=spotify"" width=""456"" height=""352"" scrolling=""no"" title=""Spotify embed"" frameborder=""0"" allow=""autoplay; fullscreen; encrypted-media; picture-in-picture;"" allowfullscreen=""true""&gt;&lt;/iframe&gt;', 'width': 456, 'scrolling': False, 'height': 352}",,,False,[],"{'type': 'open.spotify.com', 'oembed': {'provider_url': 'https://spotify.com', 'description': 'FRENCH 75 · Playlist · 3655 songs · 48 likes', 'title': 'FRENCH 75', 'type': 'rich', 'thumbnail_width': 300, 'height': 352, 'width': 456, 'html': '&lt;iframe class=""embedly-embed"" src=""https://cdn.embedly.com/widgets/media.html?src=https%3A%2F%2Fopen.spotify.com%2Fembed%2Fplaylist%2F7Cpq70fGaQU56uZGOi6aZ6%3Futm_source%3Doembed&amp;display_name=Spotify&amp;url=https%3A%2F%2Fopen.spotify.com%2Fplaylist%2F7Cpq70fGaQU56uZGOi6aZ6&amp;image=https%3A%2F%2Fi.scdn.co%2Fimage%2Fab67706c0000da8437dee712c4ddc2029c956b48&amp;key=2aa3c4d5f3de4f5b9120b660ad850dc9&amp;type=text%2Fhtml&amp;schema=spotify"" width=""456"" height=""352"" scrolling=""no"" title=""Spotify embed"" frameborder=""0"" allow=""autoplay; fullscreen; encrypted-media; picture-in-picture;"" allowfullscreen=""true""&gt;&lt;/iframe&gt;', 'version': '1.0', 'provider_name': 'Spotify', 'thumbnail_url': 'https://i.scdn.co/image/ab67706c0000da8437dee712c4ddc2029c956b48', 'thumbnail_height': 300}}",False,False,,"{'content': '&lt;iframe class=""embedly-embed"" src=""https://cdn.embedly.com/widgets/media.html?src=https%3A%2F%2Fopen.spotify.com%2Fembed%2Fplaylist%2F7Cpq70fGaQU56uZGOi6aZ6%3Futm_source%3Doembed&amp;display_name=Spotify&amp;url=https%3A%2F%2Fopen.spotify.com%2Fplaylist%2F7Cpq70fGaQU56uZGOi6aZ6&amp;image=https%3A%2F%2Fi.scdn.co%2Fimage%2Fab67706c0000da8437dee712c4ddc2029c956b48&amp;key=2aa3c4d5f3de4f5b9120b660ad850dc9&amp;type=text%2Fhtml&amp;schema=spotify"" width=""456"" height=""352"" scrolling=""no"" title=""Spotify embed"" frameborder=""0"" allow=""autoplay; fullscreen; encrypted-media; picture-in-picture;"" allowfullscreen=""true""&gt;&lt;/iframe&gt;', 'width': 456, 'scrolling': False, 'media_domain_url': 'https://www.redditmedia.com/mediaembed/19fg45z', 'height': 352}","Playlist - World (Latin, Cultural)",False,1,,False,False,,False,,[],{},,,False,public,1706207267.0,text,6,,,text,open.spotify.com,False,,,,,,False,False,False,False,False,,[],[],False,37f50e72-99e6-11e9-a66d-0ed6813ef9d4,False,False,False,,[],False,,,,t5_2qofj,False,,,,#ff4500,19fg45z,True,,full_variant,,0,True,all_ads,False,[],False,,/r/spotify/comments/19fg45z/put_this_massive_worldbeat_playlist_on_shuffle/,all_ads,False,https://open.spotify.com/playlist/7Cpq70fGaQU56uZGOi6aZ6?si=eef8c64e3a5c496c,1396770,1706207267.0,0,"{'type': 'open.spotify.com', 'oembed': {'provider_url': 'https://spotify.com', 'description': 'FRENCH 75 · Playlist · 3655 songs · 48 likes', 'title': 'FRENCH 75', 'type': 'rich', 'thumbnail_width': 300, 'height': 352, 'width': 456, 'html': '&lt;iframe class=""embedly-embed"" src=""https://cdn.embedly.com/widgets/media.html?src=https%3A%2F%2Fopen.spotify.com%2Fembed%2Fplaylist%2F7Cpq70fGaQU56uZGOi6aZ6%3Futm_source%3Doembed&amp;display_name=Spotify&amp;url=https%3A%2F%2Fopen.spotify.com%2Fplaylist%2F7Cpq70fGaQU56uZGOi6aZ6&amp;image=https%3A%2F%2Fi.scdn.co%2Fimage%2Fab67706c0000da8437dee712c4ddc2029c956b48&amp;key=2aa3c4d5f3de4f5b9120b660ad850dc9&amp;type=text%2Fhtml&amp;schema=spotify"" width=""456"" height=""352"" scrolling=""no"" title=""Spotify embed"" frameborder=""0"" allow=""autoplay; fullscreen; encrypted-media; picture-in-picture;"" allowfullscreen=""true""&gt;&lt;/iframe&gt;', 'version': '1.0', 'provider_name': 'Spotify', 'thumbnail_url': 'https://i.scdn.co/image/ab67706c0000da8437dee712c4ddc2029c956b48', 'thumbnail_height': 300}}",False,https://open.spotify.com/playlist/7Cpq70fGaQU56uZGOi6aZ6?si=eef8c64e3a5c496c,,,
,spotify,,t2_dcyk1ilk,False,,0,False,How to see friends acivity (current playing song) on mobile or web version? TIA,[],r/spotify,False,6,question,0,,,False,,t3_19faufs,False,light,1.0,,2,0,{},,,False,[],,False,False,,{},Question / Discussion,False,2,,False,False,,False,,[],{},,,True,public,1706193637.0,text,6,,,text,self.spotify,False,,,,,,False,False,False,False,False,,[],[],False,58828680-99e4-11e9-9cfc-0e6137c47742,False,False,False,,[],False,,,,t5_2qofj,False,,,,#d3d6da,19faufs,True,,Embarrassed-Bend3014,,0,True,all_ads,False,[],False,,/r/spotify/comments/19faufs/how_to_see_friends_acivity_current_playing_song/,all_ads,False,https://www.reddit.com/r/spotify/comments/19faufs/how_to_see_friends_acivity_current_playing_song/,1396770,1706193637.0,0,,False,,,,
,spotify,,t2_7sh2bkabv,False,,0,False,down n dirty garage rock / noise rock / punk,[],r/spotify,False,6,,0,,,True,,t3_19fg2t5,False,dark,1.0,,1,0,"{'content': '&lt;iframe class=""embedly-embed"" src=""https://cdn.embedly.com/widgets/media.html?src=https%3A%2F%2Fopen.spotify.com%2Fembed%2Fplaylist%2F5eOE01vMqZh61eBe1ieBXu%3Futm_source%3Doembed&amp;display_name=Spotify&amp;url=https%3A%2F%2Fopen.spotify.com%2Fplaylist%2F5eOE01vMqZh61eBe1ieBXu&amp;image=https%3A%2F%2Fi.scdn.co%2Fimage%2Fab67706c0000da8441b124ec7aaeb97d58dbf288&amp;key=2aa3c4d5f3de4f5b9120b660ad850dc9&amp;type=text%2Fhtml&amp;schema=spotify"" width=""456"" height=""352"" scrolling=""no"" title=""Spotify embed"" frameborder=""0"" allow=""autoplay; fullscreen; encrypted-media; picture-in-picture;"" allowfullscreen=""true""&gt;&lt;/iframe&gt;', 'width': 456, 'scrolling': False, 'height': 352}",,,False,[],"{'type': 'open.spotify.com', 'oembed': {'provider_url': 'https://spotify.com', 'description': 'Dead Cowboys · Playlist · 178 songs · 49 likes', 'title': 'Dead Cowboys', 'type': 'rich', 'thumbnail_width': 300, 'height': 352, 'width': 456, 'html': '&lt;iframe class=""embedly-embed"" src=""https://cdn.embedly.com/widgets/media.html?src=https%3A%2F%2Fopen.spotify.com%2Fembed%2Fplaylist%2F5eOE01vMqZh61eBe1ieBXu%3Futm_source%3Doembed&amp;display_name=Spotify&amp;url=https%3A%2F%2Fopen.spotify.com%2Fplaylist%2F5eOE01vMqZh61eBe1ieBXu&amp;image=https%3A%2F%2Fi.scdn.co%2Fimage%2Fab67706c0000da8441b124ec7aaeb97d58dbf288&amp;key=2aa3c4d5f3de4f5b9120b660ad850dc9&amp;type=text%2Fhtml&amp;schema=spotify"" width=""456"" height=""352"" scrolling=""no"" title=""Spotify embed"" frameborder=""0"" allow=""autoplay; fullscreen; encrypted-media; picture-in-picture;"" allowfullscreen=""true""&gt;&lt;/iframe&gt;', 'version': '1.0', 'provider_name': 'Spotify', 'thumbnail_url': 'https://i.scdn.co/image/ab67706c0000da8441b124ec7aaeb97d58dbf288', 'thumbnail_height': 300}}",False,False,,"{'content': '&lt;iframe class=""embedly-embed"" src=""https://cdn.embedly.com/widgets/media.html?src=https%3A%2F%2Fopen.spotify.com%2Fembed%2Fplaylist%2F5eOE01vMqZh61eBe1ieBXu%3Futm_source%3Doembed&amp;display_name=Spotify&amp;url=https%3A%2F%2Fopen.spotify.com%2Fplaylist%2F5eOE01vMqZh61eBe1ieBXu&amp;image=https%3A%2F%2Fi.scdn.co%2Fimage%2Fab67706c0000da8441b124ec7aaeb97d58dbf288&amp;key=2aa3c4d5f3de4f5b9120b660ad850dc9&amp;type=text%2Fhtml&amp;schema=spotify"" width=""456"" height=""352"" scrolling=""no"" title=""Spotify embed"" frameborder=""0"" allow=""autoplay; fullscreen; encrypted-media; picture-in-picture;"" allowfullscreen=""true""&gt;&lt;/iframe&gt;', 'width': 456, 'scrolling': False, 'media_domain_url': 'https://www.redditmedia.com/mediaembed/19fg2t5', 'height': 352}",Playlist - Rock/Metal/Indie/Alt,False,1,,False,False,,False,,[],{},,,False,public,1706207175.0,text,6,,,text,open.spotify.com,False,,,,,,False,True,False,False,False,,[],[],False,d0dbfc3e-9fa0-11ea-9b6c-0e248f77e35b,False,False,False,,[],False,,,,t5_2qofj,False,,,,#fb8f1b,19fg2t5,True,,full_variant,,0,True,all_ads,False,[],False,,/r/spotify/comments/19fg2t5/down_n_dirty_garage_rock_noise_rock_punk/,all_ads,False,https://open.spotify.com/playlist/5eOE01vMqZh61eBe1ieBXu?si=85ac322c37ff4461,1396770,1706207175.0,0,"{'type': 'open.spotify.com', 'oembed': {'provider_url': 'https://spotify.com', 'description': 'Dead Cowboys · Playlist · 178 songs · 49 likes', 'title': 'Dead Cowboys', 'type': 'rich', 'thumbnail_width': 300, 'height': 352, 'width': 456, 'html': '&lt;iframe class=""embedly-embed"" src=""https://cdn.embedly.com/widgets/media.html?src=https%3A%2F%2Fopen.spotify.com%2Fembed%2Fplaylist%2F5eOE01vMqZh61eBe1ieBXu%3Futm_source%3Doembed&amp;display_name=Spotify&amp;url=https%3A%2F%2Fopen.spotify.com%2Fplaylist%2F5eOE01vMqZh61eBe1ieBXu&amp;image=https%3A%2F%2Fi.scdn.co%2Fimage%2Fab67706c0000da8441b124ec7aaeb97d58dbf288&amp;key=2aa3c4d5f3de4f5b9120b660ad850dc9&amp;type=text%2Fhtml&amp;schema=spotify"" width=""456"" height=""352"" scrolling=""no"" title=""Spotify embed"" frameborder=""0"" allow=""autoplay; fullscreen; encrypted-media; picture-in-picture;"" allowfullscreen=""true""&gt;&lt;/iframe&gt;', 'version': '1.0', 'provider_name': 'Spotify', 'thumbnail_url': 'https://i.scdn.co/image/ab67706c0000da8441b124ec7aaeb97d58dbf288', 'thumbnail_height': 300}}",False,https://open.spotify.com/playlist/5eOE01vMqZh61eBe1ieBXu?si=85ac322c37ff4461,,,
,spotify,"just what the title says! i have been trying to put together a playlist of feel-good songs, or songs that make me happy but my mind goes blank every time i try to think of any! what are some songs that always will put you in a good mood or make you happy whenever you listen to them? some that I have thought of so far are [Back on 74 by Jungle](https://open.spotify.com/track/19kHhX6f6EfLU7rcO3RqjO?si=0db9779ee5ba4e9b) and [B](https://open.spotify.com/track/6ztstiyZL6FXzh4aG46ZPD?si=c27c6ba166e44016)[oogie Wonderland by Earth Wind and Fire](https://open.spotify.com/track/6ztstiyZL6FXzh4aG46ZPD?si=c27c6ba166e44016).  Sometimes the subreddit will block comments if they have links in them and it takes a while for them to be approved so if I don't respond right away that's why! thank you in advance :\^)",t2_v87x1ipm,False,,0,False,songs that make you happy or put you in a good mood?,[],r/spotify,False,6,favors,0,,,True,,t3_19ffrcs,False,dark,1.0,,1,0,{},,,False,[],,False,False,,{},[REQUEST] Playlists / Songs / Artists / Albums ,False,1,,False,False,,False,,[],{},,,True,public,1706206349.0,text,6,,,text,self.spotify,False,"&lt;!-- SC_OFF --&gt;&lt;div class=""md""&gt;&lt;p&gt;just what the title says! i have been trying to put together a playlist of feel-good songs, or songs that make me happy but my mind goes blank every time i try to think of any! what are some songs that always will put you in a good mood or make you happy whenever you listen to them? some that I have thought of so far are &lt;a href=""https://open.spotify.com/track/19kHhX6f6EfLU7rcO3RqjO?si=0db9779ee5ba4e9b""&gt;Back on 74 by Jungle&lt;/a&gt; and &lt;a href=""https://open.spotify.com/track/6ztstiyZL6FXzh4aG46ZPD?si=c27c6ba166e44016""&gt;B&lt;/a&gt;&lt;a href=""https://open.spotify.com/track/6ztstiyZL6FXzh4aG46ZPD?si=c27c6ba166e44016""&gt;oogie Wonderland by Earth Wind and Fire&lt;/a&gt;.  Sometimes the subreddit will block comments if they have links in them and it takes a while for them to be approved so if I don&amp;#39;t respond right away that&amp;#39;s why! thank you in advance :^)&lt;/p&gt;
&lt;/div&gt;&lt;!-- SC_ON --&gt;",,,,,False,True,False,False,False,,[],[],False,b188c2f4-9a2e-11e9-9464-0e9d067aecce,False,False,False,,[],False,,,,t5_2qofj,False,,,,#94e044,19ffrcs,True,,saccheje,,3,True,all_ads,False,[],False,,/r/spotify/comments/19ffrcs/songs_that_make_you_happy_or_put_you_in_a_good/,all_ads,False,https://www.reddit.com/r/spotify/comments/19ffrcs/songs_that_make_you_happy_or_put_you_in_a_good/,1396770,1706206349.0,0,,False,,,,
,spotify,,t2_jphd1bui,False,,0,False,Alternative/Indie - Playlist,[],r/spotify,False,6,,0,,,False,,t3_19fe76a,False,dark,1.0,,1,0,"{'content': '&lt;iframe class=""embedly-embed"" src=""https://cdn.embedly.com/widgets/media.html?src=https%3A%2F%2Fopen.spotify.com%2Fembed%2Fplaylist%2F2Ya22BeE2J8wEP9qclzV9p%3Futm_source%3Doembed&amp;display_name=Spotify&amp;url=http%3A%2F%2Fopen.spotify.com%2Fplaylist%2F2Ya22BeE2J8wEP9qclzV9p&amp;image=https%3A%2F%2Fi.scdn.co%2Fimage%2Fab67706c0000da8423ad66303f87fd787b10b2b7&amp;key=2aa3c4d5f3de4f5b9120b660ad850dc9&amp;type=text%2Fhtml&amp;schema=spotify"" width=""456"" height=""352"" scrolling=""no"" title=""Spotify embed"" frameborder=""0"" allow=""autoplay; fullscreen; encrypted-media; picture-in-picture;"" allowfullscreen=""true""&gt;&lt;/iframe&gt;', 'width': 456, 'scrolling': False, 'height': 352}",,,False,[],"{'type': 'open.spotify.com', 'oembed': {'provider_url': 'https://spotify.com', 'version': '1.0', 'title': 'take me with you through every universe', 'thumbnail_width': 300, 'height': 352, 'width': 456, 'html': '&lt;iframe class=""embedly-embed"" src=""https://cdn.embedly.com/widgets/media.html?src=https%3A%2F%2Fopen.spotify.com%2Fembed%2Fplaylist%2F2Ya22BeE2J8wEP9qclzV9p%3Futm_source%3Doembed&amp;display_name=Spotify&amp;url=http%3A%2F%2Fopen.spotify.com%2Fplaylist%2F2Ya22BeE2J8wEP9qclzV9p&amp;image=https%3A%2F%2Fi.scdn.co%2Fimage%2Fab67706c0000da8423ad66303f87fd787b10b2b7&amp;key=2aa3c4d5f3de4f5b9120b660ad850dc9&amp;type=text%2Fhtml&amp;schema=spotify"" width=""456"" height=""352"" scrolling=""no"" title=""Spotify embed"" frameborder=""0"" allow=""autoplay; fullscreen; encrypted-media; picture-in-picture;"" allowfullscreen=""true""&gt;&lt;/iframe&gt;', 'provider_name': 'Spotify', 'thumbnail_url': 'https://i.scdn.co/image/ab67706c0000da8423ad66303f87fd787b10b2b7', 'type': 'rich', 'thumbnail_height': 300}}",False,False,,"{'content': '&lt;iframe class=""embedly-embed"" src=""https://cdn.embedly.com/widgets/media.html?src=https%3A%2F%2Fopen.spotify.com%2Fembed%2Fplaylist%2F2Ya22BeE2J8wEP9qclzV9p%3Futm_source%3Doembed&amp;display_name=Spotify&amp;url=http%3A%2F%2Fopen.spotify.com%2Fplaylist%2F2Ya22BeE2J8wEP9qclzV9p&amp;image=https%3A%2F%2Fi.scdn.co%2Fimage%2Fab67706c0000da8423ad66303f87fd787b10b2b7&amp;key=2aa3c4d5f3de4f5b9120b660ad850dc9&amp;type=text%2Fhtml&amp;schema=spotify"" width=""456"" height=""352"" scrolling=""no"" title=""Spotify embed"" frameborder=""0"" allow=""autoplay; fullscreen; encrypted-media; picture-in-picture;"" allowfullscreen=""true""&gt;&lt;/iframe&gt;', 'width': 456, 'scrolling': False, 'media_domain_url': 'https://www.redditmedia.com/mediaembed/19fe76a', 'height': 352}",Playlist - Rock/Metal/Indie/Alt,False,1,,False,False,,False,,[],{},,,False,public,1706202507.0,text,6,,,text,open.spotify.com,False,,,,,,False,True,False,False,False,,[],[],False,d0dbfc3e-9fa0-11ea-9b6c-0e248f77e35b,False,False,False,,[],False,,,,t5_2qofj,False,,,,#fb8f1b,19fe76a,True,,gaurrieie,,0,True,all_ads,False,[],False,,/r/spotify/comments/19fe76a/alternativeindie_playlist/,all_ads,False,https://open.spotify.com/playlist/2Ya22BeE2J8wEP9qclzV9p?si=Mb6N3ZZoRQiah1pslhmOeg,1396770,1706202507.0,0,"{'type': 'open.spotify.com', 'oembed': {'provider_url': 'https://spotify.com', 'version': '1.0', 'title': 'take me with you through every universe', 'thumbnail_width': 300, 'height': 352, 'width': 456, 'html': '&lt;iframe class=""embedly-embed"" src=""https://cdn.embedly.com/widgets/media.html?src=https%3A%2F%2Fopen.spotify.com%2Fembed%2Fplaylist%2F2Ya22BeE2J8wEP9qclzV9p%3Futm_source%3Doembed&amp;display_name=Spotify&amp;url=http%3A%2F%2Fopen.spotify.com%2Fplaylist%2F2Ya22BeE2J8wEP9qclzV9p&amp;image=https%3A%2F%2Fi.scdn.co%2Fimage%2Fab67706c0000da8423ad66303f87fd787b10b2b7&amp;key=2aa3c4d5f3de4f5b9120b660ad850dc9&amp;type=text%2Fhtml&amp;schema=spotify"" width=""456"" height=""352"" scrolling=""no"" title=""Spotify embed"" frameborder=""0"" allow=""autoplay; fullscreen; encrypted-media; picture-in-picture;"" allowfullscreen=""true""&gt;&lt;/iframe&gt;', 'provider_name': 'Spotify', 'thumbnail_url': 'https://i.scdn.co/image/ab67706c0000da8423ad66303f87fd787b10b2b7', 'type': 'rich', 'thumbnail_height': 300}}",False,https://open.spotify.com/playlist/2Ya22BeE2J8wEP9qclzV9p?si=Mb6N3ZZoRQiah1pslhmOeg,,,
,spotify,,t2_s2e1e39x,False,,0,False,Melodic Metalcore,[],r/spotify,False,6,,0,,,False,,t3_19fe0is,False,dark,1.0,,1,0,{},,,False,[],,False,False,,{},Playlist - Rock/Metal/Indie/Alt,False,1,,False,False,,False,,[],{},,,False,public,1706202056.0,text,6,,,text,open.spotify.com,False,,,,,,False,True,False,False,False,,[],[],False,d0dbfc3e-9fa0-11ea-9b6c-0e248f77e35b,False,False,False,,[],False,,,,t5_2qofj,False,,,,#fb8f1b,19fe0is,True,,playlistmakerprofi,,0,True,all_ads,False,[],False,,/r/spotify/comments/19fe0is/melodic_metalcore/,all_ads,False,https://open.spotify.com/playlist/1kskitwtc1HFSfONveLthZ?si=5346e9b642ce4fea,1396770,1706202056.0,0,,False,https://open.spotify.com/playlist/1kskitwtc1HFSfONveLthZ?si=5346e9b642ce4fea,,,
,spotify,,t2_uiwllbis,False,,0,False,"Experimental, Electronic, Indie and World Music Spotify Playlist to Support Underrated/Lesser Known Artists (Free Submission Link in Comments)",[],r/spotify,False,6,,0,,,False,,t3_19fddxz,False,dark,1.0,,1,0,"{'content': '&lt;iframe class=""embedly-embed"" src=""https://cdn.embedly.com/widgets/media.html?src=https%3A%2F%2Fopen.spotify.com%2Fembed%2Fplaylist%2F7LF0r3y71YkT5NWEGmaDWQ%3Futm_source%3Doembed&amp;display_name=Spotify&amp;url=https%3A%2F%2Fopen.spotify.com%2Fplaylist%2F7LF0r3y71YkT5NWEGmaDWQ&amp;image=https%3A%2F%2Fi.scdn.co%2Fimage%2Fab67706c0000da8429b62b343ace20098da369ab&amp;key=2aa3c4d5f3de4f5b9120b660ad850dc9&amp;type=text%2Fhtml&amp;schema=spotify"" width=""456"" height=""352"" scrolling=""no"" title=""Spotify embed"" frameborder=""0"" allow=""autoplay; fullscreen; encrypted-media; picture-in-picture;"" allowfullscreen=""true""&gt;&lt;/iframe&gt;', 'width': 456, 'scrolling': False, 'height': 352}",,,False,[],"{'type': 'open.spotify.com', 'oembed': {'provider_url': 'https://spotify.com', 'description': 'Experimental, Electronic, Indie and World Music · Playlist · 66 songs · 152 likes', 'title': 'Experimental, Electronic, Indie and World Music', 'type': 'rich', 'thumbnail_width': 300, 'height': 352, 'width': 456, 'html': '&lt;iframe class=""embedly-embed"" src=""https://cdn.embedly.com/widgets/media.html?src=https%3A%2F%2Fopen.spotify.com%2Fembed%2Fplaylist%2F7LF0r3y71YkT5NWEGmaDWQ%3Futm_source%3Doembed&amp;display_name=Spotify&amp;url=https%3A%2F%2Fopen.spotify.com%2Fplaylist%2F7LF0r3y71YkT5NWEGmaDWQ&amp;image=https%3A%2F%2Fi.scdn.co%2Fimage%2Fab67706c0000da8429b62b343ace20098da369ab&amp;key=2aa3c4d5f3de4f5b9120b660ad850dc9&amp;type=text%2Fhtml&amp;schema=spotify"" width=""456"" height=""352"" scrolling=""no"" title=""Spotify embed"" frameborder=""0"" allow=""autoplay; fullscreen; encrypted-media; picture-in-picture;"" allowfullscreen=""true""&gt;&lt;/iframe&gt;', 'version': '1.0', 'provider_name': 'Spotify', 'thumbnail_url': 'https://i.scdn.co/image/ab67706c0000da8429b62b343ace20098da369ab', 'thumbnail_height': 300}}",False,False,,"{'content': '&lt;iframe class=""embedly-embed"" src=""https://cdn.embedly.com/widgets/media.html?src=https%3A%2F%2Fopen.spotify.com%2Fembed%2Fplaylist%2F7LF0r3y71YkT5NWEGmaDWQ%3Futm_source%3Doembed&amp;display_name=Spotify&amp;url=https%3A%2F%2Fopen.spotify.com%2Fplaylist%2F7LF0r3y71YkT5NWEGmaDWQ&amp;image=https%3A%2F%2Fi.scdn.co%2Fimage%2Fab67706c0000da8429b62b343ace20098da369ab&amp;key=2aa3c4d5f3de4f5b9120b660ad850dc9&amp;type=text%2Fhtml&amp;schema=spotify"" width=""456"" height=""352"" scrolling=""no"" title=""Spotify embed"" frameborder=""0"" allow=""autoplay; fullscreen; encrypted-media; picture-in-picture;"" allowfullscreen=""true""&gt;&lt;/iframe&gt;', 'width': 456, 'scrolling': False, 'media_domain_url': 'https://www.redditmedia.com/mediaembed/19fddxz', 'height': 352}",Playlist - Electronic / EDM / Dance,False,1,,False,False,,False,,[],{},,,False,public,1706200450.0,text,6,,,text,open.spotify.com,False,,,,,,False,True,False,False,False,,[],[],False,0cbd2a8e-9fa1-11ea-8e59-0e59b1c879f3,False,False,False,,[],False,,,,t5_2qofj,False,,,,#7193ff,19fddxz,True,,avidbeats,,1,True,all_ads,False,[],False,,/r/spotify/comments/19fddxz/experimental_electronic_indie_and_world_music/,all_ads,False,https://open.spotify.com/playlist/7LF0r3y71YkT5NWEGmaDWQ?si=0e6171d4cb1e48cc,1396770,1706200450.0,0,"{'type': 'open.spotify.com', 'oembed': {'provider_url': 'https://spotify.com', 'description': 'Experimental, Electronic, Indie and World Music · Playlist · 66 songs · 152 likes', 'title': 'Experimental, Electronic, Indie and World Music', 'type': 'rich', 'thumbnail_width': 300, 'height': 352, 'width': 456, 'html': '&lt;iframe class=""embedly-embed"" src=""https://cdn.embedly.com/widgets/media.html?src=https%3A%2F%2Fopen.spotify.com%2Fembed%2Fplaylist%2F7LF0r3y71YkT5NWEGmaDWQ%3Futm_source%3Doembed&amp;display_name=Spotify&amp;url=https%3A%2F%2Fopen.spotify.com%2Fplaylist%2F7LF0r3y71YkT5NWEGmaDWQ&amp;image=https%3A%2F%2Fi.scdn.co%2Fimage%2Fab67706c0000da8429b62b343ace20098da369ab&amp;key=2aa3c4d5f3de4f5b9120b660ad850dc9&amp;type=text%2Fhtml&amp;schema=spotify"" width=""456"" height=""352"" scrolling=""no"" title=""Spotify embed"" frameborder=""0"" allow=""autoplay; fullscreen; encrypted-media; picture-in-picture;"" allowfullscreen=""true""&gt;&lt;/iframe&gt;', 'version': '1.0', 'provider_name': 'Spotify', 'thumbnail_url': 'https://i.scdn.co/image/ab67706c0000da8429b62b343ace20098da369ab', 'thumbnail_height': 300}}",False,https://open.spotify.com/playlist/7LF0r3y71YkT5NWEGmaDWQ?si=0e6171d4cb1e48cc,,,
,spotify,,t2_5a44a3m0,False,,0,False,"CLASSICAL MUSIC: MY PICKS. Over 3000 Pieces, Updated Regularly. Enjoy.",[],r/spotify,False,6,,0,,,False,,t3_19fc514,False,dark,1.0,,1,0,"{'content': '&lt;iframe class=""embedly-embed"" src=""https://cdn.embedly.com/widgets/media.html?src=https%3A%2F%2Fopen.spotify.com%2Fembed%2Fplaylist%2F3S6XiUhTBYReqQyN0WVPkw%3Futm_source%3Doembed&amp;display_name=Spotify&amp;url=https%3A%2F%2Fopen.spotify.com%2Fplaylist%2F3S6XiUhTBYReqQyN0WVPkw&amp;image=https%3A%2F%2Fi.scdn.co%2Fimage%2Fab67706c0000da84914eb53fa622d1906707ab88&amp;key=2aa3c4d5f3de4f5b9120b660ad850dc9&amp;type=text%2Fhtml&amp;schema=spotify"" width=""456"" height=""352"" scrolling=""no"" title=""Spotify embed"" frameborder=""0"" allow=""autoplay; fullscreen; encrypted-media; picture-in-picture;"" allowfullscreen=""true""&gt;&lt;/iframe&gt;', 'width': 456, 'scrolling': False, 'height': 352}",,,False,[],"{'type': 'open.spotify.com', 'oembed': {'provider_url': 'https://spotify.com', 'description': 'CLASSICAL MUSIC · Playlist · 3161 songs · 513 likes', 'title': 'CLASSICAL MUSIC', 'type': 'rich', 'thumbnail_width': 300, 'height': 352, 'width': 456, 'html': '&lt;iframe class=""embedly-embed"" src=""https://cdn.embedly.com/widgets/media.html?src=https%3A%2F%2Fopen.spotify.com%2Fembed%2Fplaylist%2F3S6XiUhTBYReqQyN0WVPkw%3Futm_source%3Doembed&amp;display_name=Spotify&amp;url=https%3A%2F%2Fopen.spotify.com%2Fplaylist%2F3S6XiUhTBYReqQyN0WVPkw&amp;image=https%3A%2F%2Fi.scdn.co%2Fimage%2Fab67706c0000da84914eb53fa622d1906707ab88&amp;key=2aa3c4d5f3de4f5b9120b660ad850dc9&amp;type=text%2Fhtml&amp;schema=spotify"" width=""456"" height=""352"" scrolling=""no"" title=""Spotify embed"" frameborder=""0"" allow=""autoplay; fullscreen; encrypted-media; picture-in-picture;"" allowfullscreen=""true""&gt;&lt;/iframe&gt;', 'version': '1.0', 'provider_name': 'Spotify', 'thumbnail_url': 'https://i.scdn.co/image/ab67706c0000da84914eb53fa622d1906707ab88', 'thumbnail_height': 270}}",False,False,,"{'content': '&lt;iframe class=""embedly-embed"" src=""https://cdn.embedly.com/widgets/media.html?src=https%3A%2F%2Fopen.spotify.com%2Fembed%2Fplaylist%2F3S6XiUhTBYReqQyN0WVPkw%3Futm_source%3Doembed&amp;display_name=Spotify&amp;url=https%3A%2F%2Fopen.spotify.com%2Fplaylist%2F3S6XiUhTBYReqQyN0WVPkw&amp;image=https%3A%2F%2Fi.scdn.co%2Fimage%2Fab67706c0000da84914eb53fa622d1906707ab88&amp;key=2aa3c4d5f3de4f5b9120b660ad850dc9&amp;type=text%2Fhtml&amp;schema=spotify"" width=""456"" height=""352"" scrolling=""no"" title=""Spotify embed"" frameborder=""0"" allow=""autoplay; fullscreen; encrypted-media; picture-in-picture;"" allowfullscreen=""true""&gt;&lt;/iframe&gt;', 'width': 456, 'scrolling': False, 'media_domain_url': 'https://www.redditmedia.com/mediaembed/19fc514', 'height': 352}","Playlist - Theme  (Party, Beach, Study)",False,1,,False,False,,False,,[],{},,,False,public,1706197155.0,text,6,,,text,open.spotify.com,False,,,,,,False,True,False,False,False,,[],[],False,64fa8956-9fa3-11ea-ba10-0e669a062341,False,False,False,,[],False,,,,t5_2qofj,False,,,,#ffd635,19fc514,True,,thannyyy,,0,True,all_ads,False,[],False,,/r/spotify/comments/19fc514/classical_music_my_picks_over_3000_pieces_updated/,all_ads,False,https://open.spotify.com/playlist/3S6XiUhTBYReqQyN0WVPkw?si=y1BQ4Ei3QBqwomlo0qsIpw&amp;pi=a-I6qAM0ENQ4eJ,1396770,1706197155.0,0,"{'type': 'open.spotify.com', 'oembed': {'provider_url': 'https://spotify.com', 'description': 'CLASSICAL MUSIC · Playlist · 3161 songs · 513 likes', 'title': 'CLASSICAL MUSIC', 'type': 'rich', 'thumbnail_width': 300, 'height': 352, 'width': 456, 'html': '&lt;iframe class=""embedly-embed"" src=""https://cdn.embedly.com/widgets/media.html?src=https%3A%2F%2Fopen.spotify.com%2Fembed%2Fplaylist%2F3S6XiUhTBYReqQyN0WVPkw%3Futm_source%3Doembed&amp;display_name=Spotify&amp;url=https%3A%2F%2Fopen.spotify.com%2Fplaylist%2F3S6XiUhTBYReqQyN0WVPkw&amp;image=https%3A%2F%2Fi.scdn.co%2Fimage%2Fab67706c0000da84914eb53fa622d1906707ab88&amp;key=2aa3c4d5f3de4f5b9120b660ad850dc9&amp;type=text%2Fhtml&amp;schema=spotify"" width=""456"" height=""352"" scrolling=""no"" title=""Spotify embed"" frameborder=""0"" allow=""autoplay; fullscreen; encrypted-media; picture-in-picture;"" allowfullscreen=""true""&gt;&lt;/iframe&gt;', 'version': '1.0', 'provider_name': 'Spotify', 'thumbnail_url': 'https://i.scdn.co/image/ab67706c0000da84914eb53fa622d1906707ab88', 'thumbnail_height': 270}}",False,https://open.spotify.com/playlist/3S6XiUhTBYReqQyN0WVPkw?si=y1BQ4Ei3QBqwomlo0qsIpw&amp;pi=a-I6qAM0ENQ4eJ,,,
,spotify,Title pretty much,t2_qxd6sdxn,False,,0,False,When was the last time you found a banger and what was it?,[],r/spotify,False,6,,0,,,False,,t3_19erogo,False,dark,0.84,,25,0,{},,,False,[],,False,False,,{},"Playlist - Mood/Feeling (Chill, Lofi, Uplifting)",False,25,,False,False,,False,,[],{},,,True,public,1706131297.0,text,6,,,text,self.spotify,False,"&lt;!-- SC_OFF --&gt;&lt;div class=""md""&gt;&lt;p&gt;Title pretty much&lt;/p&gt;
&lt;/div&gt;&lt;!-- SC_ON --&gt;",,,,,False,False,False,False,False,,[],[],False,ede46e42-9fa0-11ea-8c94-0e70d5715363,False,False,False,,[],False,,,,t5_2qofj,False,,,,#c300c1,19erogo,True,,Opening_Peanut_8371,,85,True,all_ads,False,[],False,,/r/spotify/comments/19erogo/when_was_the_last_time_you_found_a_banger_and/,all_ads,False,https://www.reddit.com/r/spotify/comments/19erogo/when_was_the_last_time_you_found_a_banger_and/,1396770,1706131297.0,0,,False,,,,
,spotify,all my music forever will be in this playlist,t2_ciiww6xql,False,,0,False,GaHFBOY ORIGINAL MUSIC,[],r/spotify,False,6,,0,,,False,,t3_19fb9zs,False,dark,1.0,,1,0,"{'content': '&lt;iframe class=""embedly-embed"" src=""https://cdn.embedly.com/widgets/media.html?src=https%3A%2F%2Fopen.spotify.com%2Fembed%2Fplaylist%2F6MMZwoEts3S7EBMwXDT5I0%3Futm_source%3Doembed&amp;display_name=Spotify&amp;url=https%3A%2F%2Fopen.spotify.com%2Fplaylist%2F6MMZwoEts3S7EBMwXDT5I0&amp;image=https%3A%2F%2Fi.scdn.co%2Fimage%2Fab67706c0000da8468d55df72cf8c6e1779d6558&amp;key=2aa3c4d5f3de4f5b9120b660ad850dc9&amp;type=text%2Fhtml&amp;schema=spotify"" width=""456"" height=""352"" scrolling=""no"" title=""Spotify embed"" frameborder=""0"" allow=""autoplay; fullscreen; encrypted-media; picture-in-picture;"" allowfullscreen=""true""&gt;&lt;/iframe&gt;', 'width': 456, 'scrolling': False, 'height': 352}",,,False,[],"{'type': 'open.spotify.com', 'oembed': {'provider_url': 'https://spotify.com', 'description': 'GaHFBOY ORIGINAL MUSIC · Playlist · 10 songs · 1 likes', 'title': 'GaHFBOY ORIGINAL MUSIC', 'type': 'rich', 'thumbnail_width': 300, 'height': 352, 'width': 456, 'html': '&lt;iframe class=""embedly-embed"" src=""https://cdn.embedly.com/widgets/media.html?src=https%3A%2F%2Fopen.spotify.com%2Fembed%2Fplaylist%2F6MMZwoEts3S7EBMwXDT5I0%3Futm_source%3Doembed&amp;display_name=Spotify&amp;url=https%3A%2F%2Fopen.spotify.com%2Fplaylist%2F6MMZwoEts3S7EBMwXDT5I0&amp;image=https%3A%2F%2Fi.scdn.co%2Fimage%2Fab67706c0000da8468d55df72cf8c6e1779d6558&amp;key=2aa3c4d5f3de4f5b9120b660ad850dc9&amp;type=text%2Fhtml&amp;schema=spotify"" width=""456"" height=""352"" scrolling=""no"" title=""Spotify embed"" frameborder=""0"" allow=""autoplay; fullscreen; encrypted-media; picture-in-picture;"" allowfullscreen=""true""&gt;&lt;/iframe&gt;', 'version': '1.0', 'provider_name': 'Spotify', 'thumbnail_url': 'https://i.scdn.co/image/ab67706c0000da8468d55df72cf8c6e1779d6558', 'thumbnail_height': 299}}",False,False,,"{'content': '&lt;iframe class=""embedly-embed"" src=""https://cdn.embedly.com/widgets/media.html?src=https%3A%2F%2Fopen.spotify.com%2Fembed%2Fplaylist%2F6MMZwoEts3S7EBMwXDT5I0%3Futm_source%3Doembed&amp;display_name=Spotify&amp;url=https%3A%2F%2Fopen.spotify.com%2Fplaylist%2F6MMZwoEts3S7EBMwXDT5I0&amp;image=https%3A%2F%2Fi.scdn.co%2Fimage%2Fab67706c0000da8468d55df72cf8c6e1779d6558&amp;key=2aa3c4d5f3de4f5b9120b660ad850dc9&amp;type=text%2Fhtml&amp;schema=spotify"" width=""456"" height=""352"" scrolling=""no"" title=""Spotify embed"" frameborder=""0"" allow=""autoplay; fullscreen; encrypted-media; picture-in-picture;"" allowfullscreen=""true""&gt;&lt;/iframe&gt;', 'width': 456, 'scrolling': False, 'media_domain_url': 'https://www.redditmedia.com/mediaembed/19fb9zs', 'height': 352}",Playlist - Rock/Metal/Indie/Alt,False,1,,False,False,,False,,[],{},,,False,public,1706194840.0,text,6,,,text,open.spotify.com,False,"&lt;!-- SC_OFF --&gt;&lt;div class=""md""&gt;&lt;p&gt;all my music forever will be in this playlist&lt;/p&gt;
&lt;/div&gt;&lt;!-- SC_ON --&gt;",,,,,False,True,False,False,False,,[],[],False,d0dbfc3e-9fa0-11ea-9b6c-0e248f77e35b,False,False,False,,[],False,,,,t5_2qofj,False,,,,#fb8f1b,19fb9zs,True,,Secure_Age_1560,,0,True,all_ads,False,[],False,,/r/spotify/comments/19fb9zs/gahfboy_original_music/,all_ads,False,https://open.spotify.com/playlist/6MMZwoEts3S7EBMwXDT5I0?si=uT-6HymyTCSKtzR9iESDEg&amp;pi=u-qlYhLCwKRvCB,1396770,1706194840.0,0,"{'type': 'open.spotify.com', 'oembed': {'provider_url': 'https://spotify.com', 'description': 'GaHFBOY ORIGINAL MUSIC · Playlist · 10 songs · 1 likes', 'title': 'GaHFBOY ORIGINAL MUSIC', 'type': 'rich', 'thumbnail_width': 300, 'height': 352, 'width': 456, 'html': '&lt;iframe class=""embedly-embed"" src=""https://cdn.embedly.com/widgets/media.html?src=https%3A%2F%2Fopen.spotify.com%2Fembed%2Fplaylist%2F6MMZwoEts3S7EBMwXDT5I0%3Futm_source%3Doembed&amp;display_name=Spotify&amp;url=https%3A%2F%2Fopen.spotify.com%2Fplaylist%2F6MMZwoEts3S7EBMwXDT5I0&amp;image=https%3A%2F%2Fi.scdn.co%2Fimage%2Fab67706c0000da8468d55df72cf8c6e1779d6558&amp;key=2aa3c4d5f3de4f5b9120b660ad850dc9&amp;type=text%2Fhtml&amp;schema=spotify"" width=""456"" height=""352"" scrolling=""no"" title=""Spotify embed"" frameborder=""0"" allow=""autoplay; fullscreen; encrypted-media; picture-in-picture;"" allowfullscreen=""true""&gt;&lt;/iframe&gt;', 'version': '1.0', 'provider_name': 'Spotify', 'thumbnail_url': 'https://i.scdn.co/image/ab67706c0000da8468d55df72cf8c6e1779d6558', 'thumbnail_height': 299}}",False,https://open.spotify.com/playlist/6MMZwoEts3S7EBMwXDT5I0?si=uT-6HymyTCSKtzR9iESDEg&amp;pi=u-qlYhLCwKRvCB,,,
,spotify,,t2_9nvg4c6f,False,,0,False,Deep chill songs,[],r/spotify,False,6,,0,,,False,,t3_19fb994,False,dark,1.0,,1,0,"{'content': '&lt;iframe class=""embedly-embed"" src=""https://cdn.embedly.com/widgets/media.html?src=https%3A%2F%2Fopen.spotify.com%2Fembed%2Fplaylist%2F32Xlk1sk9vshNQXVZfljpL%3Futm_source%3Doembed&amp;display_name=Spotify&amp;url=https%3A%2F%2Fopen.spotify.com%2Fplaylist%2F32Xlk1sk9vshNQXVZfljpL&amp;image=https%3A%2F%2Fi.scdn.co%2Fimage%2Fab67706c0000da8487641734e69488c6ccd2edb5&amp;key=2aa3c4d5f3de4f5b9120b660ad850dc9&amp;type=text%2Fhtml&amp;schema=spotify"" width=""456"" height=""352"" scrolling=""no"" title=""Spotify embed"" frameborder=""0"" allow=""autoplay; fullscreen; encrypted-media; picture-in-picture;"" allowfullscreen=""true""&gt;&lt;/iframe&gt;', 'width': 456, 'scrolling': False, 'height': 352}",,,False,[],"{'type': 'open.spotify.com', 'oembed': {'provider_url': 'https://spotify.com', 'description': 'Deep Chill · Playlist · 6 songs', 'title': 'Deep Chill', 'type': 'rich', 'thumbnail_width': 300, 'height': 352, 'width': 456, 'html': '&lt;iframe class=""embedly-embed"" src=""https://cdn.embedly.com/widgets/media.html?src=https%3A%2F%2Fopen.spotify.com%2Fembed%2Fplaylist%2F32Xlk1sk9vshNQXVZfljpL%3Futm_source%3Doembed&amp;display_name=Spotify&amp;url=https%3A%2F%2Fopen.spotify.com%2Fplaylist%2F32Xlk1sk9vshNQXVZfljpL&amp;image=https%3A%2F%2Fi.scdn.co%2Fimage%2Fab67706c0000da8487641734e69488c6ccd2edb5&amp;key=2aa3c4d5f3de4f5b9120b660ad850dc9&amp;type=text%2Fhtml&amp;schema=spotify"" width=""456"" height=""352"" scrolling=""no"" title=""Spotify embed"" frameborder=""0"" allow=""autoplay; fullscreen; encrypted-media; picture-in-picture;"" allowfullscreen=""true""&gt;&lt;/iframe&gt;', 'version': '1.0', 'provider_name': 'Spotify', 'thumbnail_url': 'https://i.scdn.co/image/ab67706c0000da8487641734e69488c6ccd2edb5', 'thumbnail_height': 169}}",False,False,,"{'content': '&lt;iframe class=""embedly-embed"" src=""https://cdn.embedly.com/widgets/media.html?src=https%3A%2F%2Fopen.spotify.com%2Fembed%2Fplaylist%2F32Xlk1sk9vshNQXVZfljpL%3Futm_source%3Doembed&amp;display_name=Spotify&amp;url=https%3A%2F%2Fopen.spotify.com%2Fplaylist%2F32Xlk1sk9vshNQXVZfljpL&amp;image=https%3A%2F%2Fi.scdn.co%2Fimage%2Fab67706c0000da8487641734e69488c6ccd2edb5&amp;key=2aa3c4d5f3de4f5b9120b660ad850dc9&amp;type=text%2Fhtml&amp;schema=spotify"" width=""456"" height=""352"" scrolling=""no"" title=""Spotify embed"" frameborder=""0"" allow=""autoplay; fullscreen; encrypted-media; picture-in-picture;"" allowfullscreen=""true""&gt;&lt;/iframe&gt;', 'width': 456, 'scrolling': False, 'media_domain_url': 'https://www.redditmedia.com/mediaembed/19fb994', 'height': 352}",Playlist - Electronic / EDM / Dance,False,1,,False,False,,False,,[],{},,,False,public,1706194791.0,text,6,,,text,open.spotify.com,False,,,,,,False,True,False,False,False,,[],[],False,0cbd2a8e-9fa1-11ea-8e59-0e59b1c879f3,False,False,False,,[],False,,,,t5_2qofj,False,,,,#7193ff,19fb994,True,,Capital-Committee-47,,0,True,all_ads,False,[],False,,/r/spotify/comments/19fb994/deep_chill_songs/,all_ads,False,https://open.spotify.com/playlist/32Xlk1sk9vshNQXVZfljpL?si=916a3e8561484cb3,1396770,1706194791.0,0,"{'type': 'open.spotify.com', 'oembed': {'provider_url': 'https://spotify.com', 'description': 'Deep Chill · Playlist · 6 songs', 'title': 'Deep Chill', 'type': 'rich', 'thumbnail_width': 300, 'height': 352, 'width': 456, 'html': '&lt;iframe class=""embedly-embed"" src=""https://cdn.embedly.com/widgets/media.html?src=https%3A%2F%2Fopen.spotify.com%2Fembed%2Fplaylist%2F32Xlk1sk9vshNQXVZfljpL%3Futm_source%3Doembed&amp;display_name=Spotify&amp;url=https%3A%2F%2Fopen.spotify.com%2Fplaylist%2F32Xlk1sk9vshNQXVZfljpL&amp;image=https%3A%2F%2Fi.scdn.co%2Fimage%2Fab67706c0000da8487641734e69488c6ccd2edb5&amp;key=2aa3c4d5f3de4f5b9120b660ad850dc9&amp;type=text%2Fhtml&amp;schema=spotify"" width=""456"" height=""352"" scrolling=""no"" title=""Spotify embed"" frameborder=""0"" allow=""autoplay; fullscreen; encrypted-media; picture-in-picture;"" allowfullscreen=""true""&gt;&lt;/iframe&gt;', 'version': '1.0', 'provider_name': 'Spotify', 'thumbnail_url': 'https://i.scdn.co/image/ab67706c0000da8487641734e69488c6ccd2edb5', 'thumbnail_height': 169}}",False,https://open.spotify.com/playlist/32Xlk1sk9vshNQXVZfljpL?si=916a3e8561484cb3,,,
,spotify,"Follow them on Spotify:

[https://open.spotify.com/artist/6v2BUTPmQpkO9CiSsU7zzJ?si=eRoC-42vRy22XKtrg7K07g](https://open.spotify.com/artist/6v2BUTPmQpkO9CiSsU7zzJ?si=eRoC-42vRy22XKtrg7K07g)",t2_jalbdjqy5,False,,0,False,azar &amp; SEDVTED are releasing a new song on Feb 6th called bussdown rollie avalanche.,[],r/spotify,False,6,favors,0,,,False,,t3_19faqhp,False,dark,1.0,,1,0,{},,,False,[],,False,False,,{},[REQUEST] Playlists / Songs / Artists / Albums ,False,1,,False,False,,False,,[],{},,,True,public,1706193346.0,text,6,,,text,self.spotify,False,"&lt;!-- SC_OFF --&gt;&lt;div class=""md""&gt;&lt;p&gt;Follow them on Spotify:&lt;/p&gt;

&lt;p&gt;&lt;a href=""https://open.spotify.com/artist/6v2BUTPmQpkO9CiSsU7zzJ?si=eRoC-42vRy22XKtrg7K07g""&gt;https://open.spotify.com/artist/6v2BUTPmQpkO9CiSsU7zzJ?si=eRoC-42vRy22XKtrg7K07g&lt;/a&gt;&lt;/p&gt;
&lt;/div&gt;&lt;!-- SC_ON --&gt;",,,,,False,True,False,False,False,,[],[],False,b188c2f4-9a2e-11e9-9464-0e9d067aecce,False,False,False,,[],False,,,,t5_2qofj,False,,,,#94e044,19faqhp,True,,Azar-Sedvted_Fanpage,,0,True,all_ads,False,[],False,,/r/spotify/comments/19faqhp/azar_sedvted_are_releasing_a_new_song_on_feb_6th/,all_ads,False,https://www.reddit.com/r/spotify/comments/19faqhp/azar_sedvted_are_releasing_a_new_song_on_feb_6th/,1396770,1706193346.0,0,,False,,,,
,spotify,Over 2000 songs,t2_59c9pvkd,False,,0,False,The greatest rock playlist ever created,[],r/spotify,False,6,,0,,,False,,t3_19f4rhh,False,dark,1.0,,3,0,"{'content': '&lt;iframe class=""embedly-embed"" src=""https://cdn.embedly.com/widgets/media.html?src=https%3A%2F%2Fopen.spotify.com%2Fembed%2Fplaylist%2F4HTNb12bqENhtgWQLSNqSP%3Futm_source%3Doembed&amp;display_name=Spotify&amp;url=https%3A%2F%2Fopen.spotify.com%2Fplaylist%2F4HTNb12bqENhtgWQLSNqSP&amp;image=https%3A%2F%2Fi.scdn.co%2Fimage%2Fab67706c0000da84bcf0b10bd84c8b828d78626c&amp;key=2aa3c4d5f3de4f5b9120b660ad850dc9&amp;type=text%2Fhtml&amp;schema=spotify"" width=""456"" height=""352"" scrolling=""no"" title=""Spotify embed"" frameborder=""0"" allow=""autoplay; fullscreen; encrypted-media; picture-in-picture;"" allowfullscreen=""true""&gt;&lt;/iframe&gt;', 'width': 456, 'scrolling': False, 'height': 352}",,,False,[],"{'type': 'open.spotify.com', 'oembed': {'provider_url': 'https://spotify.com', 'description': ""50's, 60's, 70's Rock - Modern Rock · Playlist · 2209 songs · 52 likes"", 'title': ""50's, 60's, 70's Rock - Modern Rock"", 'type': 'rich', 'thumbnail_width': 300, 'height': 352, 'width': 456, 'html': '&lt;iframe class=""embedly-embed"" src=""https://cdn.embedly.com/widgets/media.html?src=https%3A%2F%2Fopen.spotify.com%2Fembed%2Fplaylist%2F4HTNb12bqENhtgWQLSNqSP%3Futm_source%3Doembed&amp;display_name=Spotify&amp;url=https%3A%2F%2Fopen.spotify.com%2Fplaylist%2F4HTNb12bqENhtgWQLSNqSP&amp;image=https%3A%2F%2Fi.scdn.co%2Fimage%2Fab67706c0000da84bcf0b10bd84c8b828d78626c&amp;key=2aa3c4d5f3de4f5b9120b660ad850dc9&amp;type=text%2Fhtml&amp;schema=spotify"" width=""456"" height=""352"" scrolling=""no"" title=""Spotify embed"" frameborder=""0"" allow=""autoplay; fullscreen; encrypted-media; picture-in-picture;"" allowfullscreen=""true""&gt;&lt;/iframe&gt;', 'version': '1.0', 'provider_name': 'Spotify', 'thumbnail_url': 'https://i.scdn.co/image/ab67706c0000da84bcf0b10bd84c8b828d78626c', 'thumbnail_height': 200}}",False,False,,"{'content': '&lt;iframe class=""embedly-embed"" src=""https://cdn.embedly.com/widgets/media.html?src=https%3A%2F%2Fopen.spotify.com%2Fembed%2Fplaylist%2F4HTNb12bqENhtgWQLSNqSP%3Futm_source%3Doembed&amp;display_name=Spotify&amp;url=https%3A%2F%2Fopen.spotify.com%2Fplaylist%2F4HTNb12bqENhtgWQLSNqSP&amp;image=https%3A%2F%2Fi.scdn.co%2Fimage%2Fab67706c0000da84bcf0b10bd84c8b828d78626c&amp;key=2aa3c4d5f3de4f5b9120b660ad850dc9&amp;type=text%2Fhtml&amp;schema=spotify"" width=""456"" height=""352"" scrolling=""no"" title=""Spotify embed"" frameborder=""0"" allow=""autoplay; fullscreen; encrypted-media; picture-in-picture;"" allowfullscreen=""true""&gt;&lt;/iframe&gt;', 'width': 456, 'scrolling': False, 'media_domain_url': 'https://www.redditmedia.com/mediaembed/19f4rhh', 'height': 352}",Playlist - Rock/Metal/Indie/Alt,False,3,,False,False,,False,,[],{},,,False,public,1706171506.0,text,6,,,text,open.spotify.com,False,"&lt;!-- SC_OFF --&gt;&lt;div class=""md""&gt;&lt;p&gt;Over 2000 songs&lt;/p&gt;
&lt;/div&gt;&lt;!-- SC_ON --&gt;",,,,,False,True,False,False,False,,[],[],False,d0dbfc3e-9fa0-11ea-9b6c-0e248f77e35b,False,False,False,,[],False,,,,t5_2qofj,False,,,,#fb8f1b,19f4rhh,True,,777solo,,0,True,all_ads,False,[],False,,/r/spotify/comments/19f4rhh/the_greatest_rock_playlist_ever_created/,all_ads,False,https://open.spotify.com/playlist/4HTNb12bqENhtgWQLSNqSP?si=7kg_shjrSniSp24vdYUgNg,1396770,1706171506.0,0,"{'type': 'open.spotify.com', 'oembed': {'provider_url': 'https://spotify.com', 'description': ""50's, 60's, 70's Rock - Modern Rock · Playlist · 2209 songs · 52 likes"", 'title': ""50's, 60's, 70's Rock - Modern Rock"", 'type': 'rich', 'thumbnail_width': 300, 'height': 352, 'width': 456, 'html': '&lt;iframe class=""embedly-embed"" src=""https://cdn.embedly.com/widgets/media.html?src=https%3A%2F%2Fopen.spotify.com%2Fembed%2Fplaylist%2F4HTNb12bqENhtgWQLSNqSP%3Futm_source%3Doembed&amp;display_name=Spotify&amp;url=https%3A%2F%2Fopen.spotify.com%2Fplaylist%2F4HTNb12bqENhtgWQLSNqSP&amp;image=https%3A%2F%2Fi.scdn.co%2Fimage%2Fab67706c0000da84bcf0b10bd84c8b828d78626c&amp;key=2aa3c4d5f3de4f5b9120b660ad850dc9&amp;type=text%2Fhtml&amp;schema=spotify"" width=""456"" height=""352"" scrolling=""no"" title=""Spotify embed"" frameborder=""0"" allow=""autoplay; fullscreen; encrypted-media; picture-in-picture;"" allowfullscreen=""true""&gt;&lt;/iframe&gt;', 'version': '1.0', 'provider_name': 'Spotify', 'thumbnail_url': 'https://i.scdn.co/image/ab67706c0000da84bcf0b10bd84c8b828d78626c', 'thumbnail_height': 200}}",False,https://open.spotify.com/playlist/4HTNb12bqENhtgWQLSNqSP?si=7kg_shjrSniSp24vdYUgNg,,,
,spotify,😂 can’t wait to listen to the suggestions in the comments haha,t2_d4n7mvdh,False,,0,False,"What is the absolute weirdest, most oddly bizarre but yet interesting song you’ve come across on Spotify?",[],r/spotify,False,6,favors,0,,,False,,t3_19ef7qj,False,dark,0.96,,129,0,{},,,False,[],,False,False,,{},[REQUEST] Playlists / Songs / Artists / Albums ,False,129,,False,False,,False,,[],{},,,True,public,1706096634.0,text,6,,,text,self.spotify,False,"&lt;!-- SC_OFF --&gt;&lt;div class=""md""&gt;&lt;p&gt;😂 can’t wait to listen to the suggestions in the comments haha&lt;/p&gt;
&lt;/div&gt;&lt;!-- SC_ON --&gt;",,,,,False,False,False,False,False,,[],[],False,b188c2f4-9a2e-11e9-9464-0e9d067aecce,False,False,False,,[],False,,,,t5_2qofj,False,,,,#94e044,19ef7qj,True,,jaydogjaydogs,,254,True,all_ads,False,[],False,,/r/spotify/comments/19ef7qj/what_is_the_absolute_weirdest_most_oddly_bizarre/,all_ads,False,https://www.reddit.com/r/spotify/comments/19ef7qj/what_is_the_absolute_weirdest_most_oddly_bizarre/,1396770,1706096634.0,0,,False,,,,
,spotify,"not upbeat, just calm and soothing sounds. i dont really like the autocurated study playlist by spotify. ",t2_6kymck8g,False,,0,False,I need some playlists for studying.,[],r/spotify,False,6,favors,0,,,False,,t3_19en7mq,False,dark,1.0,,36,0,{},,,False,[],,False,False,,{},[REQUEST] Playlists / Songs / Artists / Albums ,False,36,,False,False,,False,,[],{},,,True,public,1706120541.0,text,6,,,text,self.spotify,False,"&lt;!-- SC_OFF --&gt;&lt;div class=""md""&gt;&lt;p&gt;not upbeat, just calm and soothing sounds. i dont really like the autocurated study playlist by spotify. &lt;/p&gt;
&lt;/div&gt;&lt;!-- SC_ON --&gt;",,,,,False,False,False,False,False,,[],[],False,b188c2f4-9a2e-11e9-9464-0e9d067aecce,False,False,False,,[],False,,,,t5_2qofj,False,,,,#94e044,19en7mq,True,,RashGenZ,,40,True,all_ads,False,[],False,,/r/spotify/comments/19en7mq/i_need_some_playlists_for_studying/,all_ads,False,https://www.reddit.com/r/spotify/comments/19en7mq/i_need_some_playlists_for_studying/,1396770,1706120541.0,0,,False,,,,
,spotify,Any reccomendations are very welcome!,t2_344t87vc,False,,0,False,"My playlist I listen to most! Mostly symphonic, folk and powermetal/rock",[],r/spotify,False,6,,0,,,False,,t3_19f9ezd,False,dark,1.0,,1,0,"{'content': '&lt;iframe class=""embedly-embed"" src=""https://cdn.embedly.com/widgets/media.html?src=https%3A%2F%2Fopen.spotify.com%2Fembed%2Fplaylist%2F0o2aNNgWemh1YYgwvrZeX7%3Futm_source%3Doembed&amp;display_name=Spotify&amp;url=https%3A%2F%2Fopen.spotify.com%2Fplaylist%2F0o2aNNgWemh1YYgwvrZeX7&amp;image=https%3A%2F%2Fi.scdn.co%2Fimage%2Fab67706c0000da843cffaaf46112c46f760c40e2&amp;key=2aa3c4d5f3de4f5b9120b660ad850dc9&amp;type=text%2Fhtml&amp;schema=spotify"" width=""456"" height=""352"" scrolling=""no"" title=""Spotify embed"" frameborder=""0"" allow=""autoplay; fullscreen; encrypted-media; picture-in-picture;"" allowfullscreen=""true""&gt;&lt;/iframe&gt;', 'width': 456, 'scrolling': False, 'height': 352}",,,False,[],"{'type': 'open.spotify.com', 'oembed': {'provider_url': 'https://spotify.com', 'description': 'symphonic/folk metal · Playlist · 151 songs · 5 likes', 'title': 'symphonic/folk metal', 'type': 'rich', 'thumbnail_width': 300, 'height': 352, 'width': 456, 'html': '&lt;iframe class=""embedly-embed"" src=""https://cdn.embedly.com/widgets/media.html?src=https%3A%2F%2Fopen.spotify.com%2Fembed%2Fplaylist%2F0o2aNNgWemh1YYgwvrZeX7%3Futm_source%3Doembed&amp;display_name=Spotify&amp;url=https%3A%2F%2Fopen.spotify.com%2Fplaylist%2F0o2aNNgWemh1YYgwvrZeX7&amp;image=https%3A%2F%2Fi.scdn.co%2Fimage%2Fab67706c0000da843cffaaf46112c46f760c40e2&amp;key=2aa3c4d5f3de4f5b9120b660ad850dc9&amp;type=text%2Fhtml&amp;schema=spotify"" width=""456"" height=""352"" scrolling=""no"" title=""Spotify embed"" frameborder=""0"" allow=""autoplay; fullscreen; encrypted-media; picture-in-picture;"" allowfullscreen=""true""&gt;&lt;/iframe&gt;', 'version': '1.0', 'provider_name': 'Spotify', 'thumbnail_url': 'https://i.scdn.co/image/ab67706c0000da843cffaaf46112c46f760c40e2', 'thumbnail_height': 300}}",False,False,,"{'content': '&lt;iframe class=""embedly-embed"" src=""https://cdn.embedly.com/widgets/media.html?src=https%3A%2F%2Fopen.spotify.com%2Fembed%2Fplaylist%2F0o2aNNgWemh1YYgwvrZeX7%3Futm_source%3Doembed&amp;display_name=Spotify&amp;url=https%3A%2F%2Fopen.spotify.com%2Fplaylist%2F0o2aNNgWemh1YYgwvrZeX7&amp;image=https%3A%2F%2Fi.scdn.co%2Fimage%2Fab67706c0000da843cffaaf46112c46f760c40e2&amp;key=2aa3c4d5f3de4f5b9120b660ad850dc9&amp;type=text%2Fhtml&amp;schema=spotify"" width=""456"" height=""352"" scrolling=""no"" title=""Spotify embed"" frameborder=""0"" allow=""autoplay; fullscreen; encrypted-media; picture-in-picture;"" allowfullscreen=""true""&gt;&lt;/iframe&gt;', 'width': 456, 'scrolling': False, 'media_domain_url': 'https://www.redditmedia.com/mediaembed/19f9ezd', 'height': 352}",Playlist - Rock/Metal/Indie/Alt,False,1,,False,False,,False,,[],{},,,False,public,1706189551.0,text,6,,,text,open.spotify.com,False,"&lt;!-- SC_OFF --&gt;&lt;div class=""md""&gt;&lt;p&gt;Any reccomendations are very welcome!&lt;/p&gt;
&lt;/div&gt;&lt;!-- SC_ON --&gt;",,,,,False,True,False,False,False,,[],[],False,d0dbfc3e-9fa0-11ea-9b6c-0e248f77e35b,False,False,False,,[],False,,,,t5_2qofj,False,,,,#fb8f1b,19f9ezd,True,,AnnaLindeboom,,0,True,all_ads,False,[],False,,/r/spotify/comments/19f9ezd/my_playlist_i_listen_to_most_mostly_symphonic/,all_ads,False,https://open.spotify.com/playlist/0o2aNNgWemh1YYgwvrZeX7?si=L3r6GHrbSWuNFdJuIcSyFw,1396770,1706189551.0,0,"{'type': 'open.spotify.com', 'oembed': {'provider_url': 'https://spotify.com', 'description': 'symphonic/folk metal · Playlist · 151 songs · 5 likes', 'title': 'symphonic/folk metal', 'type': 'rich', 'thumbnail_width': 300, 'height': 352, 'width': 456, 'html': '&lt;iframe class=""embedly-embed"" src=""https://cdn.embedly.com/widgets/media.html?src=https%3A%2F%2Fopen.spotify.com%2Fembed%2Fplaylist%2F0o2aNNgWemh1YYgwvrZeX7%3Futm_source%3Doembed&amp;display_name=Spotify&amp;url=https%3A%2F%2Fopen.spotify.com%2Fplaylist%2F0o2aNNgWemh1YYgwvrZeX7&amp;image=https%3A%2F%2Fi.scdn.co%2Fimage%2Fab67706c0000da843cffaaf46112c46f760c40e2&amp;key=2aa3c4d5f3de4f5b9120b660ad850dc9&amp;type=text%2Fhtml&amp;schema=spotify"" width=""456"" height=""352"" scrolling=""no"" title=""Spotify embed"" frameborder=""0"" allow=""autoplay; fullscreen; encrypted-media; picture-in-picture;"" allowfullscreen=""true""&gt;&lt;/iframe&gt;', 'version': '1.0', 'provider_name': 'Spotify', 'thumbnail_url': 'https://i.scdn.co/image/ab67706c0000da843cffaaf46112c46f760c40e2', 'thumbnail_height': 300}}",False,https://open.spotify.com/playlist/0o2aNNgWemh1YYgwvrZeX7?si=L3r6GHrbSWuNFdJuIcSyFw,,,
,spotify,,t2_of6cxhaz,False,,0,False,THE ULTIMATE ROMANCE PLAYLIST - 67 hour,[],r/spotify,False,6,,0,,,False,,t3_19f99dd,False,dark,1.0,,1,0,"{'content': '&lt;iframe class=""embedly-embed"" src=""https://cdn.embedly.com/widgets/media.html?src=https%3A%2F%2Fopen.spotify.com%2Fembed%2Fplaylist%2F3aNLITw64lYLxwXzxG8Xeo%3Futm_source%3Doembed&amp;display_name=Spotify&amp;url=https%3A%2F%2Fopen.spotify.com%2Fplaylist%2F3aNLITw64lYLxwXzxG8Xeo&amp;image=https%3A%2F%2Fi.scdn.co%2Fimage%2Fab67706c0000da84e47a653a1736acfae31670dd&amp;key=2aa3c4d5f3de4f5b9120b660ad850dc9&amp;type=text%2Fhtml&amp;schema=spotify"" width=""456"" height=""352"" scrolling=""no"" title=""Spotify embed"" frameborder=""0"" allow=""autoplay; fullscreen; encrypted-media; picture-in-picture;"" allowfullscreen=""true""&gt;&lt;/iframe&gt;', 'width': 456, 'scrolling': False, 'height': 352}",,,False,[],"{'type': 'open.spotify.com', 'oembed': {'provider_url': 'https://spotify.com', 'description': 'falling 4 u · Playlist · 1122 songs · 5 likes', 'title': 'falling 4 u', 'type': 'rich', 'thumbnail_width': 299, 'height': 352, 'width': 456, 'html': '&lt;iframe class=""embedly-embed"" src=""https://cdn.embedly.com/widgets/media.html?src=https%3A%2F%2Fopen.spotify.com%2Fembed%2Fplaylist%2F3aNLITw64lYLxwXzxG8Xeo%3Futm_source%3Doembed&amp;display_name=Spotify&amp;url=https%3A%2F%2Fopen.spotify.com%2Fplaylist%2F3aNLITw64lYLxwXzxG8Xeo&amp;image=https%3A%2F%2Fi.scdn.co%2Fimage%2Fab67706c0000da84e47a653a1736acfae31670dd&amp;key=2aa3c4d5f3de4f5b9120b660ad850dc9&amp;type=text%2Fhtml&amp;schema=spotify"" width=""456"" height=""352"" scrolling=""no"" title=""Spotify embed"" frameborder=""0"" allow=""autoplay; fullscreen; encrypted-media; picture-in-picture;"" allowfullscreen=""true""&gt;&lt;/iframe&gt;', 'version': '1.0', 'provider_name': 'Spotify', 'thumbnail_url': 'https://i.scdn.co/image/ab67706c0000da84e47a653a1736acfae31670dd', 'thumbnail_height': 300}}",False,False,,"{'content': '&lt;iframe class=""embedly-embed"" src=""https://cdn.embedly.com/widgets/media.html?src=https%3A%2F%2Fopen.spotify.com%2Fembed%2Fplaylist%2F3aNLITw64lYLxwXzxG8Xeo%3Futm_source%3Doembed&amp;display_name=Spotify&amp;url=https%3A%2F%2Fopen.spotify.com%2Fplaylist%2F3aNLITw64lYLxwXzxG8Xeo&amp;image=https%3A%2F%2Fi.scdn.co%2Fimage%2Fab67706c0000da84e47a653a1736acfae31670dd&amp;key=2aa3c4d5f3de4f5b9120b660ad850dc9&amp;type=text%2Fhtml&amp;schema=spotify"" width=""456"" height=""352"" scrolling=""no"" title=""Spotify embed"" frameborder=""0"" allow=""autoplay; fullscreen; encrypted-media; picture-in-picture;"" allowfullscreen=""true""&gt;&lt;/iframe&gt;', 'width': 456, 'scrolling': False, 'media_domain_url': 'https://www.redditmedia.com/mediaembed/19f99dd', 'height': 352}",Playlist - Pop / R&amp;B / Top 40,False,1,,False,False,,False,,[],{},,,False,public,1706189088.0,text,6,,,text,open.spotify.com,False,,,,,,False,True,False,False,False,,[],[],False,e5554224-9fa0-11ea-8d77-0ef74412130d,False,False,False,,[],False,,,,t5_2qofj,False,,,,#39c3de,19f99dd,True,,powerpuffgirli,,0,True,all_ads,False,[],False,,/r/spotify/comments/19f99dd/the_ultimate_romance_playlist_67_hour/,all_ads,False,https://open.spotify.com/playlist/3aNLITw64lYLxwXzxG8Xeo?si=a5f0a1a225874db0,1396770,1706189088.0,0,"{'type': 'open.spotify.com', 'oembed': {'provider_url': 'https://spotify.com', 'description': 'falling 4 u · Playlist · 1122 songs · 5 likes', 'title': 'falling 4 u', 'type': 'rich', 'thumbnail_width': 299, 'height': 352, 'width': 456, 'html': '&lt;iframe class=""embedly-embed"" src=""https://cdn.embedly.com/widgets/media.html?src=https%3A%2F%2Fopen.spotify.com%2Fembed%2Fplaylist%2F3aNLITw64lYLxwXzxG8Xeo%3Futm_source%3Doembed&amp;display_name=Spotify&amp;url=https%3A%2F%2Fopen.spotify.com%2Fplaylist%2F3aNLITw64lYLxwXzxG8Xeo&amp;image=https%3A%2F%2Fi.scdn.co%2Fimage%2Fab67706c0000da84e47a653a1736acfae31670dd&amp;key=2aa3c4d5f3de4f5b9120b660ad850dc9&amp;type=text%2Fhtml&amp;schema=spotify"" width=""456"" height=""352"" scrolling=""no"" title=""Spotify embed"" frameborder=""0"" allow=""autoplay; fullscreen; encrypted-media; picture-in-picture;"" allowfullscreen=""true""&gt;&lt;/iframe&gt;', 'version': '1.0', 'provider_name': 'Spotify', 'thumbnail_url': 'https://i.scdn.co/image/ab67706c0000da84e47a653a1736acfae31670dd', 'thumbnail_height': 300}}",False,https://open.spotify.com/playlist/3aNLITw64lYLxwXzxG8Xeo?si=a5f0a1a225874db0,,,
,spotify,,t2_6tvk4zfbk,False,,0,False,"Pick-me-up positive affirmations, self-love, and good vibes only:",[],r/spotify,False,6,,0,,,False,,t3_19f8okn,False,dark,1.0,,1,0,"{'content': '&lt;iframe class=""embedly-embed"" src=""https://cdn.embedly.com/widgets/media.html?src=https%3A%2F%2Fopen.spotify.com%2Fembed%2Fplaylist%2F3zOJJT86V8WIuNDMmmUhgk%3Futm_source%3Doembed&amp;display_name=Spotify&amp;url=https%3A%2F%2Fopen.spotify.com%2Fplaylist%2F3zOJJT86V8WIuNDMmmUhgk&amp;image=https%3A%2F%2Fi.scdn.co%2Fimage%2Fab67706c0000da841c4bd6f02849f6bd903691f1&amp;key=2aa3c4d5f3de4f5b9120b660ad850dc9&amp;type=text%2Fhtml&amp;schema=spotify"" width=""456"" height=""352"" scrolling=""no"" title=""Spotify embed"" frameborder=""0"" allow=""autoplay; fullscreen; encrypted-media; picture-in-picture;"" allowfullscreen=""true""&gt;&lt;/iframe&gt;', 'width': 456, 'scrolling': False, 'height': 352}",,,False,[],"{'type': 'open.spotify.com', 'oembed': {'provider_url': 'https://spotify.com', 'description': 'Attitude Adjustment · Playlist · 30 songs · 119 likes', 'title': 'Attitude Adjustment', 'type': 'rich', 'thumbnail_width': 300, 'height': 352, 'width': 456, 'html': '&lt;iframe class=""embedly-embed"" src=""https://cdn.embedly.com/widgets/media.html?src=https%3A%2F%2Fopen.spotify.com%2Fembed%2Fplaylist%2F3zOJJT86V8WIuNDMmmUhgk%3Futm_source%3Doembed&amp;display_name=Spotify&amp;url=https%3A%2F%2Fopen.spotify.com%2Fplaylist%2F3zOJJT86V8WIuNDMmmUhgk&amp;image=https%3A%2F%2Fi.scdn.co%2Fimage%2Fab67706c0000da841c4bd6f02849f6bd903691f1&amp;key=2aa3c4d5f3de4f5b9120b660ad850dc9&amp;type=text%2Fhtml&amp;schema=spotify"" width=""456"" height=""352"" scrolling=""no"" title=""Spotify embed"" frameborder=""0"" allow=""autoplay; fullscreen; encrypted-media; picture-in-picture;"" allowfullscreen=""true""&gt;&lt;/iframe&gt;', 'version': '1.0', 'provider_name': 'Spotify', 'thumbnail_url': 'https://i.scdn.co/image/ab67706c0000da841c4bd6f02849f6bd903691f1', 'thumbnail_height': 300}}",False,False,,"{'content': '&lt;iframe class=""embedly-embed"" src=""https://cdn.embedly.com/widgets/media.html?src=https%3A%2F%2Fopen.spotify.com%2Fembed%2Fplaylist%2F3zOJJT86V8WIuNDMmmUhgk%3Futm_source%3Doembed&amp;display_name=Spotify&amp;url=https%3A%2F%2Fopen.spotify.com%2Fplaylist%2F3zOJJT86V8WIuNDMmmUhgk&amp;image=https%3A%2F%2Fi.scdn.co%2Fimage%2Fab67706c0000da841c4bd6f02849f6bd903691f1&amp;key=2aa3c4d5f3de4f5b9120b660ad850dc9&amp;type=text%2Fhtml&amp;schema=spotify"" width=""456"" height=""352"" scrolling=""no"" title=""Spotify embed"" frameborder=""0"" allow=""autoplay; fullscreen; encrypted-media; picture-in-picture;"" allowfullscreen=""true""&gt;&lt;/iframe&gt;', 'width': 456, 'scrolling': False, 'media_domain_url': 'https://www.redditmedia.com/mediaembed/19f8okn', 'height': 352}","Playlist - Mood/Feeling (Chill, Lofi, Uplifting)",False,1,,False,False,,False,,[],{},,,False,public,1706187285.0,text,6,,,text,open.spotify.com,False,,,,,,False,True,False,False,False,,[],[],False,ede46e42-9fa0-11ea-8c94-0e70d5715363,False,False,False,,[],False,,,,t5_2qofj,False,,,,#c300c1,19f8okn,True,,cgraygo,,0,True,all_ads,False,[],False,,/r/spotify/comments/19f8okn/pickmeup_positive_affirmations_selflove_and_good/,all_ads,False,https://open.spotify.com/playlist/3zOJJT86V8WIuNDMmmUhgk?si=11ee876a91dd4270,1396770,1706187285.0,0,"{'type': 'open.spotify.com', 'oembed': {'provider_url': 'https://spotify.com', 'description': 'Attitude Adjustment · Playlist · 30 songs · 119 likes', 'title': 'Attitude Adjustment', 'type': 'rich', 'thumbnail_width': 300, 'height': 352, 'width': 456, 'html': '&lt;iframe class=""embedly-embed"" src=""https://cdn.embedly.com/widgets/media.html?src=https%3A%2F%2Fopen.spotify.com%2Fembed%2Fplaylist%2F3zOJJT86V8WIuNDMmmUhgk%3Futm_source%3Doembed&amp;display_name=Spotify&amp;url=https%3A%2F%2Fopen.spotify.com%2Fplaylist%2F3zOJJT86V8WIuNDMmmUhgk&amp;image=https%3A%2F%2Fi.scdn.co%2Fimage%2Fab67706c0000da841c4bd6f02849f6bd903691f1&amp;key=2aa3c4d5f3de4f5b9120b660ad850dc9&amp;type=text%2Fhtml&amp;schema=spotify"" width=""456"" height=""352"" scrolling=""no"" title=""Spotify embed"" frameborder=""0"" allow=""autoplay; fullscreen; encrypted-media; picture-in-picture;"" allowfullscreen=""true""&gt;&lt;/iframe&gt;', 'version': '1.0', 'provider_name': 'Spotify', 'thumbnail_url': 'https://i.scdn.co/image/ab67706c0000da841c4bd6f02849f6bd903691f1', 'thumbnail_height': 300}}",False,https://open.spotify.com/playlist/3zOJJT86V8WIuNDMmmUhgk?si=11ee876a91dd4270,,,
,spotify,https://open.spotify.com/album/0xUEPB30YNbemu36QHZrmN?si=0BhY5kn1RWOZxi_YRYcTBg,t2_28l1dtwi,False,,0,False,My New PlayStation Jungle/DnB EP,[],r/spotify,False,6,self,0,,,False,,t3_19f8hy2,False,light,1.0,,1,0,{},,,False,[],,False,False,,{},Self Promo,False,1,,False,False,,False,,[],{},,,True,public,1706186675.0,text,6,,,text,self.spotify,False,"&lt;!-- SC_OFF --&gt;&lt;div class=""md""&gt;&lt;p&gt;&lt;a href=""https://open.spotify.com/album/0xUEPB30YNbemu36QHZrmN?si=0BhY5kn1RWOZxi_YRYcTBg""&gt;https://open.spotify.com/album/0xUEPB30YNbemu36QHZrmN?si=0BhY5kn1RWOZxi_YRYcTBg&lt;/a&gt;&lt;/p&gt;
&lt;/div&gt;&lt;!-- SC_ON --&gt;",,,,,False,True,False,False,False,,[],[],False,43904320-99e4-11e9-a9e9-0ebb5d1e6d72,False,False,False,,[],False,,,,t5_2qofj,False,,,,,19f8hy2,True,,ImpressiveChildhood,,0,True,all_ads,False,[],False,,/r/spotify/comments/19f8hy2/my_new_playstation_junglednb_ep/,all_ads,False,https://www.reddit.com/r/spotify/comments/19f8hy2/my_new_playstation_junglednb_ep/,1396770,1706186675.0,0,,False,,,,
,spotify,"My husband has been making playlists for our kids, and my son requested one of ""space music"". The Star Wars theme song seems like a gimme, and my husband suggested Space Oddity. But after that I'm out of ideas. Any (age appropriate) suggestions?",t2_5twfca0c,False,,0,False,"""Space Music"" Playlist for 5YO",[],r/spotify,False,6,favors,0,,,False,,t3_19f5267,False,dark,1.0,,2,0,{},,,False,[],,False,False,,{},[REQUEST] Playlists / Songs / Artists / Albums ,False,2,,False,False,,False,,[],{},,,True,public,1706172841.0,text,6,,,text,self.spotify,False,"&lt;!-- SC_OFF --&gt;&lt;div class=""md""&gt;&lt;p&gt;My husband has been making playlists for our kids, and my son requested one of &amp;quot;space music&amp;quot;. The Star Wars theme song seems like a gimme, and my husband suggested Space Oddity. But after that I&amp;#39;m out of ideas. Any (age appropriate) suggestions?&lt;/p&gt;
&lt;/div&gt;&lt;!-- SC_ON --&gt;",,,,,False,False,False,False,False,,[],[],False,b188c2f4-9a2e-11e9-9464-0e9d067aecce,False,False,False,,[],False,,,,t5_2qofj,False,,,,#94e044,19f5267,True,,Gloomy_Ruminant,,3,True,all_ads,False,[],False,,/r/spotify/comments/19f5267/space_music_playlist_for_5yo/,all_ads,False,https://www.reddit.com/r/spotify/comments/19f5267/space_music_playlist_for_5yo/,1396770,1706172841.0,0,,False,,,,
,spotify,"For me, it’s Vampire Empire by Big Thief",t2_olb2frokr,False,,0,False,What are some songs that remind you of the movie Paranorman?,[],r/spotify,False,6,favors,0,,,False,,t3_19f45ps,False,dark,0.75,,2,0,{},,,False,[],,False,False,,{},[REQUEST] Playlists / Songs / Artists / Albums ,False,2,,False,False,,False,,[],{},,,True,public,1706168887.0,text,6,,,text,self.spotify,False,"&lt;!-- SC_OFF --&gt;&lt;div class=""md""&gt;&lt;p&gt;For me, it’s Vampire Empire by Big Thief&lt;/p&gt;
&lt;/div&gt;&lt;!-- SC_ON --&gt;",,,,,False,False,False,False,False,,[],[],False,b188c2f4-9a2e-11e9-9464-0e9d067aecce,False,False,False,,[],False,,,,t5_2qofj,False,,,,#94e044,19f45ps,True,,haroldsloverboy,,0,True,all_ads,False,[],False,,/r/spotify/comments/19f45ps/what_are_some_songs_that_remind_you_of_the_movie/,all_ads,False,https://www.reddit.com/r/spotify/comments/19f45ps/what_are_some_songs_that_remind_you_of_the_movie/,1396770,1706168887.0,0,,False,,,,
,spotify,"Hey guys, do drop your suggestions below. I'll make it a point to add everyone's music. So far, we've got some very interesting songs. Some African, German, Portuguese and Arabic music as well, do check it out!",t2_kssb8cj73,False,,0,False,A Public Compilation- Drop your favorite songs below,[],r/spotify,False,6,favors,0,,,False,,t3_19f3kvx,False,dark,1.0,,2,0,"{'content': '&lt;iframe class=""embedly-embed"" src=""https://cdn.embedly.com/widgets/media.html?src=https%3A%2F%2Fopen.spotify.com%2Fembed%2Fplaylist%2F4v8IYjNcRWkP3oFia8IKOA%3Futm_source%3Doembed&amp;display_name=Spotify&amp;url=https%3A%2F%2Fopen.spotify.com%2Fplaylist%2F4v8IYjNcRWkP3oFia8IKOA&amp;image=https%3A%2F%2Fmosaic.scdn.co%2F300%2Fab67616d00001e021f6a2a40bb692936879db730ab67616d00001e024053ce7818f114a4e8dde08fab67616d00001e02633c04118b43d201581e3328ab67616d00001e02b6a9c21235663d53c07b84ee&amp;key=2aa3c4d5f3de4f5b9120b660ad850dc9&amp;type=text%2Fhtml&amp;schema=spotify"" width=""456"" height=""352"" scrolling=""no"" title=""Spotify embed"" frameborder=""0"" allow=""autoplay; fullscreen; encrypted-media; picture-in-picture;"" allowfullscreen=""true""&gt;&lt;/iframe&gt;', 'width': 456, 'scrolling': False, 'height': 352}",,,False,[],"{'type': 'open.spotify.com', 'oembed': {'provider_url': 'https://spotify.com', 'description': 'A Public Compilation · Playlist · 185 songs · 24 likes', 'title': 'A Public Compilation', 'type': 'rich', 'thumbnail_width': 300, 'height': 352, 'width': 456, 'html': '&lt;iframe class=""embedly-embed"" src=""https://cdn.embedly.com/widgets/media.html?src=https%3A%2F%2Fopen.spotify.com%2Fembed%2Fplaylist%2F4v8IYjNcRWkP3oFia8IKOA%3Futm_source%3Doembed&amp;display_name=Spotify&amp;url=https%3A%2F%2Fopen.spotify.com%2Fplaylist%2F4v8IYjNcRWkP3oFia8IKOA&amp;image=https%3A%2F%2Fmosaic.scdn.co%2F300%2Fab67616d00001e021f6a2a40bb692936879db730ab67616d00001e024053ce7818f114a4e8dde08fab67616d00001e02633c04118b43d201581e3328ab67616d00001e02b6a9c21235663d53c07b84ee&amp;key=2aa3c4d5f3de4f5b9120b660ad850dc9&amp;type=text%2Fhtml&amp;schema=spotify"" width=""456"" height=""352"" scrolling=""no"" title=""Spotify embed"" frameborder=""0"" allow=""autoplay; fullscreen; encrypted-media; picture-in-picture;"" allowfullscreen=""true""&gt;&lt;/iframe&gt;', 'version': '1.0', 'provider_name': 'Spotify', 'thumbnail_url': 'https://mosaic.scdn.co/300/ab67616d00001e021f6a2a40bb692936879db730ab67616d00001e024053ce7818f114a4e8dde08fab67616d00001e02633c04118b43d201581e3328ab67616d00001e02b6a9c21235663d53c07b84ee', 'thumbnail_height': 300}}",False,False,,"{'content': '&lt;iframe class=""embedly-embed"" src=""https://cdn.embedly.com/widgets/media.html?src=https%3A%2F%2Fopen.spotify.com%2Fembed%2Fplaylist%2F4v8IYjNcRWkP3oFia8IKOA%3Futm_source%3Doembed&amp;display_name=Spotify&amp;url=https%3A%2F%2Fopen.spotify.com%2Fplaylist%2F4v8IYjNcRWkP3oFia8IKOA&amp;image=https%3A%2F%2Fmosaic.scdn.co%2F300%2Fab67616d00001e021f6a2a40bb692936879db730ab67616d00001e024053ce7818f114a4e8dde08fab67616d00001e02633c04118b43d201581e3328ab67616d00001e02b6a9c21235663d53c07b84ee&amp;key=2aa3c4d5f3de4f5b9120b660ad850dc9&amp;type=text%2Fhtml&amp;schema=spotify"" width=""456"" height=""352"" scrolling=""no"" title=""Spotify embed"" frameborder=""0"" allow=""autoplay; fullscreen; encrypted-media; picture-in-picture;"" allowfullscreen=""true""&gt;&lt;/iframe&gt;', 'width': 456, 'scrolling': False, 'media_domain_url': 'https://www.redditmedia.com/mediaembed/19f3kvx', 'height': 352}",[REQUEST] Playlists / Songs / Artists / Albums ,False,2,,False,False,,False,,[],{},,,False,public,1706166492.0,text,6,,,text,open.spotify.com,False,"&lt;!-- SC_OFF --&gt;&lt;div class=""md""&gt;&lt;p&gt;Hey guys, do drop your suggestions below. I&amp;#39;ll make it a point to add everyone&amp;#39;s music. So far, we&amp;#39;ve got some very interesting songs. Some African, German, Portuguese and Arabic music as well, do check it out!&lt;/p&gt;
&lt;/div&gt;&lt;!-- SC_ON --&gt;",,,,,False,True,False,False,False,,[],[],False,b188c2f4-9a2e-11e9-9464-0e9d067aecce,False,False,False,,[],False,,,,t5_2qofj,False,,,,#94e044,19f3kvx,True,,Longjumping-Grade505,,1,True,all_ads,False,[],False,,/r/spotify/comments/19f3kvx/a_public_compilation_drop_your_favorite_songs/,all_ads,False,https://open.spotify.com/playlist/4v8IYjNcRWkP3oFia8IKOA?si=kNmlAhTrQ_CrKZmMK5T4Tg&amp;pi=a-44n2JneKSvKV,1396770,1706166492.0,0,"{'type': 'open.spotify.com', 'oembed': {'provider_url': 'https://spotify.com', 'description': 'A Public Compilation · Playlist · 185 songs · 24 likes', 'title': 'A Public Compilation', 'type': 'rich', 'thumbnail_width': 300, 'height': 352, 'width': 456, 'html': '&lt;iframe class=""embedly-embed"" src=""https://cdn.embedly.com/widgets/media.html?src=https%3A%2F%2Fopen.spotify.com%2Fembed%2Fplaylist%2F4v8IYjNcRWkP3oFia8IKOA%3Futm_source%3Doembed&amp;display_name=Spotify&amp;url=https%3A%2F%2Fopen.spotify.com%2Fplaylist%2F4v8IYjNcRWkP3oFia8IKOA&amp;image=https%3A%2F%2Fmosaic.scdn.co%2F300%2Fab67616d00001e021f6a2a40bb692936879db730ab67616d00001e024053ce7818f114a4e8dde08fab67616d00001e02633c04118b43d201581e3328ab67616d00001e02b6a9c21235663d53c07b84ee&amp;key=2aa3c4d5f3de4f5b9120b660ad850dc9&amp;type=text%2Fhtml&amp;schema=spotify"" width=""456"" height=""352"" scrolling=""no"" title=""Spotify embed"" frameborder=""0"" allow=""autoplay; fullscreen; encrypted-media; picture-in-picture;"" allowfullscreen=""true""&gt;&lt;/iframe&gt;', 'version': '1.0', 'provider_name': 'Spotify', 'thumbnail_url': 'https://mosaic.scdn.co/300/ab67616d00001e021f6a2a40bb692936879db730ab67616d00001e024053ce7818f114a4e8dde08fab67616d00001e02633c04118b43d201581e3328ab67616d00001e02b6a9c21235663d53c07b84ee', 'thumbnail_height': 300}}",False,https://open.spotify.com/playlist/4v8IYjNcRWkP3oFia8IKOA?si=kNmlAhTrQ_CrKZmMK5T4Tg&amp;pi=a-44n2JneKSvKV,,,
,spotify,,t2_8nnknncl,False,,0,False,sad playlist-made this in like 9th grade but edited it over the years. you should give it a chance lol,[],r/spotify,False,6,,0,,,False,,t3_19f6h1i,False,dark,1.0,,1,0,"{'content': '&lt;iframe class=""embedly-embed"" src=""https://cdn.embedly.com/widgets/media.html?src=https%3A%2F%2Fopen.spotify.com%2Fembed%2Fplaylist%2F0aLjgnGp84r6QNCA9d6YoR%3Futm_source%3Doembed&amp;display_name=Spotify&amp;url=https%3A%2F%2Fopen.spotify.com%2Fplaylist%2F0aLjgnGp84r6QNCA9d6YoR&amp;image=https%3A%2F%2Fi.scdn.co%2Fimage%2Fab67706c0000da84b08933441c8f81bfc9f89a50&amp;key=2aa3c4d5f3de4f5b9120b660ad850dc9&amp;type=text%2Fhtml&amp;schema=spotify"" width=""456"" height=""352"" scrolling=""no"" title=""Spotify embed"" frameborder=""0"" allow=""autoplay; fullscreen; encrypted-media; picture-in-picture;"" allowfullscreen=""true""&gt;&lt;/iframe&gt;', 'width': 456, 'scrolling': False, 'height': 352}",,,False,[],"{'type': 'open.spotify.com', 'oembed': {'provider_url': 'https://spotify.com', 'description': 'Sad Boy Songs :( Playlist · Playlist · 71 songs', 'title': 'Sad Boy Songs :( Playlist', 'type': 'rich', 'thumbnail_width': 300, 'height': 352, 'width': 456, 'html': '&lt;iframe class=""embedly-embed"" src=""https://cdn.embedly.com/widgets/media.html?src=https%3A%2F%2Fopen.spotify.com%2Fembed%2Fplaylist%2F0aLjgnGp84r6QNCA9d6YoR%3Futm_source%3Doembed&amp;display_name=Spotify&amp;url=https%3A%2F%2Fopen.spotify.com%2Fplaylist%2F0aLjgnGp84r6QNCA9d6YoR&amp;image=https%3A%2F%2Fi.scdn.co%2Fimage%2Fab67706c0000da84b08933441c8f81bfc9f89a50&amp;key=2aa3c4d5f3de4f5b9120b660ad850dc9&amp;type=text%2Fhtml&amp;schema=spotify"" width=""456"" height=""352"" scrolling=""no"" title=""Spotify embed"" frameborder=""0"" allow=""autoplay; fullscreen; encrypted-media; picture-in-picture;"" allowfullscreen=""true""&gt;&lt;/iframe&gt;', 'version': '1.0', 'provider_name': 'Spotify', 'thumbnail_url': 'https://i.scdn.co/image/ab67706c0000da84b08933441c8f81bfc9f89a50', 'thumbnail_height': 300}}",False,False,,"{'content': '&lt;iframe class=""embedly-embed"" src=""https://cdn.embedly.com/widgets/media.html?src=https%3A%2F%2Fopen.spotify.com%2Fembed%2Fplaylist%2F0aLjgnGp84r6QNCA9d6YoR%3Futm_source%3Doembed&amp;display_name=Spotify&amp;url=https%3A%2F%2Fopen.spotify.com%2Fplaylist%2F0aLjgnGp84r6QNCA9d6YoR&amp;image=https%3A%2F%2Fi.scdn.co%2Fimage%2Fab67706c0000da84b08933441c8f81bfc9f89a50&amp;key=2aa3c4d5f3de4f5b9120b660ad850dc9&amp;type=text%2Fhtml&amp;schema=spotify"" width=""456"" height=""352"" scrolling=""no"" title=""Spotify embed"" frameborder=""0"" allow=""autoplay; fullscreen; encrypted-media; picture-in-picture;"" allowfullscreen=""true""&gt;&lt;/iframe&gt;', 'width': 456, 'scrolling': False, 'media_domain_url': 'https://www.redditmedia.com/mediaembed/19f6h1i', 'height': 352}","Playlist - Mood/Feeling (Chill, Lofi, Uplifting)",False,1,,False,False,,False,,[],{},,,False,public,1706179099.0,text,6,,,text,open.spotify.com,False,,,,,,False,True,False,False,False,,[],[],False,ede46e42-9fa0-11ea-8c94-0e70d5715363,False,False,False,,[],False,,,,t5_2qofj,False,,,,#c300c1,19f6h1i,True,,AffectionateWill2568,,0,True,all_ads,False,[],False,,/r/spotify/comments/19f6h1i/sad_playlistmade_this_in_like_9th_grade_but/,all_ads,False,https://open.spotify.com/playlist/0aLjgnGp84r6QNCA9d6YoR?si=D-VRQ62DRvaELy1vCMapPg,1396770,1706179099.0,0,"{'type': 'open.spotify.com', 'oembed': {'provider_url': 'https://spotify.com', 'description': 'Sad Boy Songs :( Playlist · Playlist · 71 songs', 'title': 'Sad Boy Songs :( Playlist', 'type': 'rich', 'thumbnail_width': 300, 'height': 352, 'width': 456, 'html': '&lt;iframe class=""embedly-embed"" src=""https://cdn.embedly.com/widgets/media.html?src=https%3A%2F%2Fopen.spotify.com%2Fembed%2Fplaylist%2F0aLjgnGp84r6QNCA9d6YoR%3Futm_source%3Doembed&amp;display_name=Spotify&amp;url=https%3A%2F%2Fopen.spotify.com%2Fplaylist%2F0aLjgnGp84r6QNCA9d6YoR&amp;image=https%3A%2F%2Fi.scdn.co%2Fimage%2Fab67706c0000da84b08933441c8f81bfc9f89a50&amp;key=2aa3c4d5f3de4f5b9120b660ad850dc9&amp;type=text%2Fhtml&amp;schema=spotify"" width=""456"" height=""352"" scrolling=""no"" title=""Spotify embed"" frameborder=""0"" allow=""autoplay; fullscreen; encrypted-media; picture-in-picture;"" allowfullscreen=""true""&gt;&lt;/iframe&gt;', 'version': '1.0', 'provider_name': 'Spotify', 'thumbnail_url': 'https://i.scdn.co/image/ab67706c0000da84b08933441c8f81bfc9f89a50', 'thumbnail_height': 300}}",False,https://open.spotify.com/playlist/0aLjgnGp84r6QNCA9d6YoR?si=D-VRQ62DRvaELy1vCMapPg,,,
,spotify,"I've been searching for anyone with the same problem but I can't find any

Ok, so I peek at the next song, then I press the shuffle button and peek again and it's the exact same
(I repeat this in case the shuffle just happened to pick the next song)

And when I minimise the song cover thingy and maximise it again, it deselects the shuffle option

Wtf is happening!?

Edit: I'm not on mobile, and I don't use premium. If that's helpful",t2_lk82sqop,False,,0,False,Shuffle not even applying,[],r/spotify,False,6,,0,,,False,,t3_19f38id,False,light,1.0,,2,0,{},,,False,[],,False,False,,{},Shuffle Complaint,False,2,,False,False,,1706165305.0,,[],{},,,True,public,1706165103.0,text,6,,,text,self.spotify,False,"&lt;!-- SC_OFF --&gt;&lt;div class=""md""&gt;&lt;p&gt;I&amp;#39;ve been searching for anyone with the same problem but I can&amp;#39;t find any&lt;/p&gt;

&lt;p&gt;Ok, so I peek at the next song, then I press the shuffle button and peek again and it&amp;#39;s the exact same
(I repeat this in case the shuffle just happened to pick the next song)&lt;/p&gt;

&lt;p&gt;And when I minimise the song cover thingy and maximise it again, it deselects the shuffle option&lt;/p&gt;

&lt;p&gt;Wtf is happening!?&lt;/p&gt;

&lt;p&gt;Edit: I&amp;#39;m not on mobile, and I don&amp;#39;t use premium. If that&amp;#39;s helpful&lt;/p&gt;
&lt;/div&gt;&lt;!-- SC_ON --&gt;",,,,,False,False,False,False,False,,[],[],False,c26db3f0-eaf4-11ea-842b-0e000ead5bdb,False,False,False,,[],False,,,,t5_2qofj,False,,,,,19f38id,True,,MateKjosty,,0,True,all_ads,False,[],False,,/r/spotify/comments/19f38id/shuffle_not_even_applying/,all_ads,False,https://www.reddit.com/r/spotify/comments/19f38id/shuffle_not_even_applying/,1396770,1706165103.0,0,,False,,,,
,spotify,,t2_s2e1e39x,False,,0,False,赵乃吉精选 (Best of Seammy赵乃吉),[],r/spotify,False,6,,0,,,False,,t3_19f2poa,False,dark,1.0,,2,0,"{'content': '&lt;iframe class=""embedly-embed"" src=""https://cdn.embedly.com/widgets/media.html?src=https%3A%2F%2Fopen.spotify.com%2Fembed%2Fplaylist%2F2vxI8l5L5U75T3DxBsoZgq%3Futm_source%3Doembed&amp;display_name=Spotify&amp;url=https%3A%2F%2Fopen.spotify.com%2Fplaylist%2F2vxI8l5L5U75T3DxBsoZgq&amp;image=https%3A%2F%2Fi.scdn.co%2Fimage%2Fab67706c0000da84ab585eda5ef2f1f489f87ad6&amp;key=2aa3c4d5f3de4f5b9120b660ad850dc9&amp;type=text%2Fhtml&amp;schema=spotify"" width=""456"" height=""352"" scrolling=""no"" title=""Spotify embed"" frameborder=""0"" allow=""autoplay; fullscreen; encrypted-media; picture-in-picture;"" allowfullscreen=""true""&gt;&lt;/iframe&gt;', 'width': 456, 'scrolling': False, 'height': 352}",,,False,[],"{'type': 'open.spotify.com', 'oembed': {'provider_url': 'https://spotify.com', 'description': '赵乃吉精选 (Best of Seammy赵乃吉) · Playlist · 80 songs · 43 likes', 'title': '赵乃吉精选 (Best of Seammy赵乃吉)', 'type': 'rich', 'thumbnail_width': 300, 'height': 352, 'width': 456, 'html': '&lt;iframe class=""embedly-embed"" src=""https://cdn.embedly.com/widgets/media.html?src=https%3A%2F%2Fopen.spotify.com%2Fembed%2Fplaylist%2F2vxI8l5L5U75T3DxBsoZgq%3Futm_source%3Doembed&amp;display_name=Spotify&amp;url=https%3A%2F%2Fopen.spotify.com%2Fplaylist%2F2vxI8l5L5U75T3DxBsoZgq&amp;image=https%3A%2F%2Fi.scdn.co%2Fimage%2Fab67706c0000da84ab585eda5ef2f1f489f87ad6&amp;key=2aa3c4d5f3de4f5b9120b660ad850dc9&amp;type=text%2Fhtml&amp;schema=spotify"" width=""456"" height=""352"" scrolling=""no"" title=""Spotify embed"" frameborder=""0"" allow=""autoplay; fullscreen; encrypted-media; picture-in-picture;"" allowfullscreen=""true""&gt;&lt;/iframe&gt;', 'version': '1.0', 'provider_name': 'Spotify', 'thumbnail_url': 'https://i.scdn.co/image/ab67706c0000da84ab585eda5ef2f1f489f87ad6', 'thumbnail_height': 300}}",False,False,,"{'content': '&lt;iframe class=""embedly-embed"" src=""https://cdn.embedly.com/widgets/media.html?src=https%3A%2F%2Fopen.spotify.com%2Fembed%2Fplaylist%2F2vxI8l5L5U75T3DxBsoZgq%3Futm_source%3Doembed&amp;display_name=Spotify&amp;url=https%3A%2F%2Fopen.spotify.com%2Fplaylist%2F2vxI8l5L5U75T3DxBsoZgq&amp;image=https%3A%2F%2Fi.scdn.co%2Fimage%2Fab67706c0000da84ab585eda5ef2f1f489f87ad6&amp;key=2aa3c4d5f3de4f5b9120b660ad850dc9&amp;type=text%2Fhtml&amp;schema=spotify"" width=""456"" height=""352"" scrolling=""no"" title=""Spotify embed"" frameborder=""0"" allow=""autoplay; fullscreen; encrypted-media; picture-in-picture;"" allowfullscreen=""true""&gt;&lt;/iframe&gt;', 'width': 456, 'scrolling': False, 'media_domain_url': 'https://www.redditmedia.com/mediaembed/19f2poa', 'height': 352}",Playlist - Pop / R&amp;B / Top 40,False,2,,False,False,,False,,[],{},,,False,public,1706163152.0,text,6,,,text,open.spotify.com,False,,,,,,False,False,False,False,False,,[],[],False,e5554224-9fa0-11ea-8d77-0ef74412130d,False,False,False,,[],False,,,,t5_2qofj,False,,,,#39c3de,19f2poa,True,,playlistmakerprofi,,0,True,all_ads,False,[],False,,/r/spotify/comments/19f2poa/赵乃吉精选_best_of_seammy赵乃吉/,all_ads,False,https://open.spotify.com/playlist/2vxI8l5L5U75T3DxBsoZgq?si=73cb423fd9e744b8,1396770,1706163152.0,0,"{'type': 'open.spotify.com', 'oembed': {'provider_url': 'https://spotify.com', 'description': '赵乃吉精选 (Best of Seammy赵乃吉) · Playlist · 80 songs · 43 likes', 'title': '赵乃吉精选 (Best of Seammy赵乃吉)', 'type': 'rich', 'thumbnail_width': 300, 'height': 352, 'width': 456, 'html': '&lt;iframe class=""embedly-embed"" src=""https://cdn.embedly.com/widgets/media.html?src=https%3A%2F%2Fopen.spotify.com%2Fembed%2Fplaylist%2F2vxI8l5L5U75T3DxBsoZgq%3Futm_source%3Doembed&amp;display_name=Spotify&amp;url=https%3A%2F%2Fopen.spotify.com%2Fplaylist%2F2vxI8l5L5U75T3DxBsoZgq&amp;image=https%3A%2F%2Fi.scdn.co%2Fimage%2Fab67706c0000da84ab585eda5ef2f1f489f87ad6&amp;key=2aa3c4d5f3de4f5b9120b660ad850dc9&amp;type=text%2Fhtml&amp;schema=spotify"" width=""456"" height=""352"" scrolling=""no"" title=""Spotify embed"" frameborder=""0"" allow=""autoplay; fullscreen; encrypted-media; picture-in-picture;"" allowfullscreen=""true""&gt;&lt;/iframe&gt;', 'version': '1.0', 'provider_name': 'Spotify', 'thumbnail_url': 'https://i.scdn.co/image/ab67706c0000da84ab585eda5ef2f1f489f87ad6', 'thumbnail_height': 300}}",False,https://open.spotify.com/playlist/2vxI8l5L5U75T3DxBsoZgq?si=73cb423fd9e744b8,,,
,spotify,,t2_dk1pnsn1,False,,0,False,My beachy playlist,[],r/spotify,False,6,,0,,,False,,t3_19f5uge,False,dark,1.0,,1,0,"{'content': '&lt;iframe class=""embedly-embed"" src=""https://cdn.embedly.com/widgets/media.html?src=https%3A%2F%2Fopen.spotify.com%2Fembed%2Fplaylist%2F2FuSTMmmATkDypkrCxlwxs%3Futm_source%3Doembed&amp;display_name=Spotify&amp;url=https%3A%2F%2Fopen.spotify.com%2Fplaylist%2F2FuSTMmmATkDypkrCxlwxs&amp;image=https%3A%2F%2Fmosaic.scdn.co%2F300%2Fab67616d00001e0231868b98bc415ae21d7a3b28ab67616d00001e0238859e4c9ff0734d610fa5e5ab67616d00001e02944cd85d16e9a1565e6bb386ab67616d00001e02f806a7942ff458ea7653edd7&amp;key=2aa3c4d5f3de4f5b9120b660ad850dc9&amp;type=text%2Fhtml&amp;schema=spotify"" width=""456"" height=""352"" scrolling=""no"" title=""Spotify embed"" frameborder=""0"" allow=""autoplay; fullscreen; encrypted-media; picture-in-picture;"" allowfullscreen=""true""&gt;&lt;/iframe&gt;', 'width': 456, 'scrolling': False, 'height': 352}",,,False,[],"{'type': 'open.spotify.com', 'oembed': {'provider_url': 'https://spotify.com', 'description': 'beachy 🌊 · Playlist · 1067 songs · 12 likes', 'title': 'beachy 🌊', 'type': 'rich', 'thumbnail_width': 300, 'height': 352, 'width': 456, 'html': '&lt;iframe class=""embedly-embed"" src=""https://cdn.embedly.com/widgets/media.html?src=https%3A%2F%2Fopen.spotify.com%2Fembed%2Fplaylist%2F2FuSTMmmATkDypkrCxlwxs%3Futm_source%3Doembed&amp;display_name=Spotify&amp;url=https%3A%2F%2Fopen.spotify.com%2Fplaylist%2F2FuSTMmmATkDypkrCxlwxs&amp;image=https%3A%2F%2Fmosaic.scdn.co%2F300%2Fab67616d00001e0231868b98bc415ae21d7a3b28ab67616d00001e0238859e4c9ff0734d610fa5e5ab67616d00001e02944cd85d16e9a1565e6bb386ab67616d00001e02f806a7942ff458ea7653edd7&amp;key=2aa3c4d5f3de4f5b9120b660ad850dc9&amp;type=text%2Fhtml&amp;schema=spotify"" width=""456"" height=""352"" scrolling=""no"" title=""Spotify embed"" frameborder=""0"" allow=""autoplay; fullscreen; encrypted-media; picture-in-picture;"" allowfullscreen=""true""&gt;&lt;/iframe&gt;', 'version': '1.0', 'provider_name': 'Spotify', 'thumbnail_url': 'https://mosaic.scdn.co/300/ab67616d00001e0231868b98bc415ae21d7a3b28ab67616d00001e0238859e4c9ff0734d610fa5e5ab67616d00001e02944cd85d16e9a1565e6bb386ab67616d00001e02f806a7942ff458ea7653edd7', 'thumbnail_height': 300}}",False,False,,"{'content': '&lt;iframe class=""embedly-embed"" src=""https://cdn.embedly.com/widgets/media.html?src=https%3A%2F%2Fopen.spotify.com%2Fembed%2Fplaylist%2F2FuSTMmmATkDypkrCxlwxs%3Futm_source%3Doembed&amp;display_name=Spotify&amp;url=https%3A%2F%2Fopen.spotify.com%2Fplaylist%2F2FuSTMmmATkDypkrCxlwxs&amp;image=https%3A%2F%2Fmosaic.scdn.co%2F300%2Fab67616d00001e0231868b98bc415ae21d7a3b28ab67616d00001e0238859e4c9ff0734d610fa5e5ab67616d00001e02944cd85d16e9a1565e6bb386ab67616d00001e02f806a7942ff458ea7653edd7&amp;key=2aa3c4d5f3de4f5b9120b660ad850dc9&amp;type=text%2Fhtml&amp;schema=spotify"" width=""456"" height=""352"" scrolling=""no"" title=""Spotify embed"" frameborder=""0"" allow=""autoplay; fullscreen; encrypted-media; picture-in-picture;"" allowfullscreen=""true""&gt;&lt;/iframe&gt;', 'width': 456, 'scrolling': False, 'media_domain_url': 'https://www.redditmedia.com/mediaembed/19f5uge', 'height': 352}","Playlist - Theme  (Party, Beach, Study)",False,1,,False,False,,False,,[],{},,,False,public,1706176398.0,text,6,,,text,open.spotify.com,False,,,,,,False,True,False,False,False,,[],[],False,64fa8956-9fa3-11ea-ba10-0e669a062341,False,False,False,,[],False,,,,t5_2qofj,False,,,,#ffd635,19f5uge,True,,I_dnt_know_,,0,True,all_ads,False,[],False,,/r/spotify/comments/19f5uge/my_beachy_playlist/,all_ads,False,https://open.spotify.com/playlist/2FuSTMmmATkDypkrCxlwxs?si=5vejg44HQfaHQjcRB0GzXw,1396770,1706176398.0,0,"{'type': 'open.spotify.com', 'oembed': {'provider_url': 'https://spotify.com', 'description': 'beachy 🌊 · Playlist · 1067 songs · 12 likes', 'title': 'beachy 🌊', 'type': 'rich', 'thumbnail_width': 300, 'height': 352, 'width': 456, 'html': '&lt;iframe class=""embedly-embed"" src=""https://cdn.embedly.com/widgets/media.html?src=https%3A%2F%2Fopen.spotify.com%2Fembed%2Fplaylist%2F2FuSTMmmATkDypkrCxlwxs%3Futm_source%3Doembed&amp;display_name=Spotify&amp;url=https%3A%2F%2Fopen.spotify.com%2Fplaylist%2F2FuSTMmmATkDypkrCxlwxs&amp;image=https%3A%2F%2Fmosaic.scdn.co%2F300%2Fab67616d00001e0231868b98bc415ae21d7a3b28ab67616d00001e0238859e4c9ff0734d610fa5e5ab67616d00001e02944cd85d16e9a1565e6bb386ab67616d00001e02f806a7942ff458ea7653edd7&amp;key=2aa3c4d5f3de4f5b9120b660ad850dc9&amp;type=text%2Fhtml&amp;schema=spotify"" width=""456"" height=""352"" scrolling=""no"" title=""Spotify embed"" frameborder=""0"" allow=""autoplay; fullscreen; encrypted-media; picture-in-picture;"" allowfullscreen=""true""&gt;&lt;/iframe&gt;', 'version': '1.0', 'provider_name': 'Spotify', 'thumbnail_url': 'https://mosaic.scdn.co/300/ab67616d00001e0231868b98bc415ae21d7a3b28ab67616d00001e0238859e4c9ff0734d610fa5e5ab67616d00001e02944cd85d16e9a1565e6bb386ab67616d00001e02f806a7942ff458ea7653edd7', 'thumbnail_height': 300}}",False,https://open.spotify.com/playlist/2FuSTMmmATkDypkrCxlwxs?si=5vejg44HQfaHQjcRB0GzXw,,,
,spotify,"Hello, I’ve made a playlist including songs with samples from well known Roland TR-808 drum machine which changed music production. 
Playlist contains more than 700 songs through decades and genres like r&amp;b, classic rap, pop, freestyle, modern rap. 

Have you ever heard in modern trap stuttering 32nd-note hi-hat or massive bass drum? It’s 808. What about “booming” clap, high-pitched cowbell or “tapping” rimshot? It’s simple - 808. 

Better check this out.",t2_6211j9cuo,False,,0,False,Roland TR-808 playlist,[],r/spotify,False,6,,0,,,False,,t3_19f50ei,False,dark,1.0,,1,0,"{'content': '&lt;iframe class=""embedly-embed"" src=""https://cdn.embedly.com/widgets/media.html?src=https%3A%2F%2Fopen.spotify.com%2Fembed%2Fplaylist%2F2cpDVefl6x0vRbYuUeZri9%3Futm_source%3Doembed&amp;display_name=Spotify&amp;url=https%3A%2F%2Fopen.spotify.com%2Fplaylist%2F2cpDVefl6x0vRbYuUeZri9&amp;image=https%3A%2F%2Fi.scdn.co%2Fimage%2Fab67706c0000da843aaa5a4d802b60f732ab94a3&amp;key=2aa3c4d5f3de4f5b9120b660ad850dc9&amp;type=text%2Fhtml&amp;schema=spotify"" width=""456"" height=""352"" scrolling=""no"" title=""Spotify embed"" frameborder=""0"" allow=""autoplay; fullscreen; encrypted-media; picture-in-picture;"" allowfullscreen=""true""&gt;&lt;/iframe&gt;', 'width': 456, 'scrolling': False, 'height': 352}",,,False,[],"{'type': 'open.spotify.com', 'oembed': {'provider_url': 'https://spotify.com', 'description': 'Feat. Roland TR-808 · Playlist · 762 songs · 10 likes', 'title': 'Feat. Roland TR-808', 'type': 'rich', 'thumbnail_width': 300, 'height': 352, 'width': 456, 'html': '&lt;iframe class=""embedly-embed"" src=""https://cdn.embedly.com/widgets/media.html?src=https%3A%2F%2Fopen.spotify.com%2Fembed%2Fplaylist%2F2cpDVefl6x0vRbYuUeZri9%3Futm_source%3Doembed&amp;display_name=Spotify&amp;url=https%3A%2F%2Fopen.spotify.com%2Fplaylist%2F2cpDVefl6x0vRbYuUeZri9&amp;image=https%3A%2F%2Fi.scdn.co%2Fimage%2Fab67706c0000da843aaa5a4d802b60f732ab94a3&amp;key=2aa3c4d5f3de4f5b9120b660ad850dc9&amp;type=text%2Fhtml&amp;schema=spotify"" width=""456"" height=""352"" scrolling=""no"" title=""Spotify embed"" frameborder=""0"" allow=""autoplay; fullscreen; encrypted-media; picture-in-picture;"" allowfullscreen=""true""&gt;&lt;/iframe&gt;', 'version': '1.0', 'provider_name': 'Spotify', 'thumbnail_url': 'https://i.scdn.co/image/ab67706c0000da843aaa5a4d802b60f732ab94a3', 'thumbnail_height': 241}}",False,False,,"{'content': '&lt;iframe class=""embedly-embed"" src=""https://cdn.embedly.com/widgets/media.html?src=https%3A%2F%2Fopen.spotify.com%2Fembed%2Fplaylist%2F2cpDVefl6x0vRbYuUeZri9%3Futm_source%3Doembed&amp;display_name=Spotify&amp;url=https%3A%2F%2Fopen.spotify.com%2Fplaylist%2F2cpDVefl6x0vRbYuUeZri9&amp;image=https%3A%2F%2Fi.scdn.co%2Fimage%2Fab67706c0000da843aaa5a4d802b60f732ab94a3&amp;key=2aa3c4d5f3de4f5b9120b660ad850dc9&amp;type=text%2Fhtml&amp;schema=spotify"" width=""456"" height=""352"" scrolling=""no"" title=""Spotify embed"" frameborder=""0"" allow=""autoplay; fullscreen; encrypted-media; picture-in-picture;"" allowfullscreen=""true""&gt;&lt;/iframe&gt;', 'width': 456, 'scrolling': False, 'media_domain_url': 'https://www.redditmedia.com/mediaembed/19f50ei', 'height': 352}","Playlist - Theme  (Party, Beach, Study)",False,1,,False,False,,False,,[],{},,,False,public,1706172612.0,text,6,,,text,open.spotify.com,False,"&lt;!-- SC_OFF --&gt;&lt;div class=""md""&gt;&lt;p&gt;Hello, I’ve made a playlist including songs with samples from well known Roland TR-808 drum machine which changed music production. 
Playlist contains more than 700 songs through decades and genres like r&amp;amp;b, classic rap, pop, freestyle, modern rap. &lt;/p&gt;

&lt;p&gt;Have you ever heard in modern trap stuttering 32nd-note hi-hat or massive bass drum? It’s 808. What about “booming” clap, high-pitched cowbell or “tapping” rimshot? It’s simple - 808. &lt;/p&gt;

&lt;p&gt;Better check this out.&lt;/p&gt;
&lt;/div&gt;&lt;!-- SC_ON --&gt;",,,,,False,True,False,False,False,,[],[],False,64fa8956-9fa3-11ea-ba10-0e669a062341,False,False,False,,[],False,,,,t5_2qofj,False,,,,#ffd635,19f50ei,True,,Sorry-Song-6550,,0,True,all_ads,False,[],False,,/r/spotify/comments/19f50ei/roland_tr808_playlist/,all_ads,False,https://open.spotify.com/playlist/2cpDVefl6x0vRbYuUeZri9?si=McLdgs_1THq8QcxHaIGA1Q&amp;pi=e-4C5-0shdQyqr,1396770,1706172612.0,0,"{'type': 'open.spotify.com', 'oembed': {'provider_url': 'https://spotify.com', 'description': 'Feat. Roland TR-808 · Playlist · 762 songs · 10 likes', 'title': 'Feat. Roland TR-808', 'type': 'rich', 'thumbnail_width': 300, 'height': 352, 'width': 456, 'html': '&lt;iframe class=""embedly-embed"" src=""https://cdn.embedly.com/widgets/media.html?src=https%3A%2F%2Fopen.spotify.com%2Fembed%2Fplaylist%2F2cpDVefl6x0vRbYuUeZri9%3Futm_source%3Doembed&amp;display_name=Spotify&amp;url=https%3A%2F%2Fopen.spotify.com%2Fplaylist%2F2cpDVefl6x0vRbYuUeZri9&amp;image=https%3A%2F%2Fi.scdn.co%2Fimage%2Fab67706c0000da843aaa5a4d802b60f732ab94a3&amp;key=2aa3c4d5f3de4f5b9120b660ad850dc9&amp;type=text%2Fhtml&amp;schema=spotify"" width=""456"" height=""352"" scrolling=""no"" title=""Spotify embed"" frameborder=""0"" allow=""autoplay; fullscreen; encrypted-media; picture-in-picture;"" allowfullscreen=""true""&gt;&lt;/iframe&gt;', 'version': '1.0', 'provider_name': 'Spotify', 'thumbnail_url': 'https://i.scdn.co/image/ab67706c0000da843aaa5a4d802b60f732ab94a3', 'thumbnail_height': 241}}",False,https://open.spotify.com/playlist/2cpDVefl6x0vRbYuUeZri9?si=McLdgs_1THq8QcxHaIGA1Q&amp;pi=e-4C5-0shdQyqr,,,
,spotify,,t2_s2e1e39x,False,,0,False,70s Hits Top 1000,[],r/spotify,False,6,,0,,,False,,t3_19f4x38,False,dark,1.0,,1,0,"{'content': '&lt;iframe class=""embedly-embed"" src=""https://cdn.embedly.com/widgets/media.html?src=https%3A%2F%2Fopen.spotify.com%2Fembed%2Fplaylist%2F2kAdKduothmy3gSsdkeCYO%3Futm_source%3Doembed&amp;display_name=Spotify&amp;url=https%3A%2F%2Fopen.spotify.com%2Fplaylist%2F2kAdKduothmy3gSsdkeCYO&amp;image=https%3A%2F%2Fi.scdn.co%2Fimage%2Fab67706c0000da84ea28877936603aba9502d8cb&amp;key=2aa3c4d5f3de4f5b9120b660ad850dc9&amp;type=text%2Fhtml&amp;schema=spotify"" width=""456"" height=""352"" scrolling=""no"" title=""Spotify embed"" frameborder=""0"" allow=""autoplay; fullscreen; encrypted-media; picture-in-picture;"" allowfullscreen=""true""&gt;&lt;/iframe&gt;', 'width': 456, 'scrolling': False, 'height': 352}",,,False,[],"{'type': 'open.spotify.com', 'oembed': {'provider_url': 'https://spotify.com', 'description': '70s Hits Top 1000 · Playlist · 1000 songs · 38 likes', 'title': '70s Hits Top 1000', 'type': 'rich', 'thumbnail_width': 300, 'height': 352, 'width': 456, 'html': '&lt;iframe class=""embedly-embed"" src=""https://cdn.embedly.com/widgets/media.html?src=https%3A%2F%2Fopen.spotify.com%2Fembed%2Fplaylist%2F2kAdKduothmy3gSsdkeCYO%3Futm_source%3Doembed&amp;display_name=Spotify&amp;url=https%3A%2F%2Fopen.spotify.com%2Fplaylist%2F2kAdKduothmy3gSsdkeCYO&amp;image=https%3A%2F%2Fi.scdn.co%2Fimage%2Fab67706c0000da84ea28877936603aba9502d8cb&amp;key=2aa3c4d5f3de4f5b9120b660ad850dc9&amp;type=text%2Fhtml&amp;schema=spotify"" width=""456"" height=""352"" scrolling=""no"" title=""Spotify embed"" frameborder=""0"" allow=""autoplay; fullscreen; encrypted-media; picture-in-picture;"" allowfullscreen=""true""&gt;&lt;/iframe&gt;', 'version': '1.0', 'provider_name': 'Spotify', 'thumbnail_url': 'https://i.scdn.co/image/ab67706c0000da84ea28877936603aba9502d8cb', 'thumbnail_height': 300}}",False,False,,"{'content': '&lt;iframe class=""embedly-embed"" src=""https://cdn.embedly.com/widgets/media.html?src=https%3A%2F%2Fopen.spotify.com%2Fembed%2Fplaylist%2F2kAdKduothmy3gSsdkeCYO%3Futm_source%3Doembed&amp;display_name=Spotify&amp;url=https%3A%2F%2Fopen.spotify.com%2Fplaylist%2F2kAdKduothmy3gSsdkeCYO&amp;image=https%3A%2F%2Fi.scdn.co%2Fimage%2Fab67706c0000da84ea28877936603aba9502d8cb&amp;key=2aa3c4d5f3de4f5b9120b660ad850dc9&amp;type=text%2Fhtml&amp;schema=spotify"" width=""456"" height=""352"" scrolling=""no"" title=""Spotify embed"" frameborder=""0"" allow=""autoplay; fullscreen; encrypted-media; picture-in-picture;"" allowfullscreen=""true""&gt;&lt;/iframe&gt;', 'width': 456, 'scrolling': False, 'media_domain_url': 'https://www.redditmedia.com/mediaembed/19f4x38', 'height': 352}",Playlist - Throwback/Flashback/Decades,False,1,,False,False,,False,,[],{},,,False,public,1706172204.0,text,6,,,text,open.spotify.com,False,,,,,,False,True,False,False,False,,[],[],False,8f93ff06-9fa5-11ea-8fd9-0e846d182559,False,False,False,,[],False,,,,t5_2qofj,False,,,,#ab672f,19f4x38,True,,playlistmakerprofi,,0,True,all_ads,False,[],False,,/r/spotify/comments/19f4x38/70s_hits_top_1000/,all_ads,False,https://open.spotify.com/playlist/2kAdKduothmy3gSsdkeCYO?si=2c32115dbd9244e8,1396770,1706172204.0,0,"{'type': 'open.spotify.com', 'oembed': {'provider_url': 'https://spotify.com', 'description': '70s Hits Top 1000 · Playlist · 1000 songs · 38 likes', 'title': '70s Hits Top 1000', 'type': 'rich', 'thumbnail_width': 300, 'height': 352, 'width': 456, 'html': '&lt;iframe class=""embedly-embed"" src=""https://cdn.embedly.com/widgets/media.html?src=https%3A%2F%2Fopen.spotify.com%2Fembed%2Fplaylist%2F2kAdKduothmy3gSsdkeCYO%3Futm_source%3Doembed&amp;display_name=Spotify&amp;url=https%3A%2F%2Fopen.spotify.com%2Fplaylist%2F2kAdKduothmy3gSsdkeCYO&amp;image=https%3A%2F%2Fi.scdn.co%2Fimage%2Fab67706c0000da84ea28877936603aba9502d8cb&amp;key=2aa3c4d5f3de4f5b9120b660ad850dc9&amp;type=text%2Fhtml&amp;schema=spotify"" width=""456"" height=""352"" scrolling=""no"" title=""Spotify embed"" frameborder=""0"" allow=""autoplay; fullscreen; encrypted-media; picture-in-picture;"" allowfullscreen=""true""&gt;&lt;/iframe&gt;', 'version': '1.0', 'provider_name': 'Spotify', 'thumbnail_url': 'https://i.scdn.co/image/ab67706c0000da84ea28877936603aba9502d8cb', 'thumbnail_height': 300}}",False,https://open.spotify.com/playlist/2kAdKduothmy3gSsdkeCYO?si=2c32115dbd9244e8,,,
,spotify,,t2_53883501,False,,0,False,Study Vibes - Upbeat catchy pop perfect for studying or working (study),[],r/spotify,False,6,,0,,,False,,t3_19f0e9t,False,dark,1.0,,2,0,"{'content': '&lt;iframe class=""embedly-embed"" src=""https://cdn.embedly.com/widgets/media.html?src=https%3A%2F%2Fopen.spotify.com%2Fembed%2Fplaylist%2F2UPJGuBWMOPQA4UauQln6R%3Futm_source%3Doembed&amp;display_name=Spotify&amp;url=https%3A%2F%2Fopen.spotify.com%2Fplaylist%2F2UPJGuBWMOPQA4UauQln6R&amp;image=https%3A%2F%2Fi.scdn.co%2Fimage%2Fab67706c0000da848296bde3d15726122c8fead1&amp;key=2aa3c4d5f3de4f5b9120b660ad850dc9&amp;type=text%2Fhtml&amp;schema=spotify"" width=""456"" height=""352"" scrolling=""no"" title=""Spotify embed"" frameborder=""0"" allow=""autoplay; fullscreen; encrypted-media; picture-in-picture;"" allowfullscreen=""true""&gt;&lt;/iframe&gt;', 'width': 456, 'scrolling': False, 'height': 352}",,,False,[],"{'type': 'open.spotify.com', 'oembed': {'provider_url': 'https://spotify.com', 'description': 'Study Vibes 2024 · Playlist · 216 songs · 20 likes', 'title': 'Study Vibes 2024', 'type': 'rich', 'thumbnail_width': 300, 'height': 352, 'width': 456, 'html': '&lt;iframe class=""embedly-embed"" src=""https://cdn.embedly.com/widgets/media.html?src=https%3A%2F%2Fopen.spotify.com%2Fembed%2Fplaylist%2F2UPJGuBWMOPQA4UauQln6R%3Futm_source%3Doembed&amp;display_name=Spotify&amp;url=https%3A%2F%2Fopen.spotify.com%2Fplaylist%2F2UPJGuBWMOPQA4UauQln6R&amp;image=https%3A%2F%2Fi.scdn.co%2Fimage%2Fab67706c0000da848296bde3d15726122c8fead1&amp;key=2aa3c4d5f3de4f5b9120b660ad850dc9&amp;type=text%2Fhtml&amp;schema=spotify"" width=""456"" height=""352"" scrolling=""no"" title=""Spotify embed"" frameborder=""0"" allow=""autoplay; fullscreen; encrypted-media; picture-in-picture;"" allowfullscreen=""true""&gt;&lt;/iframe&gt;', 'version': '1.0', 'provider_name': 'Spotify', 'thumbnail_url': 'https://i.scdn.co/image/ab67706c0000da848296bde3d15726122c8fead1', 'thumbnail_height': 300}}",False,False,,"{'content': '&lt;iframe class=""embedly-embed"" src=""https://cdn.embedly.com/widgets/media.html?src=https%3A%2F%2Fopen.spotify.com%2Fembed%2Fplaylist%2F2UPJGuBWMOPQA4UauQln6R%3Futm_source%3Doembed&amp;display_name=Spotify&amp;url=https%3A%2F%2Fopen.spotify.com%2Fplaylist%2F2UPJGuBWMOPQA4UauQln6R&amp;image=https%3A%2F%2Fi.scdn.co%2Fimage%2Fab67706c0000da848296bde3d15726122c8fead1&amp;key=2aa3c4d5f3de4f5b9120b660ad850dc9&amp;type=text%2Fhtml&amp;schema=spotify"" width=""456"" height=""352"" scrolling=""no"" title=""Spotify embed"" frameborder=""0"" allow=""autoplay; fullscreen; encrypted-media; picture-in-picture;"" allowfullscreen=""true""&gt;&lt;/iframe&gt;', 'width': 456, 'scrolling': False, 'media_domain_url': 'https://www.redditmedia.com/mediaembed/19f0e9t', 'height': 352}","Playlist - Theme  (Party, Beach, Study)",False,2,,False,False,,False,,[],{},,,False,public,1706155259.0,text,6,,,text,open.spotify.com,False,,,,,,False,False,False,False,False,,[],[],False,64fa8956-9fa3-11ea-ba10-0e669a062341,False,False,False,,[],False,,,,t5_2qofj,False,,,,#ffd635,19f0e9t,True,,jmcarlos27,,0,True,all_ads,False,[],False,,/r/spotify/comments/19f0e9t/study_vibes_upbeat_catchy_pop_perfect_for/,all_ads,False,https://open.spotify.com/playlist/2UPJGuBWMOPQA4UauQln6R?si=VCnatfKUSY2D6WqpEcmQdA,1396770,1706155259.0,0,"{'type': 'open.spotify.com', 'oembed': {'provider_url': 'https://spotify.com', 'description': 'Study Vibes 2024 · Playlist · 216 songs · 20 likes', 'title': 'Study Vibes 2024', 'type': 'rich', 'thumbnail_width': 300, 'height': 352, 'width': 456, 'html': '&lt;iframe class=""embedly-embed"" src=""https://cdn.embedly.com/widgets/media.html?src=https%3A%2F%2Fopen.spotify.com%2Fembed%2Fplaylist%2F2UPJGuBWMOPQA4UauQln6R%3Futm_source%3Doembed&amp;display_name=Spotify&amp;url=https%3A%2F%2Fopen.spotify.com%2Fplaylist%2F2UPJGuBWMOPQA4UauQln6R&amp;image=https%3A%2F%2Fi.scdn.co%2Fimage%2Fab67706c0000da848296bde3d15726122c8fead1&amp;key=2aa3c4d5f3de4f5b9120b660ad850dc9&amp;type=text%2Fhtml&amp;schema=spotify"" width=""456"" height=""352"" scrolling=""no"" title=""Spotify embed"" frameborder=""0"" allow=""autoplay; fullscreen; encrypted-media; picture-in-picture;"" allowfullscreen=""true""&gt;&lt;/iframe&gt;', 'version': '1.0', 'provider_name': 'Spotify', 'thumbnail_url': 'https://i.scdn.co/image/ab67706c0000da848296bde3d15726122c8fead1', 'thumbnail_height': 300}}",False,https://open.spotify.com/playlist/2UPJGuBWMOPQA4UauQln6R?si=VCnatfKUSY2D6WqpEcmQdA,,,
,spotify,"For context- had a job I loved and there was a BEAUTIFUL man there I flirted with for around a month, he was always so sweet and kind and patient with me. But we both are very shy so it was hard to get anywhere. I was trying hard to work up the courage to ask if he wanted to hang out or something over the last couple weeks, but then yesterday morning our company got evicted from the building we were in because the building was full of mold and in a bit of disrepair so now I don’t have a job AND I never got the chance to really get to know this guy and I might never see him again. We don’t have any mutual work friends and I don’t have his contact info. We spent the remainder of the day moving everything out of the building, I stayed two extra hours and half the reason was to see if I could find a good moment or get him alone to ask him but it just didn’t work out. I just really need some relatable tunes so I can listen and stare at the ceiling and yearn 🥲🥲",t2_rwy81jfg,False,,0,False,Songs for when you didn’t get the chance to tell someone you like them and now you may never see them again?,[],r/spotify,False,6,favors,0,,,False,,t3_19f43op,False,dark,1.0,,1,0,{},,,False,[],,False,False,,{},[REQUEST] Playlists / Songs / Artists / Albums ,False,1,,False,False,,False,,[],{},,,True,public,1706168647.0,text,6,,,text,self.spotify,False,"&lt;!-- SC_OFF --&gt;&lt;div class=""md""&gt;&lt;p&gt;For context- had a job I loved and there was a BEAUTIFUL man there I flirted with for around a month, he was always so sweet and kind and patient with me. But we both are very shy so it was hard to get anywhere. I was trying hard to work up the courage to ask if he wanted to hang out or something over the last couple weeks, but then yesterday morning our company got evicted from the building we were in because the building was full of mold and in a bit of disrepair so now I don’t have a job AND I never got the chance to really get to know this guy and I might never see him again. We don’t have any mutual work friends and I don’t have his contact info. We spent the remainder of the day moving everything out of the building, I stayed two extra hours and half the reason was to see if I could find a good moment or get him alone to ask him but it just didn’t work out. I just really need some relatable tunes so I can listen and stare at the ceiling and yearn 🥲🥲&lt;/p&gt;
&lt;/div&gt;&lt;!-- SC_ON --&gt;",,,,,False,True,False,False,False,,[],[],False,b188c2f4-9a2e-11e9-9464-0e9d067aecce,False,False,False,,[],False,,,,t5_2qofj,False,,,,#94e044,19f43op,True,,gossamermoonglimmer,,0,True,all_ads,False,[],False,,/r/spotify/comments/19f43op/songs_for_when_you_didnt_get_the_chance_to_tell/,all_ads,False,https://www.reddit.com/r/spotify/comments/19f43op/songs_for_when_you_didnt_get_the_chance_to_tell/,1396770,1706168647.0,0,,False,,,,
,spotify,,t2_5lvkzi07,False,,0,False,Deep Techno,[],r/spotify,False,6,,0,,,False,,t3_19f3dd4,False,dark,1.0,,1,0,"{'content': '&lt;iframe class=""embedly-embed"" src=""https://cdn.embedly.com/widgets/media.html?src=https%3A%2F%2Fopen.spotify.com%2Fembed%2Fplaylist%2F2ZdVs2lMul3BTR98Wz1NgJ%3Futm_source%3Doembed&amp;display_name=Spotify&amp;url=https%3A%2F%2Fopen.spotify.com%2Fplaylist%2F2ZdVs2lMul3BTR98Wz1NgJ&amp;image=https%3A%2F%2Fi.scdn.co%2Fimage%2Fab67706c0000da84a0f6056937c7c8c23e8755de&amp;key=2aa3c4d5f3de4f5b9120b660ad850dc9&amp;type=text%2Fhtml&amp;schema=spotify"" width=""456"" height=""352"" scrolling=""no"" title=""Spotify embed"" frameborder=""0"" allow=""autoplay; fullscreen; encrypted-media; picture-in-picture;"" allowfullscreen=""true""&gt;&lt;/iframe&gt;', 'width': 456, 'scrolling': False, 'height': 352}",,,False,[],"{'type': 'open.spotify.com', 'oembed': {'provider_url': 'https://spotify.com', 'description': 'Deep Techno · Playlist · 206 songs · 87 likes', 'title': 'Deep Techno', 'type': 'rich', 'thumbnail_width': 300, 'height': 352, 'width': 456, 'html': '&lt;iframe class=""embedly-embed"" src=""https://cdn.embedly.com/widgets/media.html?src=https%3A%2F%2Fopen.spotify.com%2Fembed%2Fplaylist%2F2ZdVs2lMul3BTR98Wz1NgJ%3Futm_source%3Doembed&amp;display_name=Spotify&amp;url=https%3A%2F%2Fopen.spotify.com%2Fplaylist%2F2ZdVs2lMul3BTR98Wz1NgJ&amp;image=https%3A%2F%2Fi.scdn.co%2Fimage%2Fab67706c0000da84a0f6056937c7c8c23e8755de&amp;key=2aa3c4d5f3de4f5b9120b660ad850dc9&amp;type=text%2Fhtml&amp;schema=spotify"" width=""456"" height=""352"" scrolling=""no"" title=""Spotify embed"" frameborder=""0"" allow=""autoplay; fullscreen; encrypted-media; picture-in-picture;"" allowfullscreen=""true""&gt;&lt;/iframe&gt;', 'version': '1.0', 'provider_name': 'Spotify', 'thumbnail_url': 'https://i.scdn.co/image/ab67706c0000da84a0f6056937c7c8c23e8755de', 'thumbnail_height': 300}}",False,False,,"{'content': '&lt;iframe class=""embedly-embed"" src=""https://cdn.embedly.com/widgets/media.html?src=https%3A%2F%2Fopen.spotify.com%2Fembed%2Fplaylist%2F2ZdVs2lMul3BTR98Wz1NgJ%3Futm_source%3Doembed&amp;display_name=Spotify&amp;url=https%3A%2F%2Fopen.spotify.com%2Fplaylist%2F2ZdVs2lMul3BTR98Wz1NgJ&amp;image=https%3A%2F%2Fi.scdn.co%2Fimage%2Fab67706c0000da84a0f6056937c7c8c23e8755de&amp;key=2aa3c4d5f3de4f5b9120b660ad850dc9&amp;type=text%2Fhtml&amp;schema=spotify"" width=""456"" height=""352"" scrolling=""no"" title=""Spotify embed"" frameborder=""0"" allow=""autoplay; fullscreen; encrypted-media; picture-in-picture;"" allowfullscreen=""true""&gt;&lt;/iframe&gt;', 'width': 456, 'scrolling': False, 'media_domain_url': 'https://www.redditmedia.com/mediaembed/19f3dd4', 'height': 352}",Playlist - Electronic / EDM / Dance,False,1,,False,False,,False,,[],{},,,False,public,1706165653.0,text,6,,,text,open.spotify.com,False,,,,,,False,True,False,False,False,,[],[],False,0cbd2a8e-9fa1-11ea-8e59-0e59b1c879f3,False,False,False,,[],False,,,,t5_2qofj,False,,,,#7193ff,19f3dd4,True,,beampjotr,,0,True,all_ads,False,[],False,,/r/spotify/comments/19f3dd4/deep_techno/,all_ads,False,https://open.spotify.com/playlist/2ZdVs2lMul3BTR98Wz1NgJ?si=TOu7uxA-RCK-WfShl7b9cw,1396770,1706165653.0,0,"{'type': 'open.spotify.com', 'oembed': {'provider_url': 'https://spotify.com', 'description': 'Deep Techno · Playlist · 206 songs · 87 likes', 'title': 'Deep Techno', 'type': 'rich', 'thumbnail_width': 300, 'height': 352, 'width': 456, 'html': '&lt;iframe class=""embedly-embed"" src=""https://cdn.embedly.com/widgets/media.html?src=https%3A%2F%2Fopen.spotify.com%2Fembed%2Fplaylist%2F2ZdVs2lMul3BTR98Wz1NgJ%3Futm_source%3Doembed&amp;display_name=Spotify&amp;url=https%3A%2F%2Fopen.spotify.com%2Fplaylist%2F2ZdVs2lMul3BTR98Wz1NgJ&amp;image=https%3A%2F%2Fi.scdn.co%2Fimage%2Fab67706c0000da84a0f6056937c7c8c23e8755de&amp;key=2aa3c4d5f3de4f5b9120b660ad850dc9&amp;type=text%2Fhtml&amp;schema=spotify"" width=""456"" height=""352"" scrolling=""no"" title=""Spotify embed"" frameborder=""0"" allow=""autoplay; fullscreen; encrypted-media; picture-in-picture;"" allowfullscreen=""true""&gt;&lt;/iframe&gt;', 'version': '1.0', 'provider_name': 'Spotify', 'thumbnail_url': 'https://i.scdn.co/image/ab67706c0000da84a0f6056937c7c8c23e8755de', 'thumbnail_height': 300}}",False,https://open.spotify.com/playlist/2ZdVs2lMul3BTR98Wz1NgJ?si=TOu7uxA-RCK-WfShl7b9cw,,,
,spotify,"I have two, Patty Keough, who has 0 monthly listeners, but her music is really good, and Brandon Crawley who has 99 the last time I checked.",t2_7tc0eel2k,False,,0,False,Who is your favorite artist with less than 500 monthly listeners?,[],r/spotify,False,6,favors,0,,,False,,t3_19ea3zc,False,dark,0.95,,83,0,{},,,False,[],,False,False,,{},[REQUEST] Playlists / Songs / Artists / Albums ,False,83,,False,False,,1706077194.0,,[],{},,,True,public,1706075691.0,text,6,,,text,self.spotify,False,"&lt;!-- SC_OFF --&gt;&lt;div class=""md""&gt;&lt;p&gt;I have two, Patty Keough, who has 0 monthly listeners, but her music is really good, and Brandon Crawley who has 99 the last time I checked.&lt;/p&gt;
&lt;/div&gt;&lt;!-- SC_ON --&gt;",,,,,False,False,False,False,False,,[],[],False,b188c2f4-9a2e-11e9-9464-0e9d067aecce,False,False,False,,[],False,,,,t5_2qofj,False,,,,#94e044,19ea3zc,True,,Rainbow_Egret,,153,True,all_ads,False,[],False,,/r/spotify/comments/19ea3zc/who_is_your_favorite_artist_with_less_than_500/,all_ads,False,https://www.reddit.com/r/spotify/comments/19ea3zc/who_is_your_favorite_artist_with_less_than_500/,1396770,1706075691.0,0,,False,,,,
,spotify,,t2_71wcxcld,False,,0,False,Increases win %,[],r/spotify,False,6,,0,,,False,,t3_19f2dti,False,dark,1.0,,1,0,"{'content': '&lt;iframe class=""embedly-embed"" src=""https://cdn.embedly.com/widgets/media.html?src=https%3A%2F%2Fopen.spotify.com%2Fembed%2Fplaylist%2F0Hj4alAXR9RqG4Ehf2ANxw%3Futm_source%3Doembed&amp;display_name=Spotify&amp;url=https%3A%2F%2Fopen.spotify.com%2Fplaylist%2F0Hj4alAXR9RqG4Ehf2ANxw&amp;image=https%3A%2F%2Fi.scdn.co%2Fimage%2Fab67706c0000da845a8fc93fe4a7478e6a98960c&amp;key=2aa3c4d5f3de4f5b9120b660ad850dc9&amp;type=text%2Fhtml&amp;schema=spotify"" width=""456"" height=""352"" scrolling=""no"" title=""Spotify embed"" frameborder=""0"" allow=""autoplay; fullscreen; encrypted-media; picture-in-picture;"" allowfullscreen=""true""&gt;&lt;/iframe&gt;', 'width': 456, 'scrolling': False, 'height': 352}",,,False,[],"{'type': 'open.spotify.com', 'oembed': {'provider_url': 'https://spotify.com', 'description': 'WORKOUT MOTIVATION 2024 | EDM &amp; HOUSE · Playlist · 34 songs · 6.4K likes', 'title': 'WORKOUT MOTIVATION 2024 | EDM &amp; HOUSE', 'type': 'rich', 'thumbnail_width': 300, 'height': 352, 'width': 456, 'html': '&lt;iframe class=""embedly-embed"" src=""https://cdn.embedly.com/widgets/media.html?src=https%3A%2F%2Fopen.spotify.com%2Fembed%2Fplaylist%2F0Hj4alAXR9RqG4Ehf2ANxw%3Futm_source%3Doembed&amp;display_name=Spotify&amp;url=https%3A%2F%2Fopen.spotify.com%2Fplaylist%2F0Hj4alAXR9RqG4Ehf2ANxw&amp;image=https%3A%2F%2Fi.scdn.co%2Fimage%2Fab67706c0000da845a8fc93fe4a7478e6a98960c&amp;key=2aa3c4d5f3de4f5b9120b660ad850dc9&amp;type=text%2Fhtml&amp;schema=spotify"" width=""456"" height=""352"" scrolling=""no"" title=""Spotify embed"" frameborder=""0"" allow=""autoplay; fullscreen; encrypted-media; picture-in-picture;"" allowfullscreen=""true""&gt;&lt;/iframe&gt;', 'version': '1.0', 'provider_name': 'Spotify', 'thumbnail_url': 'https://i.scdn.co/image/ab67706c0000da845a8fc93fe4a7478e6a98960c', 'thumbnail_height': 300}}",False,False,,"{'content': '&lt;iframe class=""embedly-embed"" src=""https://cdn.embedly.com/widgets/media.html?src=https%3A%2F%2Fopen.spotify.com%2Fembed%2Fplaylist%2F0Hj4alAXR9RqG4Ehf2ANxw%3Futm_source%3Doembed&amp;display_name=Spotify&amp;url=https%3A%2F%2Fopen.spotify.com%2Fplaylist%2F0Hj4alAXR9RqG4Ehf2ANxw&amp;image=https%3A%2F%2Fi.scdn.co%2Fimage%2Fab67706c0000da845a8fc93fe4a7478e6a98960c&amp;key=2aa3c4d5f3de4f5b9120b660ad850dc9&amp;type=text%2Fhtml&amp;schema=spotify"" width=""456"" height=""352"" scrolling=""no"" title=""Spotify embed"" frameborder=""0"" allow=""autoplay; fullscreen; encrypted-media; picture-in-picture;"" allowfullscreen=""true""&gt;&lt;/iframe&gt;', 'width': 456, 'scrolling': False, 'media_domain_url': 'https://www.redditmedia.com/mediaembed/19f2dti', 'height': 352}",Playlist - Electronic / EDM / Dance,False,1,,False,False,,False,,[],{},,,False,public,1706161982.0,text,6,,,text,open.spotify.com,False,,,,,,False,True,False,False,False,,[],[],False,0cbd2a8e-9fa1-11ea-8e59-0e59b1c879f3,False,False,False,,[],False,,,,t5_2qofj,False,,,,#7193ff,19f2dti,True,,austindiduch,,0,True,all_ads,False,[],False,,/r/spotify/comments/19f2dti/increases_win/,all_ads,False,https://open.spotify.com/playlist/0Hj4alAXR9RqG4Ehf2ANxw?si=77eabaa40e8648ad,1396770,1706161982.0,0,"{'type': 'open.spotify.com', 'oembed': {'provider_url': 'https://spotify.com', 'description': 'WORKOUT MOTIVATION 2024 | EDM &amp; HOUSE · Playlist · 34 songs · 6.4K likes', 'title': 'WORKOUT MOTIVATION 2024 | EDM &amp; HOUSE', 'type': 'rich', 'thumbnail_width': 300, 'height': 352, 'width': 456, 'html': '&lt;iframe class=""embedly-embed"" src=""https://cdn.embedly.com/widgets/media.html?src=https%3A%2F%2Fopen.spotify.com%2Fembed%2Fplaylist%2F0Hj4alAXR9RqG4Ehf2ANxw%3Futm_source%3Doembed&amp;display_name=Spotify&amp;url=https%3A%2F%2Fopen.spotify.com%2Fplaylist%2F0Hj4alAXR9RqG4Ehf2ANxw&amp;image=https%3A%2F%2Fi.scdn.co%2Fimage%2Fab67706c0000da845a8fc93fe4a7478e6a98960c&amp;key=2aa3c4d5f3de4f5b9120b660ad850dc9&amp;type=text%2Fhtml&amp;schema=spotify"" width=""456"" height=""352"" scrolling=""no"" title=""Spotify embed"" frameborder=""0"" allow=""autoplay; fullscreen; encrypted-media; picture-in-picture;"" allowfullscreen=""true""&gt;&lt;/iframe&gt;', 'version': '1.0', 'provider_name': 'Spotify', 'thumbnail_url': 'https://i.scdn.co/image/ab67706c0000da845a8fc93fe4a7478e6a98960c', 'thumbnail_height': 300}}",False,https://open.spotify.com/playlist/0Hj4alAXR9RqG4Ehf2ANxw?si=77eabaa40e8648ad,,,
,spotify,,t2_3ynkyzt,False,,0,False,Melodic EDM - Spotify Playlist [EDM/Dance],[],r/spotify,False,6,,0,,,False,,t3_19f29ou,False,dark,1.0,,1,0,"{'content': '&lt;iframe class=""embedly-embed"" src=""https://cdn.embedly.com/widgets/media.html?src=https%3A%2F%2Fopen.spotify.com%2Fembed%2Fplaylist%2F2DbZwxnlDXWy6cc6EtpLbU%3Futm_source%3Doembed&amp;display_name=Spotify&amp;url=https%3A%2F%2Fopen.spotify.com%2Fplaylist%2F2DbZwxnlDXWy6cc6EtpLbU&amp;image=https%3A%2F%2Fi.scdn.co%2Fimage%2Fab67706c0000da84badebea03ca8cd2054160a46&amp;key=2aa3c4d5f3de4f5b9120b660ad850dc9&amp;type=text%2Fhtml&amp;schema=spotify"" width=""456"" height=""352"" scrolling=""no"" title=""Spotify embed"" frameborder=""0"" allow=""autoplay; fullscreen; encrypted-media; picture-in-picture;"" allowfullscreen=""true""&gt;&lt;/iframe&gt;', 'width': 456, 'scrolling': False, 'height': 352}",,,False,[],"{'type': 'open.spotify.com', 'oembed': {'provider_url': 'https://spotify.com', 'description': 'Melodic EDM · Playlist · 170 songs · 602 likes', 'title': 'Melodic EDM', 'type': 'rich', 'thumbnail_width': 300, 'height': 352, 'width': 456, 'html': '&lt;iframe class=""embedly-embed"" src=""https://cdn.embedly.com/widgets/media.html?src=https%3A%2F%2Fopen.spotify.com%2Fembed%2Fplaylist%2F2DbZwxnlDXWy6cc6EtpLbU%3Futm_source%3Doembed&amp;display_name=Spotify&amp;url=https%3A%2F%2Fopen.spotify.com%2Fplaylist%2F2DbZwxnlDXWy6cc6EtpLbU&amp;image=https%3A%2F%2Fi.scdn.co%2Fimage%2Fab67706c0000da84badebea03ca8cd2054160a46&amp;key=2aa3c4d5f3de4f5b9120b660ad850dc9&amp;type=text%2Fhtml&amp;schema=spotify"" width=""456"" height=""352"" scrolling=""no"" title=""Spotify embed"" frameborder=""0"" allow=""autoplay; fullscreen; encrypted-media; picture-in-picture;"" allowfullscreen=""true""&gt;&lt;/iframe&gt;', 'version': '1.0', 'provider_name': 'Spotify', 'thumbnail_url': 'https://i.scdn.co/image/ab67706c0000da84badebea03ca8cd2054160a46', 'thumbnail_height': 300}}",False,False,,"{'content': '&lt;iframe class=""embedly-embed"" src=""https://cdn.embedly.com/widgets/media.html?src=https%3A%2F%2Fopen.spotify.com%2Fembed%2Fplaylist%2F2DbZwxnlDXWy6cc6EtpLbU%3Futm_source%3Doembed&amp;display_name=Spotify&amp;url=https%3A%2F%2Fopen.spotify.com%2Fplaylist%2F2DbZwxnlDXWy6cc6EtpLbU&amp;image=https%3A%2F%2Fi.scdn.co%2Fimage%2Fab67706c0000da84badebea03ca8cd2054160a46&amp;key=2aa3c4d5f3de4f5b9120b660ad850dc9&amp;type=text%2Fhtml&amp;schema=spotify"" width=""456"" height=""352"" scrolling=""no"" title=""Spotify embed"" frameborder=""0"" allow=""autoplay; fullscreen; encrypted-media; picture-in-picture;"" allowfullscreen=""true""&gt;&lt;/iframe&gt;', 'width': 456, 'scrolling': False, 'media_domain_url': 'https://www.redditmedia.com/mediaembed/19f29ou', 'height': 352}",Playlist - Electronic / EDM / Dance,False,1,,False,False,,False,,[],{},,,False,public,1706161581.0,text,6,,,text,open.spotify.com,False,,,,,,False,True,False,False,False,,[],[],False,0cbd2a8e-9fa1-11ea-8e59-0e59b1c879f3,False,False,False,,[],False,,,,t5_2qofj,False,,,,#7193ff,19f29ou,True,,EdmBeats,,0,True,all_ads,False,[],False,,/r/spotify/comments/19f29ou/melodic_edm_spotify_playlist_edmdance/,all_ads,False,https://open.spotify.com/playlist/2DbZwxnlDXWy6cc6EtpLbU?si=22b6cd5f9eb04a64,1396770,1706161581.0,0,"{'type': 'open.spotify.com', 'oembed': {'provider_url': 'https://spotify.com', 'description': 'Melodic EDM · Playlist · 170 songs · 602 likes', 'title': 'Melodic EDM', 'type': 'rich', 'thumbnail_width': 300, 'height': 352, 'width': 456, 'html': '&lt;iframe class=""embedly-embed"" src=""https://cdn.embedly.com/widgets/media.html?src=https%3A%2F%2Fopen.spotify.com%2Fembed%2Fplaylist%2F2DbZwxnlDXWy6cc6EtpLbU%3Futm_source%3Doembed&amp;display_name=Spotify&amp;url=https%3A%2F%2Fopen.spotify.com%2Fplaylist%2F2DbZwxnlDXWy6cc6EtpLbU&amp;image=https%3A%2F%2Fi.scdn.co%2Fimage%2Fab67706c0000da84badebea03ca8cd2054160a46&amp;key=2aa3c4d5f3de4f5b9120b660ad850dc9&amp;type=text%2Fhtml&amp;schema=spotify"" width=""456"" height=""352"" scrolling=""no"" title=""Spotify embed"" frameborder=""0"" allow=""autoplay; fullscreen; encrypted-media; picture-in-picture;"" allowfullscreen=""true""&gt;&lt;/iframe&gt;', 'version': '1.0', 'provider_name': 'Spotify', 'thumbnail_url': 'https://i.scdn.co/image/ab67706c0000da84badebea03ca8cd2054160a46', 'thumbnail_height': 300}}",False,https://open.spotify.com/playlist/2DbZwxnlDXWy6cc6EtpLbU?si=22b6cd5f9eb04a64,,,
,spotify,Preferably acoustic singer/songwriter types,t2_okum7m9fu,False,,0,False,Singers that sound like Russ Lang more from Ozark?,[],r/spotify,False,6,favors,0,,,False,,t3_19f1uch,False,dark,1.0,,1,0,{},,,False,[],,False,False,,{},[REQUEST] Playlists / Songs / Artists / Albums ,False,1,,False,False,,False,,[],{},,,True,public,1706160098.0,text,6,,,text,self.spotify,False,"&lt;!-- SC_OFF --&gt;&lt;div class=""md""&gt;&lt;p&gt;Preferably acoustic singer/songwriter types&lt;/p&gt;
&lt;/div&gt;&lt;!-- SC_ON --&gt;",,,,,False,True,False,False,False,,[],[],False,b188c2f4-9a2e-11e9-9464-0e9d067aecce,False,False,False,,[],False,,,,t5_2qofj,False,,,,#94e044,19f1uch,True,,katchumadjembe17,,0,True,all_ads,False,[],False,,/r/spotify/comments/19f1uch/singers_that_sound_like_russ_lang_more_from_ozark/,all_ads,False,https://www.reddit.com/r/spotify/comments/19f1uch/singers_that_sound_like_russ_lang_more_from_ozark/,1396770,1706160098.0,0,,False,,,,
,spotify,"Hi all, I’m looking for some new music but I’m going for a certain vibe and was wondering if anyone could help me out.

Songs with the vibe I’m going for:

•Welcome home, son by radical face

•Meet me in the woods by lord Huron

•Yawning grave by lord Huron

•Ends of the earth by lord Huron 

•Colder heavens (acoustic version) by blanco white

•Runaway by AURORA

•Minimum by Charlie Cunningham 

•Snake by sadurn

•It’s called: Freefall by rainbow kitten surprise
 
•Out getting ribs by feeling blew

•Sweet disposition by feeling blew

•Wait by M83

•Next to you by John Vincent lll

Any other good songs by any of these artist is cool but I have listened to lord Huron completely so I don’t need any more of those suggestions. Thank you!",t2_kxy09rqh,False,,0,False,Searching For A Vibe,[],r/spotify,False,6,favors,0,,,False,,t3_19erqs5,False,dark,1.0,,4,0,{},,,False,[],,False,False,,{},[REQUEST] Playlists / Songs / Artists / Albums ,False,4,,False,False,,False,,[],{},,,True,public,1706131469.0,text,6,,,text,self.spotify,False,"&lt;!-- SC_OFF --&gt;&lt;div class=""md""&gt;&lt;p&gt;Hi all, I’m looking for some new music but I’m going for a certain vibe and was wondering if anyone could help me out.&lt;/p&gt;

&lt;p&gt;Songs with the vibe I’m going for:&lt;/p&gt;

&lt;p&gt;•Welcome home, son by radical face&lt;/p&gt;

&lt;p&gt;•Meet me in the woods by lord Huron&lt;/p&gt;

&lt;p&gt;•Yawning grave by lord Huron&lt;/p&gt;

&lt;p&gt;•Ends of the earth by lord Huron &lt;/p&gt;

&lt;p&gt;•Colder heavens (acoustic version) by blanco white&lt;/p&gt;

&lt;p&gt;•Runaway by AURORA&lt;/p&gt;

&lt;p&gt;•Minimum by Charlie Cunningham &lt;/p&gt;

&lt;p&gt;•Snake by sadurn&lt;/p&gt;

&lt;p&gt;•It’s called: Freefall by rainbow kitten surprise&lt;/p&gt;

&lt;p&gt;•Out getting ribs by feeling blew&lt;/p&gt;

&lt;p&gt;•Sweet disposition by feeling blew&lt;/p&gt;

&lt;p&gt;•Wait by M83&lt;/p&gt;

&lt;p&gt;•Next to you by John Vincent lll&lt;/p&gt;

&lt;p&gt;Any other good songs by any of these artist is cool but I have listened to lord Huron completely so I don’t need any more of those suggestions. Thank you!&lt;/p&gt;
&lt;/div&gt;&lt;!-- SC_ON --&gt;",,,,,False,False,False,False,False,,[],[],False,b188c2f4-9a2e-11e9-9464-0e9d067aecce,False,False,False,,[],False,,,,t5_2qofj,False,,,,#94e044,19erqs5,True,,Alexlolu22,,4,True,all_ads,False,[],False,,/r/spotify/comments/19erqs5/searching_for_a_vibe/,all_ads,False,https://www.reddit.com/r/spotify/comments/19erqs5/searching_for_a_vibe/,1396770,1706131469.0,0,,False,,,,
,spotify,"I’m fine with just instrumental jazz type music, but I’m also ok with songs with lyrics. 

I think something like Smooth Operator by Sade is great",t2_a9n7p4tp,False,,0,False,Good dinner music?,[],r/spotify,False,6,favors,0,,,False,,t3_19etax2,False,dark,0.81,,3,0,{},,,False,[],,False,False,,{},[REQUEST] Playlists / Songs / Artists / Albums ,False,3,,False,False,,False,,[],{},,,True,public,1706135301.0,text,6,,,text,self.spotify,False,"&lt;!-- SC_OFF --&gt;&lt;div class=""md""&gt;&lt;p&gt;I’m fine with just instrumental jazz type music, but I’m also ok with songs with lyrics. &lt;/p&gt;

&lt;p&gt;I think something like Smooth Operator by Sade is great&lt;/p&gt;
&lt;/div&gt;&lt;!-- SC_ON --&gt;",,,,,False,False,False,False,False,,[],[],False,b188c2f4-9a2e-11e9-9464-0e9d067aecce,False,False,False,,[],False,,,,t5_2qofj,False,,,,#94e044,19etax2,True,,Annihilation0925,,14,True,all_ads,False,[],False,,/r/spotify/comments/19etax2/good_dinner_music/,all_ads,False,https://www.reddit.com/r/spotify/comments/19etax2/good_dinner_music/,1396770,1706135301.0,0,,False,,,,
,spotify,For when you're high,t2_c1m5jv79,False,,0,False,Trippindicular,[],r/spotify,False,6,,0,,,False,,t3_19eve8j,False,dark,1.0,,2,0,"{'content': '&lt;iframe class=""embedly-embed"" src=""https://cdn.embedly.com/widgets/media.html?src=https%3A%2F%2Fopen.spotify.com%2Fembed%2Fplaylist%2F0ZWrtlIaepbrtzUWZHmYgj%3Futm_source%3Doembed&amp;display_name=Spotify&amp;url=https%3A%2F%2Fopen.spotify.com%2Fplaylist%2F0ZWrtlIaepbrtzUWZHmYgj&amp;image=https%3A%2F%2Fmosaic.scdn.co%2F300%2Fab67616d00001e02038161c3e349f835b12d8b5aab67616d00001e020cd1f83c59963e1f9669298eab67616d00001e02a5b8accd5ea4933dd80ecc5eab67616d00001e02dbdeab6f438d420099673331&amp;key=2aa3c4d5f3de4f5b9120b660ad850dc9&amp;type=text%2Fhtml&amp;schema=spotify"" width=""456"" height=""352"" scrolling=""no"" title=""Spotify embed"" frameborder=""0"" allow=""autoplay; fullscreen; encrypted-media; picture-in-picture;"" allowfullscreen=""true""&gt;&lt;/iframe&gt;', 'width': 456, 'scrolling': False, 'height': 352}",,,False,[],"{'type': 'open.spotify.com', 'oembed': {'provider_url': 'https://spotify.com', 'description': 'Trippindicular · Playlist · 20 songs · 1 likes', 'title': 'Trippindicular', 'type': 'rich', 'thumbnail_width': 300, 'height': 352, 'width': 456, 'html': '&lt;iframe class=""embedly-embed"" src=""https://cdn.embedly.com/widgets/media.html?src=https%3A%2F%2Fopen.spotify.com%2Fembed%2Fplaylist%2F0ZWrtlIaepbrtzUWZHmYgj%3Futm_source%3Doembed&amp;display_name=Spotify&amp;url=https%3A%2F%2Fopen.spotify.com%2Fplaylist%2F0ZWrtlIaepbrtzUWZHmYgj&amp;image=https%3A%2F%2Fmosaic.scdn.co%2F300%2Fab67616d00001e02038161c3e349f835b12d8b5aab67616d00001e020cd1f83c59963e1f9669298eab67616d00001e02a5b8accd5ea4933dd80ecc5eab67616d00001e02dbdeab6f438d420099673331&amp;key=2aa3c4d5f3de4f5b9120b660ad850dc9&amp;type=text%2Fhtml&amp;schema=spotify"" width=""456"" height=""352"" scrolling=""no"" title=""Spotify embed"" frameborder=""0"" allow=""autoplay; fullscreen; encrypted-media; picture-in-picture;"" allowfullscreen=""true""&gt;&lt;/iframe&gt;', 'version': '1.0', 'provider_name': 'Spotify', 'thumbnail_url': 'https://mosaic.scdn.co/300/ab67616d00001e02038161c3e349f835b12d8b5aab67616d00001e020cd1f83c59963e1f9669298eab67616d00001e02a5b8accd5ea4933dd80ecc5eab67616d00001e02dbdeab6f438d420099673331', 'thumbnail_height': 300}}",False,False,,"{'content': '&lt;iframe class=""embedly-embed"" src=""https://cdn.embedly.com/widgets/media.html?src=https%3A%2F%2Fopen.spotify.com%2Fembed%2Fplaylist%2F0ZWrtlIaepbrtzUWZHmYgj%3Futm_source%3Doembed&amp;display_name=Spotify&amp;url=https%3A%2F%2Fopen.spotify.com%2Fplaylist%2F0ZWrtlIaepbrtzUWZHmYgj&amp;image=https%3A%2F%2Fmosaic.scdn.co%2F300%2Fab67616d00001e02038161c3e349f835b12d8b5aab67616d00001e020cd1f83c59963e1f9669298eab67616d00001e02a5b8accd5ea4933dd80ecc5eab67616d00001e02dbdeab6f438d420099673331&amp;key=2aa3c4d5f3de4f5b9120b660ad850dc9&amp;type=text%2Fhtml&amp;schema=spotify"" width=""456"" height=""352"" scrolling=""no"" title=""Spotify embed"" frameborder=""0"" allow=""autoplay; fullscreen; encrypted-media; picture-in-picture;"" allowfullscreen=""true""&gt;&lt;/iframe&gt;', 'width': 456, 'scrolling': False, 'media_domain_url': 'https://www.redditmedia.com/mediaembed/19eve8j', 'height': 352}","Playlist - Mood/Feeling (Chill, Lofi, Uplifting)",False,2,,False,False,,False,,[],{},,,False,public,1706140635.0,text,6,,,text,open.spotify.com,False,"&lt;!-- SC_OFF --&gt;&lt;div class=""md""&gt;&lt;p&gt;For when you&amp;#39;re high&lt;/p&gt;
&lt;/div&gt;&lt;!-- SC_ON --&gt;",,,,,False,True,False,False,False,,[],[],False,ede46e42-9fa0-11ea-8c94-0e70d5715363,False,False,False,,[],False,,,,t5_2qofj,False,,,,#c300c1,19eve8j,True,,International_Main50,,1,True,all_ads,False,[],False,,/r/spotify/comments/19eve8j/trippindicular/,all_ads,False,https://open.spotify.com/playlist/0ZWrtlIaepbrtzUWZHmYgj?si=MGMFtRjcTvOcnJKGn3s2-w,1396770,1706140635.0,0,"{'type': 'open.spotify.com', 'oembed': {'provider_url': 'https://spotify.com', 'description': 'Trippindicular · Playlist · 20 songs · 1 likes', 'title': 'Trippindicular', 'type': 'rich', 'thumbnail_width': 300, 'height': 352, 'width': 456, 'html': '&lt;iframe class=""embedly-embed"" src=""https://cdn.embedly.com/widgets/media.html?src=https%3A%2F%2Fopen.spotify.com%2Fembed%2Fplaylist%2F0ZWrtlIaepbrtzUWZHmYgj%3Futm_source%3Doembed&amp;display_name=Spotify&amp;url=https%3A%2F%2Fopen.spotify.com%2Fplaylist%2F0ZWrtlIaepbrtzUWZHmYgj&amp;image=https%3A%2F%2Fmosaic.scdn.co%2F300%2Fab67616d00001e02038161c3e349f835b12d8b5aab67616d00001e020cd1f83c59963e1f9669298eab67616d00001e02a5b8accd5ea4933dd80ecc5eab67616d00001e02dbdeab6f438d420099673331&amp;key=2aa3c4d5f3de4f5b9120b660ad850dc9&amp;type=text%2Fhtml&amp;schema=spotify"" width=""456"" height=""352"" scrolling=""no"" title=""Spotify embed"" frameborder=""0"" allow=""autoplay; fullscreen; encrypted-media; picture-in-picture;"" allowfullscreen=""true""&gt;&lt;/iframe&gt;', 'version': '1.0', 'provider_name': 'Spotify', 'thumbnail_url': 'https://mosaic.scdn.co/300/ab67616d00001e02038161c3e349f835b12d8b5aab67616d00001e020cd1f83c59963e1f9669298eab67616d00001e02a5b8accd5ea4933dd80ecc5eab67616d00001e02dbdeab6f438d420099673331', 'thumbnail_height': 300}}",False,https://open.spotify.com/playlist/0ZWrtlIaepbrtzUWZHmYgj?si=MGMFtRjcTvOcnJKGn3s2-w,,,
,spotify,,t2_151j45xo,False,,0,False,I have carefully and painstakingly made the worst playlist ever.,[],r/spotify,False,6,playlist,0,,,False,,t3_19ezvce,False,dark,1.0,,1,0,"{'content': '&lt;iframe class=""embedly-embed"" src=""https://cdn.embedly.com/widgets/media.html?src=https%3A%2F%2Fopen.spotify.com%2Fembed%2Fplaylist%2F5V51iQGLuNGFzUKLn7WA3j%3Futm_source%3Doembed&amp;display_name=Spotify&amp;url=https%3A%2F%2Fopen.spotify.com%2Fplaylist%2F5V51iQGLuNGFzUKLn7WA3j&amp;image=https%3A%2F%2Fi.scdn.co%2Fimage%2Fab67706c0000da84e4b5ce26ace0eb9204ad54f4&amp;key=2aa3c4d5f3de4f5b9120b660ad850dc9&amp;type=text%2Fhtml&amp;schema=spotify"" width=""456"" height=""352"" scrolling=""no"" title=""Spotify embed"" frameborder=""0"" allow=""autoplay; fullscreen; encrypted-media; picture-in-picture;"" allowfullscreen=""true""&gt;&lt;/iframe&gt;', 'width': 456, 'scrolling': False, 'height': 352}",,,False,[],"{'type': 'open.spotify.com', 'oembed': {'provider_url': 'https://spotify.com', 'description': 'in case of sudden ear drum rupture · Playlist · 1774 songs · 6 likes', 'title': 'in case of sudden ear drum rupture', 'type': 'rich', 'thumbnail_width': 168, 'height': 352, 'width': 456, 'html': '&lt;iframe class=""embedly-embed"" src=""https://cdn.embedly.com/widgets/media.html?src=https%3A%2F%2Fopen.spotify.com%2Fembed%2Fplaylist%2F5V51iQGLuNGFzUKLn7WA3j%3Futm_source%3Doembed&amp;display_name=Spotify&amp;url=https%3A%2F%2Fopen.spotify.com%2Fplaylist%2F5V51iQGLuNGFzUKLn7WA3j&amp;image=https%3A%2F%2Fi.scdn.co%2Fimage%2Fab67706c0000da84e4b5ce26ace0eb9204ad54f4&amp;key=2aa3c4d5f3de4f5b9120b660ad850dc9&amp;type=text%2Fhtml&amp;schema=spotify"" width=""456"" height=""352"" scrolling=""no"" title=""Spotify embed"" frameborder=""0"" allow=""autoplay; fullscreen; encrypted-media; picture-in-picture;"" allowfullscreen=""true""&gt;&lt;/iframe&gt;', 'version': '1.0', 'provider_name': 'Spotify', 'thumbnail_url': 'https://i.scdn.co/image/ab67706c0000da84e4b5ce26ace0eb9204ad54f4', 'thumbnail_height': 168}}",False,False,,"{'content': '&lt;iframe class=""embedly-embed"" src=""https://cdn.embedly.com/widgets/media.html?src=https%3A%2F%2Fopen.spotify.com%2Fembed%2Fplaylist%2F5V51iQGLuNGFzUKLn7WA3j%3Futm_source%3Doembed&amp;display_name=Spotify&amp;url=https%3A%2F%2Fopen.spotify.com%2Fplaylist%2F5V51iQGLuNGFzUKLn7WA3j&amp;image=https%3A%2F%2Fi.scdn.co%2Fimage%2Fab67706c0000da84e4b5ce26ace0eb9204ad54f4&amp;key=2aa3c4d5f3de4f5b9120b660ad850dc9&amp;type=text%2Fhtml&amp;schema=spotify"" width=""456"" height=""352"" scrolling=""no"" title=""Spotify embed"" frameborder=""0"" allow=""autoplay; fullscreen; encrypted-media; picture-in-picture;"" allowfullscreen=""true""&gt;&lt;/iframe&gt;', 'width': 456, 'scrolling': False, 'media_domain_url': 'https://www.redditmedia.com/mediaembed/19ezvce', 'height': 352}",Playlist - Random / Other / No Theme,False,1,,False,False,,False,,[],{},,,False,public,1706153601.0,text,6,,,text,open.spotify.com,False,,,,,,False,True,False,False,False,,[],[],False,5fb11b10-99e4-11e9-afa4-0e71ebf0abb0,False,False,False,,[],False,,,,t5_2qofj,False,,,,#46d160,19ezvce,True,,spywilliam,,1,True,all_ads,False,[],False,,/r/spotify/comments/19ezvce/i_have_carefully_and_painstakingly_made_the_worst/,all_ads,False,https://open.spotify.com/playlist/5V51iQGLuNGFzUKLn7WA3j?si=9313d74186c2482e,1396770,1706153601.0,0,"{'type': 'open.spotify.com', 'oembed': {'provider_url': 'https://spotify.com', 'description': 'in case of sudden ear drum rupture · Playlist · 1774 songs · 6 likes', 'title': 'in case of sudden ear drum rupture', 'type': 'rich', 'thumbnail_width': 168, 'height': 352, 'width': 456, 'html': '&lt;iframe class=""embedly-embed"" src=""https://cdn.embedly.com/widgets/media.html?src=https%3A%2F%2Fopen.spotify.com%2Fembed%2Fplaylist%2F5V51iQGLuNGFzUKLn7WA3j%3Futm_source%3Doembed&amp;display_name=Spotify&amp;url=https%3A%2F%2Fopen.spotify.com%2Fplaylist%2F5V51iQGLuNGFzUKLn7WA3j&amp;image=https%3A%2F%2Fi.scdn.co%2Fimage%2Fab67706c0000da84e4b5ce26ace0eb9204ad54f4&amp;key=2aa3c4d5f3de4f5b9120b660ad850dc9&amp;type=text%2Fhtml&amp;schema=spotify"" width=""456"" height=""352"" scrolling=""no"" title=""Spotify embed"" frameborder=""0"" allow=""autoplay; fullscreen; encrypted-media; picture-in-picture;"" allowfullscreen=""true""&gt;&lt;/iframe&gt;', 'version': '1.0', 'provider_name': 'Spotify', 'thumbnail_url': 'https://i.scdn.co/image/ab67706c0000da84e4b5ce26ace0eb9204ad54f4', 'thumbnail_height': 168}}",False,https://open.spotify.com/playlist/5V51iQGLuNGFzUKLn7WA3j?si=9313d74186c2482e,,,
,spotify,"My playlist is in order of when each song came out, a couple days ago I added new songs, and now songs from 1976 keep going to the beginning of the playlist every time I try to move them back",t2_ojb65pny,False,,0,False,Really annoying glitch,[],r/spotify,False,6,question,0,,,False,,t3_19eqgw3,False,light,1.0,,3,0,{},,,False,[],,False,False,,{},Question / Discussion,False,3,,False,False,,False,,[],{},,,True,public,1706128326.0,text,6,,,text,self.spotify,False,"&lt;!-- SC_OFF --&gt;&lt;div class=""md""&gt;&lt;p&gt;My playlist is in order of when each song came out, a couple days ago I added new songs, and now songs from 1976 keep going to the beginning of the playlist every time I try to move them back&lt;/p&gt;
&lt;/div&gt;&lt;!-- SC_ON --&gt;",,,,,False,False,False,False,False,,[],[],False,58828680-99e4-11e9-9cfc-0e6137c47742,False,False,False,,[],False,,,,t5_2qofj,False,,,,#d3d6da,19eqgw3,True,,Master-Brilliant-442,,3,True,all_ads,False,[],False,,/r/spotify/comments/19eqgw3/really_annoying_glitch/,all_ads,False,https://www.reddit.com/r/spotify/comments/19eqgw3/really_annoying_glitch/,1396770,1706128326.0,0,,False,,,,
,spotify,"You know, songs that are just interesting enough to maybe listen to once in a long while in the rare case you don't just skip them as usual, and also interesting enough that you don't want to banish them into oblivion, but not interesting enough to ever purposefully start them or want to frequently have them pop up in your playlists?",t2_xyizc,False,,0,False,What do you do with songs that are just a 5/10?,[],r/spotify,False,6,question,0,,,False,,t3_19ek9il,False,light,0.8,,6,0,{},,,False,[],,False,False,,{},Question / Discussion,False,6,,False,False,,False,,[],{},,,True,public,1706111639.0,text,6,,,text,self.spotify,False,"&lt;!-- SC_OFF --&gt;&lt;div class=""md""&gt;&lt;p&gt;You know, songs that are just interesting enough to maybe listen to once in a long while in the rare case you don&amp;#39;t just skip them as usual, and also interesting enough that you don&amp;#39;t want to banish them into oblivion, but not interesting enough to ever purposefully start them or want to frequently have them pop up in your playlists?&lt;/p&gt;
&lt;/div&gt;&lt;!-- SC_ON --&gt;",,,,,False,False,False,False,False,,[],[],False,58828680-99e4-11e9-9cfc-0e6137c47742,False,False,False,,[],False,,,,t5_2qofj,False,,,,#d3d6da,19ek9il,True,,Prace_Ace,,11,True,all_ads,False,[],False,,/r/spotify/comments/19ek9il/what_do_you_do_with_songs_that_are_just_a_510/,all_ads,False,https://www.reddit.com/r/spotify/comments/19ek9il/what_do_you_do_with_songs_that_are_just_a_510/,1396770,1706111639.0,0,,False,,,,
,spotify,"
This is a repost looking to reach more people, also I got a large supply of recommendations from the last one; some have come and gone.
 
I'm looking to make a playlist of THE SADDEST SONGS. A few criteria, sad lyrics, sad composition, sad feel and meaning, etc. Some ""sad"" songs that are popular are too upbeat or have too positive of a message and weren't added. (Everybody Hurts - REM). It can be any genre, but obviously some genres I believe are sadder than others.

If anyone has recommendations please suggest. And, if you too want to go deeper down the spiraling tunnel and sulk in the hopelessness, enjoy the playlist!",t2_5o4zngw0,False,,0,False,Saddest songs I can find,[],r/spotify,False,6,,0,,,False,,t3_19eyhih,False,dark,1.0,,1,0,"{'content': '&lt;iframe class=""embedly-embed"" src=""https://cdn.embedly.com/widgets/media.html?src=https%3A%2F%2Fopen.spotify.com%2Fembed%2Fplaylist%2F51YRrHUuoF24SAL22NDwBW%3Futm_source%3Doembed&amp;display_name=Spotify&amp;url=https%3A%2F%2Fopen.spotify.com%2Fplaylist%2F51YRrHUuoF24SAL22NDwBW&amp;image=https%3A%2F%2Fi.scdn.co%2Fimage%2Fab67706c0000da844dacfcfcc5249c1ca2ff4768&amp;key=2aa3c4d5f3de4f5b9120b660ad850dc9&amp;type=text%2Fhtml&amp;schema=spotify"" width=""456"" height=""352"" scrolling=""no"" title=""Spotify embed"" frameborder=""0"" allow=""autoplay; fullscreen; encrypted-media; picture-in-picture;"" allowfullscreen=""true""&gt;&lt;/iframe&gt;', 'width': 456, 'scrolling': False, 'height': 352}",,,False,[],"{'type': 'open.spotify.com', 'oembed': {'provider_url': 'https://spotify.com', 'description': 'Saddest songs I can find · Playlist · 22 songs · 43 likes', 'title': 'Saddest songs I can find', 'type': 'rich', 'thumbnail_width': 300, 'height': 352, 'width': 456, 'html': '&lt;iframe class=""embedly-embed"" src=""https://cdn.embedly.com/widgets/media.html?src=https%3A%2F%2Fopen.spotify.com%2Fembed%2Fplaylist%2F51YRrHUuoF24SAL22NDwBW%3Futm_source%3Doembed&amp;display_name=Spotify&amp;url=https%3A%2F%2Fopen.spotify.com%2Fplaylist%2F51YRrHUuoF24SAL22NDwBW&amp;image=https%3A%2F%2Fi.scdn.co%2Fimage%2Fab67706c0000da844dacfcfcc5249c1ca2ff4768&amp;key=2aa3c4d5f3de4f5b9120b660ad850dc9&amp;type=text%2Fhtml&amp;schema=spotify"" width=""456"" height=""352"" scrolling=""no"" title=""Spotify embed"" frameborder=""0"" allow=""autoplay; fullscreen; encrypted-media; picture-in-picture;"" allowfullscreen=""true""&gt;&lt;/iframe&gt;', 'version': '1.0', 'provider_name': 'Spotify', 'thumbnail_url': 'https://i.scdn.co/image/ab67706c0000da844dacfcfcc5249c1ca2ff4768', 'thumbnail_height': 300}}",False,False,,"{'content': '&lt;iframe class=""embedly-embed"" src=""https://cdn.embedly.com/widgets/media.html?src=https%3A%2F%2Fopen.spotify.com%2Fembed%2Fplaylist%2F51YRrHUuoF24SAL22NDwBW%3Futm_source%3Doembed&amp;display_name=Spotify&amp;url=https%3A%2F%2Fopen.spotify.com%2Fplaylist%2F51YRrHUuoF24SAL22NDwBW&amp;image=https%3A%2F%2Fi.scdn.co%2Fimage%2Fab67706c0000da844dacfcfcc5249c1ca2ff4768&amp;key=2aa3c4d5f3de4f5b9120b660ad850dc9&amp;type=text%2Fhtml&amp;schema=spotify"" width=""456"" height=""352"" scrolling=""no"" title=""Spotify embed"" frameborder=""0"" allow=""autoplay; fullscreen; encrypted-media; picture-in-picture;"" allowfullscreen=""true""&gt;&lt;/iframe&gt;', 'width': 456, 'scrolling': False, 'media_domain_url': 'https://www.redditmedia.com/mediaembed/19eyhih', 'height': 352}","Playlist - Mood/Feeling (Chill, Lofi, Uplifting)",False,1,,False,False,,False,,[],{},,,False,public,1706149396.0,text,6,,,text,open.spotify.com,False,"&lt;!-- SC_OFF --&gt;&lt;div class=""md""&gt;&lt;p&gt;This is a repost looking to reach more people, also I got a large supply of recommendations from the last one; some have come and gone.&lt;/p&gt;

&lt;p&gt;I&amp;#39;m looking to make a playlist of THE SADDEST SONGS. A few criteria, sad lyrics, sad composition, sad feel and meaning, etc. Some &amp;quot;sad&amp;quot; songs that are popular are too upbeat or have too positive of a message and weren&amp;#39;t added. (Everybody Hurts - REM). It can be any genre, but obviously some genres I believe are sadder than others.&lt;/p&gt;

&lt;p&gt;If anyone has recommendations please suggest. And, if you too want to go deeper down the spiraling tunnel and sulk in the hopelessness, enjoy the playlist!&lt;/p&gt;
&lt;/div&gt;&lt;!-- SC_ON --&gt;",,,,,False,True,False,False,False,,[],[],False,ede46e42-9fa0-11ea-8c94-0e70d5715363,False,False,False,,[],False,,,,t5_2qofj,False,,,,#c300c1,19eyhih,True,,Narrow_X27,,1,True,all_ads,False,[],False,,/r/spotify/comments/19eyhih/saddest_songs_i_can_find/,all_ads,False,https://open.spotify.com/playlist/51YRrHUuoF24SAL22NDwBW?si=CgZiwMS9SzSaMCYSvqAgXw&amp;pi=u-aJS86KpAS7WP,1396770,1706149396.0,0,"{'type': 'open.spotify.com', 'oembed': {'provider_url': 'https://spotify.com', 'description': 'Saddest songs I can find · Playlist · 22 songs · 43 likes', 'title': 'Saddest songs I can find', 'type': 'rich', 'thumbnail_width': 300, 'height': 352, 'width': 456, 'html': '&lt;iframe class=""embedly-embed"" src=""https://cdn.embedly.com/widgets/media.html?src=https%3A%2F%2Fopen.spotify.com%2Fembed%2Fplaylist%2F51YRrHUuoF24SAL22NDwBW%3Futm_source%3Doembed&amp;display_name=Spotify&amp;url=https%3A%2F%2Fopen.spotify.com%2Fplaylist%2F51YRrHUuoF24SAL22NDwBW&amp;image=https%3A%2F%2Fi.scdn.co%2Fimage%2Fab67706c0000da844dacfcfcc5249c1ca2ff4768&amp;key=2aa3c4d5f3de4f5b9120b660ad850dc9&amp;type=text%2Fhtml&amp;schema=spotify"" width=""456"" height=""352"" scrolling=""no"" title=""Spotify embed"" frameborder=""0"" allow=""autoplay; fullscreen; encrypted-media; picture-in-picture;"" allowfullscreen=""true""&gt;&lt;/iframe&gt;', 'version': '1.0', 'provider_name': 'Spotify', 'thumbnail_url': 'https://i.scdn.co/image/ab67706c0000da844dacfcfcc5249c1ca2ff4768', 'thumbnail_height': 300}}",False,https://open.spotify.com/playlist/51YRrHUuoF24SAL22NDwBW?si=CgZiwMS9SzSaMCYSvqAgXw&amp;pi=u-aJS86KpAS7WP,,,
,spotify,,t2_3pxldjyj,False,,0,False,frutiger aero edm 2000s,[],r/spotify,False,6,,0,,,False,,t3_19exhpa,False,dark,1.0,,1,0,"{'content': '&lt;iframe class=""embedly-embed"" src=""https://cdn.embedly.com/widgets/media.html?src=https%3A%2F%2Fopen.spotify.com%2Fembed%2Fplaylist%2F5InkoR48mSB0odumH28i87%3Futm_source%3Doembed&amp;display_name=Spotify&amp;url=https%3A%2F%2Fopen.spotify.com%2Fplaylist%2F5InkoR48mSB0odumH28i87&amp;image=https%3A%2F%2Fi.scdn.co%2Fimage%2Fab67706c0000da84170a6650b803145842203f1d&amp;key=2aa3c4d5f3de4f5b9120b660ad850dc9&amp;type=text%2Fhtml&amp;schema=spotify"" width=""456"" height=""352"" scrolling=""no"" title=""Spotify embed"" frameborder=""0"" allow=""autoplay; fullscreen; encrypted-media; picture-in-picture;"" allowfullscreen=""true""&gt;&lt;/iframe&gt;', 'width': 456, 'scrolling': False, 'height': 352}",,,False,[],"{'type': 'open.spotify.com', 'oembed': {'provider_url': 'https://spotify.com', 'description': 'frutiger aero 🫧 · Playlist · 34 songs', 'title': 'frutiger aero 🫧', 'type': 'rich', 'thumbnail_width': 250, 'height': 352, 'width': 456, 'html': '&lt;iframe class=""embedly-embed"" src=""https://cdn.embedly.com/widgets/media.html?src=https%3A%2F%2Fopen.spotify.com%2Fembed%2Fplaylist%2F5InkoR48mSB0odumH28i87%3Futm_source%3Doembed&amp;display_name=Spotify&amp;url=https%3A%2F%2Fopen.spotify.com%2Fplaylist%2F5InkoR48mSB0odumH28i87&amp;image=https%3A%2F%2Fi.scdn.co%2Fimage%2Fab67706c0000da84170a6650b803145842203f1d&amp;key=2aa3c4d5f3de4f5b9120b660ad850dc9&amp;type=text%2Fhtml&amp;schema=spotify"" width=""456"" height=""352"" scrolling=""no"" title=""Spotify embed"" frameborder=""0"" allow=""autoplay; fullscreen; encrypted-media; picture-in-picture;"" allowfullscreen=""true""&gt;&lt;/iframe&gt;', 'version': '1.0', 'provider_name': 'Spotify', 'thumbnail_url': 'https://i.scdn.co/image/ab67706c0000da84170a6650b803145842203f1d', 'thumbnail_height': 252}}",False,False,,"{'content': '&lt;iframe class=""embedly-embed"" src=""https://cdn.embedly.com/widgets/media.html?src=https%3A%2F%2Fopen.spotify.com%2Fembed%2Fplaylist%2F5InkoR48mSB0odumH28i87%3Futm_source%3Doembed&amp;display_name=Spotify&amp;url=https%3A%2F%2Fopen.spotify.com%2Fplaylist%2F5InkoR48mSB0odumH28i87&amp;image=https%3A%2F%2Fi.scdn.co%2Fimage%2Fab67706c0000da84170a6650b803145842203f1d&amp;key=2aa3c4d5f3de4f5b9120b660ad850dc9&amp;type=text%2Fhtml&amp;schema=spotify"" width=""456"" height=""352"" scrolling=""no"" title=""Spotify embed"" frameborder=""0"" allow=""autoplay; fullscreen; encrypted-media; picture-in-picture;"" allowfullscreen=""true""&gt;&lt;/iframe&gt;', 'width': 456, 'scrolling': False, 'media_domain_url': 'https://www.redditmedia.com/mediaembed/19exhpa', 'height': 352}","Playlist - Theme  (Party, Beach, Study)",False,1,,False,False,,False,,[],{},,,False,public,1706146470.0,text,6,,,text,open.spotify.com,False,,,,,,False,True,False,False,False,,[],[],False,64fa8956-9fa3-11ea-ba10-0e669a062341,False,False,False,,[],False,,,,t5_2qofj,False,,,,#ffd635,19exhpa,True,,ellieoz,,0,True,all_ads,False,[],False,,/r/spotify/comments/19exhpa/frutiger_aero_edm_2000s/,all_ads,False,https://open.spotify.com/playlist/5InkoR48mSB0odumH28i87?si=E9QPgVojSJygZP8yUrjBbw,1396770,1706146470.0,0,"{'type': 'open.spotify.com', 'oembed': {'provider_url': 'https://spotify.com', 'description': 'frutiger aero 🫧 · Playlist · 34 songs', 'title': 'frutiger aero 🫧', 'type': 'rich', 'thumbnail_width': 250, 'height': 352, 'width': 456, 'html': '&lt;iframe class=""embedly-embed"" src=""https://cdn.embedly.com/widgets/media.html?src=https%3A%2F%2Fopen.spotify.com%2Fembed%2Fplaylist%2F5InkoR48mSB0odumH28i87%3Futm_source%3Doembed&amp;display_name=Spotify&amp;url=https%3A%2F%2Fopen.spotify.com%2Fplaylist%2F5InkoR48mSB0odumH28i87&amp;image=https%3A%2F%2Fi.scdn.co%2Fimage%2Fab67706c0000da84170a6650b803145842203f1d&amp;key=2aa3c4d5f3de4f5b9120b660ad850dc9&amp;type=text%2Fhtml&amp;schema=spotify"" width=""456"" height=""352"" scrolling=""no"" title=""Spotify embed"" frameborder=""0"" allow=""autoplay; fullscreen; encrypted-media; picture-in-picture;"" allowfullscreen=""true""&gt;&lt;/iframe&gt;', 'version': '1.0', 'provider_name': 'Spotify', 'thumbnail_url': 'https://i.scdn.co/image/ab67706c0000da84170a6650b803145842203f1d', 'thumbnail_height': 252}}",False,https://open.spotify.com/playlist/5InkoR48mSB0odumH28i87?si=E9QPgVojSJygZP8yUrjBbw,,,
,spotify,"https://open.spotify.com/playlist/6GzT2koc1audq3vDFaPT6b?si=9EDXufalRTuWnf5c1Vaj5g&amp;pi=u--YjOCIDbQNqb

a playlist with music that has helped me with transitioning into the new year! this is kind of a trail mix playlist. Lots of songs that speak to my heart/soul. soul, rock, r&amp;b, indie and more. good vibes only",t2_5dwca21f,False,,0,False,Futura free,[],r/spotify,False,6,,0,,,False,,t3_19exbxn,False,dark,1.0,,1,0,{},,,False,[],,False,False,,{},"Playlist - Theme  (Party, Beach, Study)",False,1,,False,False,,False,,[],{},,,True,public,1706145992.0,text,6,,,text,self.spotify,False,"&lt;!-- SC_OFF --&gt;&lt;div class=""md""&gt;&lt;p&gt;&lt;a href=""https://open.spotify.com/playlist/6GzT2koc1audq3vDFaPT6b?si=9EDXufalRTuWnf5c1Vaj5g&amp;amp;pi=u--YjOCIDbQNqb""&gt;https://open.spotify.com/playlist/6GzT2koc1audq3vDFaPT6b?si=9EDXufalRTuWnf5c1Vaj5g&amp;amp;pi=u--YjOCIDbQNqb&lt;/a&gt;&lt;/p&gt;

&lt;p&gt;a playlist with music that has helped me with transitioning into the new year! this is kind of a trail mix playlist. Lots of songs that speak to my heart/soul. soul, rock, r&amp;amp;b, indie and more. good vibes only&lt;/p&gt;
&lt;/div&gt;&lt;!-- SC_ON --&gt;",,,,,False,True,False,False,False,,[],[],False,64fa8956-9fa3-11ea-ba10-0e669a062341,False,False,False,,[],False,,,,t5_2qofj,False,,,,#ffd635,19exbxn,True,,SanitaryPig,,0,True,all_ads,False,[],False,,/r/spotify/comments/19exbxn/futura_free/,all_ads,False,https://www.reddit.com/r/spotify/comments/19exbxn/futura_free/,1396770,1706145992.0,0,,False,,,,
,spotify,,t2_byidhkxb,False,,0,False,"Every time I go out, different songs hit me during the night. I created this playlist to group them all together and connect to those moments anytime.",[],r/spotify,False,6,,0,,,False,,t3_19ex990,False,dark,1.0,,1,0,"{'content': '&lt;iframe class=""embedly-embed"" src=""https://cdn.embedly.com/widgets/media.html?src=https%3A%2F%2Fopen.spotify.com%2Fembed%2Fplaylist%2F5pgOBDLuvpDTr2DRLqQRJG%3Futm_source%3Doembed&amp;display_name=Spotify&amp;url=https%3A%2F%2Fopen.spotify.com%2Fplaylist%2F5pgOBDLuvpDTr2DRLqQRJG&amp;image=https%3A%2F%2Fi.scdn.co%2Fimage%2Fab67706c0000da84852834ae96a938917b7d6426&amp;key=2aa3c4d5f3de4f5b9120b660ad850dc9&amp;type=text%2Fhtml&amp;schema=spotify"" width=""456"" height=""352"" scrolling=""no"" title=""Spotify embed"" frameborder=""0"" allow=""autoplay; fullscreen; encrypted-media; picture-in-picture;"" allowfullscreen=""true""&gt;&lt;/iframe&gt;', 'width': 456, 'scrolling': False, 'height': 352}",,,False,[],"{'type': 'open.spotify.com', 'oembed': {'provider_url': 'https://spotify.com', 'description': 'di$co night · Playlist · 75 songs · 59 likes', 'title': 'di$co night', 'type': 'rich', 'thumbnail_width': 300, 'height': 352, 'width': 456, 'html': '&lt;iframe class=""embedly-embed"" src=""https://cdn.embedly.com/widgets/media.html?src=https%3A%2F%2Fopen.spotify.com%2Fembed%2Fplaylist%2F5pgOBDLuvpDTr2DRLqQRJG%3Futm_source%3Doembed&amp;display_name=Spotify&amp;url=https%3A%2F%2Fopen.spotify.com%2Fplaylist%2F5pgOBDLuvpDTr2DRLqQRJG&amp;image=https%3A%2F%2Fi.scdn.co%2Fimage%2Fab67706c0000da84852834ae96a938917b7d6426&amp;key=2aa3c4d5f3de4f5b9120b660ad850dc9&amp;type=text%2Fhtml&amp;schema=spotify"" width=""456"" height=""352"" scrolling=""no"" title=""Spotify embed"" frameborder=""0"" allow=""autoplay; fullscreen; encrypted-media; picture-in-picture;"" allowfullscreen=""true""&gt;&lt;/iframe&gt;', 'version': '1.0', 'provider_name': 'Spotify', 'thumbnail_url': 'https://i.scdn.co/image/ab67706c0000da84852834ae96a938917b7d6426', 'thumbnail_height': 300}}",False,False,,"{'content': '&lt;iframe class=""embedly-embed"" src=""https://cdn.embedly.com/widgets/media.html?src=https%3A%2F%2Fopen.spotify.com%2Fembed%2Fplaylist%2F5pgOBDLuvpDTr2DRLqQRJG%3Futm_source%3Doembed&amp;display_name=Spotify&amp;url=https%3A%2F%2Fopen.spotify.com%2Fplaylist%2F5pgOBDLuvpDTr2DRLqQRJG&amp;image=https%3A%2F%2Fi.scdn.co%2Fimage%2Fab67706c0000da84852834ae96a938917b7d6426&amp;key=2aa3c4d5f3de4f5b9120b660ad850dc9&amp;type=text%2Fhtml&amp;schema=spotify"" width=""456"" height=""352"" scrolling=""no"" title=""Spotify embed"" frameborder=""0"" allow=""autoplay; fullscreen; encrypted-media; picture-in-picture;"" allowfullscreen=""true""&gt;&lt;/iframe&gt;', 'width': 456, 'scrolling': False, 'media_domain_url': 'https://www.redditmedia.com/mediaembed/19ex990', 'height': 352}","Playlist - Theme  (Party, Beach, Study)",False,1,,False,False,,False,,[],{},,,False,public,1706145776.0,text,6,,,text,open.spotify.com,False,,,,,,False,True,False,False,False,,[],[],False,64fa8956-9fa3-11ea-ba10-0e669a062341,False,False,False,,[],False,,,,t5_2qofj,False,,,,#ffd635,19ex990,True,,02vitor10,,0,True,all_ads,False,[],False,,/r/spotify/comments/19ex990/every_time_i_go_out_different_songs_hit_me_during/,all_ads,False,https://open.spotify.com/playlist/5pgOBDLuvpDTr2DRLqQRJG?si=0b7f1816dc7e40dc,1396770,1706145776.0,0,"{'type': 'open.spotify.com', 'oembed': {'provider_url': 'https://spotify.com', 'description': 'di$co night · Playlist · 75 songs · 59 likes', 'title': 'di$co night', 'type': 'rich', 'thumbnail_width': 300, 'height': 352, 'width': 456, 'html': '&lt;iframe class=""embedly-embed"" src=""https://cdn.embedly.com/widgets/media.html?src=https%3A%2F%2Fopen.spotify.com%2Fembed%2Fplaylist%2F5pgOBDLuvpDTr2DRLqQRJG%3Futm_source%3Doembed&amp;display_name=Spotify&amp;url=https%3A%2F%2Fopen.spotify.com%2Fplaylist%2F5pgOBDLuvpDTr2DRLqQRJG&amp;image=https%3A%2F%2Fi.scdn.co%2Fimage%2Fab67706c0000da84852834ae96a938917b7d6426&amp;key=2aa3c4d5f3de4f5b9120b660ad850dc9&amp;type=text%2Fhtml&amp;schema=spotify"" width=""456"" height=""352"" scrolling=""no"" title=""Spotify embed"" frameborder=""0"" allow=""autoplay; fullscreen; encrypted-media; picture-in-picture;"" allowfullscreen=""true""&gt;&lt;/iframe&gt;', 'version': '1.0', 'provider_name': 'Spotify', 'thumbnail_url': 'https://i.scdn.co/image/ab67706c0000da84852834ae96a938917b7d6426', 'thumbnail_height': 300}}",False,https://open.spotify.com/playlist/5pgOBDLuvpDTr2DRLqQRJG?si=0b7f1816dc7e40dc,,,
,spotify,,t2_c20yfr57,False,,0,False,Melt. Classic 90s rave tunes,[],r/spotify,False,6,,0,,,False,,t3_19erli1,False,dark,1.0,,2,0,"{'content': '&lt;iframe class=""embedly-embed"" src=""https://cdn.embedly.com/widgets/media.html?src=https%3A%2F%2Fopen.spotify.com%2Fembed%2Fplaylist%2F3bukFqMiNsEE8UCQqWt1b3%3Futm_source%3Doembed&amp;display_name=Spotify&amp;url=https%3A%2F%2Fopen.spotify.com%2Fplaylist%2F3bukFqMiNsEE8UCQqWt1b3&amp;image=https%3A%2F%2Fi.scdn.co%2Fimage%2Fab67706c0000da840909a4863e45c0081ab48fe7&amp;key=2aa3c4d5f3de4f5b9120b660ad850dc9&amp;type=text%2Fhtml&amp;schema=spotify"" width=""456"" height=""352"" scrolling=""no"" title=""Spotify embed"" frameborder=""0"" allow=""autoplay; fullscreen; encrypted-media; picture-in-picture;"" allowfullscreen=""true""&gt;&lt;/iframe&gt;', 'width': 456, 'scrolling': False, 'height': 352}",,,False,[],"{'type': 'open.spotify.com', 'oembed': {'provider_url': 'https://spotify.com', 'description': 'Melt · Playlist · 21 songs · 14 likes', 'title': 'Melt', 'type': 'rich', 'thumbnail_width': 192, 'height': 352, 'width': 456, 'html': '&lt;iframe class=""embedly-embed"" src=""https://cdn.embedly.com/widgets/media.html?src=https%3A%2F%2Fopen.spotify.com%2Fembed%2Fplaylist%2F3bukFqMiNsEE8UCQqWt1b3%3Futm_source%3Doembed&amp;display_name=Spotify&amp;url=https%3A%2F%2Fopen.spotify.com%2Fplaylist%2F3bukFqMiNsEE8UCQqWt1b3&amp;image=https%3A%2F%2Fi.scdn.co%2Fimage%2Fab67706c0000da840909a4863e45c0081ab48fe7&amp;key=2aa3c4d5f3de4f5b9120b660ad850dc9&amp;type=text%2Fhtml&amp;schema=spotify"" width=""456"" height=""352"" scrolling=""no"" title=""Spotify embed"" frameborder=""0"" allow=""autoplay; fullscreen; encrypted-media; picture-in-picture;"" allowfullscreen=""true""&gt;&lt;/iframe&gt;', 'version': '1.0', 'provider_name': 'Spotify', 'thumbnail_url': 'https://i.scdn.co/image/ab67706c0000da840909a4863e45c0081ab48fe7', 'thumbnail_height': 300}}",False,False,,"{'content': '&lt;iframe class=""embedly-embed"" src=""https://cdn.embedly.com/widgets/media.html?src=https%3A%2F%2Fopen.spotify.com%2Fembed%2Fplaylist%2F3bukFqMiNsEE8UCQqWt1b3%3Futm_source%3Doembed&amp;display_name=Spotify&amp;url=https%3A%2F%2Fopen.spotify.com%2Fplaylist%2F3bukFqMiNsEE8UCQqWt1b3&amp;image=https%3A%2F%2Fi.scdn.co%2Fimage%2Fab67706c0000da840909a4863e45c0081ab48fe7&amp;key=2aa3c4d5f3de4f5b9120b660ad850dc9&amp;type=text%2Fhtml&amp;schema=spotify"" width=""456"" height=""352"" scrolling=""no"" title=""Spotify embed"" frameborder=""0"" allow=""autoplay; fullscreen; encrypted-media; picture-in-picture;"" allowfullscreen=""true""&gt;&lt;/iframe&gt;', 'width': 456, 'scrolling': False, 'media_domain_url': 'https://www.redditmedia.com/mediaembed/19erli1', 'height': 352}",Playlist - Electronic / EDM / Dance,False,2,,False,False,,False,,[],{},,,False,public,1706131096.0,text,6,,,text,open.spotify.com,False,,,,,,False,False,False,False,False,,[],[],False,0cbd2a8e-9fa1-11ea-8e59-0e59b1c879f3,False,False,False,,[],False,,,,t5_2qofj,False,,,,#7193ff,19erli1,True,,supermoon_,,0,True,all_ads,False,[],False,,/r/spotify/comments/19erli1/melt_classic_90s_rave_tunes/,all_ads,False,https://open.spotify.com/playlist/3bukFqMiNsEE8UCQqWt1b3?si=i1OASCNkTnKX5ZY0Yu5yuA&amp;pi=e-WBJy6TKYSkqi&amp;nd=1&amp;utm_medium=organic&amp;_branch_referrer=H4sIAAAAAAAAA8WOUQuCMACEf818S9OVRCBhlg9FRmiYvcRcmmNrm2578N83g35DcA%2FHd9xxndZSrT1PSaFJO7pISpcRTr2NHMTTYB0J2XAHBIvWMPYwA4u6qQJgDILUaordXxuLt0WSoZERpa2FtaFpfyKZ2u9X1%2BTSl9qvIYCpIgDuiH%2BO8ySjBT%2FelvdqXpnlaOxuKKe0mZXbwxgWxyqnPfleQIzVCNM%2F3rCUPy31nbZB2gxNJIYX4gR%2FAO0LQ51JAQAA&amp;product=open&amp;%24full_url=https%3A%2F%2Fopen.spotify.com%2Fplaylist%2F3bukFqMiNsEE8UCQqWt1b3%3Fsi%3Di1OASCNkTnKX5ZY0Yu5yuA%26pi%3De-WBJy6TKYSkqi&amp;feature=organic&amp;_branch_match_id=1278421916959024820,1396770,1706131096.0,0,"{'type': 'open.spotify.com', 'oembed': {'provider_url': 'https://spotify.com', 'description': 'Melt · Playlist · 21 songs · 14 likes', 'title': 'Melt', 'type': 'rich', 'thumbnail_width': 192, 'height': 352, 'width': 456, 'html': '&lt;iframe class=""embedly-embed"" src=""https://cdn.embedly.com/widgets/media.html?src=https%3A%2F%2Fopen.spotify.com%2Fembed%2Fplaylist%2F3bukFqMiNsEE8UCQqWt1b3%3Futm_source%3Doembed&amp;display_name=Spotify&amp;url=https%3A%2F%2Fopen.spotify.com%2Fplaylist%2F3bukFqMiNsEE8UCQqWt1b3&amp;image=https%3A%2F%2Fi.scdn.co%2Fimage%2Fab67706c0000da840909a4863e45c0081ab48fe7&amp;key=2aa3c4d5f3de4f5b9120b660ad850dc9&amp;type=text%2Fhtml&amp;schema=spotify"" width=""456"" height=""352"" scrolling=""no"" title=""Spotify embed"" frameborder=""0"" allow=""autoplay; fullscreen; encrypted-media; picture-in-picture;"" allowfullscreen=""true""&gt;&lt;/iframe&gt;', 'version': '1.0', 'provider_name': 'Spotify', 'thumbnail_url': 'https://i.scdn.co/image/ab67706c0000da840909a4863e45c0081ab48fe7', 'thumbnail_height': 300}}",False,https://open.spotify.com/playlist/3bukFqMiNsEE8UCQqWt1b3?si=i1OASCNkTnKX5ZY0Yu5yuA&amp;pi=e-WBJy6TKYSkqi&amp;nd=1&amp;utm_medium=organic&amp;_branch_referrer=H4sIAAAAAAAAA8WOUQuCMACEf818S9OVRCBhlg9FRmiYvcRcmmNrm2578N83g35DcA%2FHd9xxndZSrT1PSaFJO7pISpcRTr2NHMTTYB0J2XAHBIvWMPYwA4u6qQJgDILUaordXxuLt0WSoZERpa2FtaFpfyKZ2u9X1%2BTSl9qvIYCpIgDuiH%2BO8ySjBT%2FelvdqXpnlaOxuKKe0mZXbwxgWxyqnPfleQIzVCNM%2F3rCUPy31nbZB2gxNJIYX4gR%2FAO0LQ51JAQAA&amp;product=open&amp;%24full_url=https%3A%2F%2Fopen.spotify.com%2Fplaylist%2F3bukFqMiNsEE8UCQqWt1b3%3Fsi%3Di1OASCNkTnKX5ZY0Yu5yuA%26pi%3De-WBJy6TKYSkqi&amp;feature=organic&amp;_branch_match_id=1278421916959024820,,,
,spotify,"Does listening to your Daylist perpetuate the types of music you get for specific days and times? For example, today's Wednesday evening daylist for me is metalcore and pop metal. If I listen to the songs on that list, will next Wednesday also be metalcore and pop metal? How much variety do you think I would need to add to change what it recommends?",t2_3wwf40kn,False,,0,False,Daylist question,[],r/spotify,False,6,question,0,,,False,,t3_19ewh3x,False,light,1.0,,1,0,{},,,False,[],,False,False,,{},Question / Discussion,False,1,,False,False,,False,,[],{},,,True,public,1706143584.0,text,6,,,text,self.spotify,False,"&lt;!-- SC_OFF --&gt;&lt;div class=""md""&gt;&lt;p&gt;Does listening to your Daylist perpetuate the types of music you get for specific days and times? For example, today&amp;#39;s Wednesday evening daylist for me is metalcore and pop metal. If I listen to the songs on that list, will next Wednesday also be metalcore and pop metal? How much variety do you think I would need to add to change what it recommends?&lt;/p&gt;
&lt;/div&gt;&lt;!-- SC_ON --&gt;",,,,,False,True,False,False,False,,[],[],False,58828680-99e4-11e9-9cfc-0e6137c47742,False,False,False,,[],False,,,,t5_2qofj,False,,,,#d3d6da,19ewh3x,True,,goofenschmirtz,,1,True,all_ads,False,[],False,,/r/spotify/comments/19ewh3x/daylist_question/,all_ads,False,https://www.reddit.com/r/spotify/comments/19ewh3x/daylist_question/,1396770,1706143584.0,0,,False,,,,
,spotify,"Hello folks! Funk, R&amp;B, and Soul are amongst my favorite genres and I’m always on the hunt for new albums to add to my library. Does anyone have suggestions? Regional variations of Soul are welcome (especially New Orleans). Fusion genres are also welcome.",t2_n542z4ysq,False,,0,False,"Funky, Soulful, or Rhythmic Albums",[],r/spotify,False,6,favors,0,,,False,,t3_19ewcgl,False,dark,0.67,,1,0,{},,,False,[],,False,False,,{},[REQUEST] Playlists / Songs / Artists / Albums ,False,1,,False,False,,False,,[],{},,,True,public,1706143232.0,text,6,,,text,self.spotify,False,"&lt;!-- SC_OFF --&gt;&lt;div class=""md""&gt;&lt;p&gt;Hello folks! Funk, R&amp;amp;B, and Soul are amongst my favorite genres and I’m always on the hunt for new albums to add to my library. Does anyone have suggestions? Regional variations of Soul are welcome (especially New Orleans). Fusion genres are also welcome.&lt;/p&gt;
&lt;/div&gt;&lt;!-- SC_ON --&gt;",,,,,False,True,False,False,False,,[],[],False,b188c2f4-9a2e-11e9-9464-0e9d067aecce,False,False,False,,[],False,,,,t5_2qofj,False,,,,#94e044,19ewcgl,True,,Remarkable_Cream1423,,4,True,all_ads,False,[],False,,/r/spotify/comments/19ewcgl/funky_soulful_or_rhythmic_albums/,all_ads,False,https://www.reddit.com/r/spotify/comments/19ewcgl/funky_soulful_or_rhythmic_albums/,1396770,1706143232.0,0,,False,,,,
,spotify,"Good Morning! If this is your first time hearing about this, my [original post](https://www.reddit.com/r/spotify/comments/19e1wi9/the_jam_to_end_all_jams/) goes into a bit more detail, but basically I'm starting a Spotify Jam and letting literally anybody join in and add music for me to listen to! Yesterday was a ton of fun, and we got to listen to an extremely wide variety of new music!

Some basics before we begin:

* Just about anything goes! I'll be skipping like, 5 hour long podcast episodes and the same song queued 10 times, but otherwise have at it!
* The Jam system is DEFINITELY not intended to be used this way, so the session might die out at some point. I'll try to keep the post updated with a functioning link, and I plan to keep this going all day!
* In general, try to keep it to around 10 or fewer songs added to the queue at a time. The queue seems to have an upper limit, and yesterday I saw chunks of dozens of songs removed from the queue altogether as people were adding hours and hours of music at once. Let's try to give everyone a chance to play their music!

Additionally, I made a playlist with most of the songs that were played yesterday! I'll be adding those to this post after I eat some breakfast.

Now, let's get this show on the road!  
[https://spotify.link/XxAxIy02CGb](https://spotify.link/xxaxiy02cgb)",t2_37w7b8ib,False,,0,False,The Jam to End All Jams: Day 2,[],r/spotify,False,6,favors,0,,,False,,t3_19engx7,False,dark,1.0,,3,0,{},,,False,[],,False,False,,{},[REQUEST] Playlists / Songs / Artists / Albums ,False,3,,False,False,,1706126261.0,,[],{},,,True,public,1706121125.0,text,6,,,text,self.spotify,False,"&lt;!-- SC_OFF --&gt;&lt;div class=""md""&gt;&lt;p&gt;Good Morning! If this is your first time hearing about this, my &lt;a href=""https://www.reddit.com/r/spotify/comments/19e1wi9/the_jam_to_end_all_jams/""&gt;original post&lt;/a&gt; goes into a bit more detail, but basically I&amp;#39;m starting a Spotify Jam and letting literally anybody join in and add music for me to listen to! Yesterday was a ton of fun, and we got to listen to an extremely wide variety of new music!&lt;/p&gt;

&lt;p&gt;Some basics before we begin:&lt;/p&gt;

&lt;ul&gt;
&lt;li&gt;Just about anything goes! I&amp;#39;ll be skipping like, 5 hour long podcast episodes and the same song queued 10 times, but otherwise have at it!&lt;/li&gt;
&lt;li&gt;The Jam system is DEFINITELY not intended to be used this way, so the session might die out at some point. I&amp;#39;ll try to keep the post updated with a functioning link, and I plan to keep this going all day!&lt;/li&gt;
&lt;li&gt;In general, try to keep it to around 10 or fewer songs added to the queue at a time. The queue seems to have an upper limit, and yesterday I saw chunks of dozens of songs removed from the queue altogether as people were adding hours and hours of music at once. Let&amp;#39;s try to give everyone a chance to play their music!&lt;/li&gt;
&lt;/ul&gt;

&lt;p&gt;Additionally, I made a playlist with most of the songs that were played yesterday! I&amp;#39;ll be adding those to this post after I eat some breakfast.&lt;/p&gt;

&lt;p&gt;Now, let&amp;#39;s get this show on the road!&lt;br/&gt;
&lt;a href=""https://spotify.link/xxaxiy02cgb""&gt;https://spotify.link/XxAxIy02CGb&lt;/a&gt;&lt;/p&gt;
&lt;/div&gt;&lt;!-- SC_ON --&gt;",,,,,False,False,False,False,False,,[],[],False,b188c2f4-9a2e-11e9-9464-0e9d067aecce,False,False,False,,[],False,,,,t5_2qofj,False,,,,#94e044,19engx7,True,,Shbingus,,0,True,all_ads,False,[],False,,/r/spotify/comments/19engx7/the_jam_to_end_all_jams_day_2/,all_ads,False,https://www.reddit.com/r/spotify/comments/19engx7/the_jam_to_end_all_jams_day_2/,1396770,1706121125.0,0,,False,,,,
,spotify,no one else to share it with so of course i'll share it here,t2_7j1zw55m,False,,0,False,"nothing special, just wanted to share the music ive been listening to this month!",[],r/spotify,False,6,playlist,0,,,False,,t3_19eqel8,False,dark,1.0,,2,0,"{'content': '&lt;iframe class=""embedly-embed"" src=""https://cdn.embedly.com/widgets/media.html?src=https%3A%2F%2Fopen.spotify.com%2Fembed%2Fplaylist%2F12IwnrHrq4opjA9wuGDd58%3Futm_source%3Doembed&amp;display_name=Spotify&amp;url=https%3A%2F%2Fopen.spotify.com%2Fplaylist%2F12IwnrHrq4opjA9wuGDd58&amp;image=https%3A%2F%2Fi.scdn.co%2Fimage%2Fab67706c0000da84b60e95988acc33d674a7f48f&amp;key=2aa3c4d5f3de4f5b9120b660ad850dc9&amp;type=text%2Fhtml&amp;schema=spotify"" width=""456"" height=""352"" scrolling=""no"" title=""Spotify embed"" frameborder=""0"" allow=""autoplay; fullscreen; encrypted-media; picture-in-picture;"" allowfullscreen=""true""&gt;&lt;/iframe&gt;', 'width': 456, 'scrolling': False, 'height': 352}",,,False,[],"{'type': 'open.spotify.com', 'oembed': {'provider_url': 'https://spotify.com', 'description': 'january ! · Playlist · 51 songs', 'title': 'january !', 'type': 'rich', 'thumbnail_width': 298, 'height': 352, 'width': 456, 'html': '&lt;iframe class=""embedly-embed"" src=""https://cdn.embedly.com/widgets/media.html?src=https%3A%2F%2Fopen.spotify.com%2Fembed%2Fplaylist%2F12IwnrHrq4opjA9wuGDd58%3Futm_source%3Doembed&amp;display_name=Spotify&amp;url=https%3A%2F%2Fopen.spotify.com%2Fplaylist%2F12IwnrHrq4opjA9wuGDd58&amp;image=https%3A%2F%2Fi.scdn.co%2Fimage%2Fab67706c0000da84b60e95988acc33d674a7f48f&amp;key=2aa3c4d5f3de4f5b9120b660ad850dc9&amp;type=text%2Fhtml&amp;schema=spotify"" width=""456"" height=""352"" scrolling=""no"" title=""Spotify embed"" frameborder=""0"" allow=""autoplay; fullscreen; encrypted-media; picture-in-picture;"" allowfullscreen=""true""&gt;&lt;/iframe&gt;', 'version': '1.0', 'provider_name': 'Spotify', 'thumbnail_url': 'https://i.scdn.co/image/ab67706c0000da84b60e95988acc33d674a7f48f', 'thumbnail_height': 300}}",False,False,,"{'content': '&lt;iframe class=""embedly-embed"" src=""https://cdn.embedly.com/widgets/media.html?src=https%3A%2F%2Fopen.spotify.com%2Fembed%2Fplaylist%2F12IwnrHrq4opjA9wuGDd58%3Futm_source%3Doembed&amp;display_name=Spotify&amp;url=https%3A%2F%2Fopen.spotify.com%2Fplaylist%2F12IwnrHrq4opjA9wuGDd58&amp;image=https%3A%2F%2Fi.scdn.co%2Fimage%2Fab67706c0000da84b60e95988acc33d674a7f48f&amp;key=2aa3c4d5f3de4f5b9120b660ad850dc9&amp;type=text%2Fhtml&amp;schema=spotify"" width=""456"" height=""352"" scrolling=""no"" title=""Spotify embed"" frameborder=""0"" allow=""autoplay; fullscreen; encrypted-media; picture-in-picture;"" allowfullscreen=""true""&gt;&lt;/iframe&gt;', 'width': 456, 'scrolling': False, 'media_domain_url': 'https://www.redditmedia.com/mediaembed/19eqel8', 'height': 352}",Playlist - Random / Other / No Theme,False,2,,False,False,,False,,[],{},,,False,public,1706128171.0,text,6,,,text,open.spotify.com,False,"&lt;!-- SC_OFF --&gt;&lt;div class=""md""&gt;&lt;p&gt;no one else to share it with so of course i&amp;#39;ll share it here&lt;/p&gt;
&lt;/div&gt;&lt;!-- SC_ON --&gt;",,,,,False,True,False,False,False,,[],[],False,5fb11b10-99e4-11e9-afa4-0e71ebf0abb0,False,False,False,,[],False,,,,t5_2qofj,False,,,,#46d160,19eqel8,True,,wormapplepie,,0,True,all_ads,False,[],False,,/r/spotify/comments/19eqel8/nothing_special_just_wanted_to_share_the_music/,all_ads,False,https://open.spotify.com/playlist/12IwnrHrq4opjA9wuGDd58?si=VS_nRNusQOO_6CEHVF4ebQ&amp;pi=u-ZiLs_K2lRWq1,1396770,1706128171.0,0,"{'type': 'open.spotify.com', 'oembed': {'provider_url': 'https://spotify.com', 'description': 'january ! · Playlist · 51 songs', 'title': 'january !', 'type': 'rich', 'thumbnail_width': 298, 'height': 352, 'width': 456, 'html': '&lt;iframe class=""embedly-embed"" src=""https://cdn.embedly.com/widgets/media.html?src=https%3A%2F%2Fopen.spotify.com%2Fembed%2Fplaylist%2F12IwnrHrq4opjA9wuGDd58%3Futm_source%3Doembed&amp;display_name=Spotify&amp;url=https%3A%2F%2Fopen.spotify.com%2Fplaylist%2F12IwnrHrq4opjA9wuGDd58&amp;image=https%3A%2F%2Fi.scdn.co%2Fimage%2Fab67706c0000da84b60e95988acc33d674a7f48f&amp;key=2aa3c4d5f3de4f5b9120b660ad850dc9&amp;type=text%2Fhtml&amp;schema=spotify"" width=""456"" height=""352"" scrolling=""no"" title=""Spotify embed"" frameborder=""0"" allow=""autoplay; fullscreen; encrypted-media; picture-in-picture;"" allowfullscreen=""true""&gt;&lt;/iframe&gt;', 'version': '1.0', 'provider_name': 'Spotify', 'thumbnail_url': 'https://i.scdn.co/image/ab67706c0000da84b60e95988acc33d674a7f48f', 'thumbnail_height': 300}}",False,https://open.spotify.com/playlist/12IwnrHrq4opjA9wuGDd58?si=VS_nRNusQOO_6CEHVF4ebQ&amp;pi=u-ZiLs_K2lRWq1,,,
,spotify,"When I search for a genre, I often get playlists marked as “Mix” or “Classics.” Am I right to assume that Mix is made from songs I like or have in a playlist (using the algorithm) and Classics is made from the most popular songs of that genre, without taking my preferences into account?",t2_6jnut,False,,0,False,Mix vs. Classics,[],r/spotify,False,6,question,0,,,False,,t3_19elc1z,False,light,1.0,,4,0,{},,,False,[],,False,False,,{},Question / Discussion,False,4,,False,False,,False,,[],{},,,True,public,1706114374.0,text,6,,,text,self.spotify,False,"&lt;!-- SC_OFF --&gt;&lt;div class=""md""&gt;&lt;p&gt;When I search for a genre, I often get playlists marked as “Mix” or “Classics.” Am I right to assume that Mix is made from songs I like or have in a playlist (using the algorithm) and Classics is made from the most popular songs of that genre, without taking my preferences into account?&lt;/p&gt;
&lt;/div&gt;&lt;!-- SC_ON --&gt;",,,,,False,False,False,False,False,,[],[],False,58828680-99e4-11e9-9cfc-0e6137c47742,False,False,False,,[],False,,,,t5_2qofj,False,,,,#d3d6da,19elc1z,True,,Shocho,,0,True,all_ads,False,[],False,,/r/spotify/comments/19elc1z/mix_vs_classics/,all_ads,False,https://www.reddit.com/r/spotify/comments/19elc1z/mix_vs_classics/,1396770,1706114374.0,0,,False,,,,
,spotify,chill Sunday,t2_c1m5jv79,False,,0,False,Sunday,[],r/spotify,False,6,,0,,,False,,t3_19evas6,False,dark,1.0,,1,0,"{'content': '&lt;iframe class=""embedly-embed"" src=""https://cdn.embedly.com/widgets/media.html?src=https%3A%2F%2Fopen.spotify.com%2Fembed%2Fplaylist%2F4uVYEH8QqNYhVJXpn5dnTY%3Futm_source%3Doembed&amp;display_name=Spotify&amp;url=https%3A%2F%2Fopen.spotify.com%2Fplaylist%2F4uVYEH8QqNYhVJXpn5dnTY&amp;image=https%3A%2F%2Fmosaic.scdn.co%2F300%2Fab67616d00001e0276866aed630b252d6ade700eab67616d00001e0285705bd798bbe8428fc428a6ab67616d00001e029f1fff2e3161a5541c7194faab67616d00001e02f09ba1a47c285925bbd547c2&amp;key=2aa3c4d5f3de4f5b9120b660ad850dc9&amp;type=text%2Fhtml&amp;schema=spotify"" width=""456"" height=""352"" scrolling=""no"" title=""Spotify embed"" frameborder=""0"" allow=""autoplay; fullscreen; encrypted-media; picture-in-picture;"" allowfullscreen=""true""&gt;&lt;/iframe&gt;', 'width': 456, 'scrolling': False, 'height': 352}",,,False,[],"{'type': 'open.spotify.com', 'oembed': {'provider_url': 'https://spotify.com', 'description': 'Sunday · Playlist · 23 songs · 1 likes', 'title': 'Sunday', 'type': 'rich', 'thumbnail_width': 300, 'height': 352, 'width': 456, 'html': '&lt;iframe class=""embedly-embed"" src=""https://cdn.embedly.com/widgets/media.html?src=https%3A%2F%2Fopen.spotify.com%2Fembed%2Fplaylist%2F4uVYEH8QqNYhVJXpn5dnTY%3Futm_source%3Doembed&amp;display_name=Spotify&amp;url=https%3A%2F%2Fopen.spotify.com%2Fplaylist%2F4uVYEH8QqNYhVJXpn5dnTY&amp;image=https%3A%2F%2Fmosaic.scdn.co%2F300%2Fab67616d00001e0276866aed630b252d6ade700eab67616d00001e0285705bd798bbe8428fc428a6ab67616d00001e029f1fff2e3161a5541c7194faab67616d00001e02f09ba1a47c285925bbd547c2&amp;key=2aa3c4d5f3de4f5b9120b660ad850dc9&amp;type=text%2Fhtml&amp;schema=spotify"" width=""456"" height=""352"" scrolling=""no"" title=""Spotify embed"" frameborder=""0"" allow=""autoplay; fullscreen; encrypted-media; picture-in-picture;"" allowfullscreen=""true""&gt;&lt;/iframe&gt;', 'version': '1.0', 'provider_name': 'Spotify', 'thumbnail_url': 'https://mosaic.scdn.co/300/ab67616d00001e0276866aed630b252d6ade700eab67616d00001e0285705bd798bbe8428fc428a6ab67616d00001e029f1fff2e3161a5541c7194faab67616d00001e02f09ba1a47c285925bbd547c2', 'thumbnail_height': 300}}",False,False,,"{'content': '&lt;iframe class=""embedly-embed"" src=""https://cdn.embedly.com/widgets/media.html?src=https%3A%2F%2Fopen.spotify.com%2Fembed%2Fplaylist%2F4uVYEH8QqNYhVJXpn5dnTY%3Futm_source%3Doembed&amp;display_name=Spotify&amp;url=https%3A%2F%2Fopen.spotify.com%2Fplaylist%2F4uVYEH8QqNYhVJXpn5dnTY&amp;image=https%3A%2F%2Fmosaic.scdn.co%2F300%2Fab67616d00001e0276866aed630b252d6ade700eab67616d00001e0285705bd798bbe8428fc428a6ab67616d00001e029f1fff2e3161a5541c7194faab67616d00001e02f09ba1a47c285925bbd547c2&amp;key=2aa3c4d5f3de4f5b9120b660ad850dc9&amp;type=text%2Fhtml&amp;schema=spotify"" width=""456"" height=""352"" scrolling=""no"" title=""Spotify embed"" frameborder=""0"" allow=""autoplay; fullscreen; encrypted-media; picture-in-picture;"" allowfullscreen=""true""&gt;&lt;/iframe&gt;', 'width': 456, 'scrolling': False, 'media_domain_url': 'https://www.redditmedia.com/mediaembed/19evas6', 'height': 352}","Playlist - Mood/Feeling (Chill, Lofi, Uplifting)",False,1,,False,False,,False,,[],{},,,False,public,1706140380.0,text,6,,,text,open.spotify.com,False,"&lt;!-- SC_OFF --&gt;&lt;div class=""md""&gt;&lt;p&gt;chill Sunday&lt;/p&gt;
&lt;/div&gt;&lt;!-- SC_ON --&gt;",,,,,False,True,False,False,False,,[],[],False,ede46e42-9fa0-11ea-8c94-0e70d5715363,False,False,False,,[],False,,,,t5_2qofj,False,,,,#c300c1,19evas6,True,,International_Main50,,0,True,all_ads,False,[],False,,/r/spotify/comments/19evas6/sunday/,all_ads,False,https://open.spotify.com/playlist/4uVYEH8QqNYhVJXpn5dnTY?si=tfv37grGSmqKZMH_7GUHpQ,1396770,1706140380.0,0,"{'type': 'open.spotify.com', 'oembed': {'provider_url': 'https://spotify.com', 'description': 'Sunday · Playlist · 23 songs · 1 likes', 'title': 'Sunday', 'type': 'rich', 'thumbnail_width': 300, 'height': 352, 'width': 456, 'html': '&lt;iframe class=""embedly-embed"" src=""https://cdn.embedly.com/widgets/media.html?src=https%3A%2F%2Fopen.spotify.com%2Fembed%2Fplaylist%2F4uVYEH8QqNYhVJXpn5dnTY%3Futm_source%3Doembed&amp;display_name=Spotify&amp;url=https%3A%2F%2Fopen.spotify.com%2Fplaylist%2F4uVYEH8QqNYhVJXpn5dnTY&amp;image=https%3A%2F%2Fmosaic.scdn.co%2F300%2Fab67616d00001e0276866aed630b252d6ade700eab67616d00001e0285705bd798bbe8428fc428a6ab67616d00001e029f1fff2e3161a5541c7194faab67616d00001e02f09ba1a47c285925bbd547c2&amp;key=2aa3c4d5f3de4f5b9120b660ad850dc9&amp;type=text%2Fhtml&amp;schema=spotify"" width=""456"" height=""352"" scrolling=""no"" title=""Spotify embed"" frameborder=""0"" allow=""autoplay; fullscreen; encrypted-media; picture-in-picture;"" allowfullscreen=""true""&gt;&lt;/iframe&gt;', 'version': '1.0', 'provider_name': 'Spotify', 'thumbnail_url': 'https://mosaic.scdn.co/300/ab67616d00001e0276866aed630b252d6ade700eab67616d00001e0285705bd798bbe8428fc428a6ab67616d00001e029f1fff2e3161a5541c7194faab67616d00001e02f09ba1a47c285925bbd547c2', 'thumbnail_height': 300}}",False,https://open.spotify.com/playlist/4uVYEH8QqNYhVJXpn5dnTY?si=tfv37grGSmqKZMH_7GUHpQ,,,
,spotify,,t2_scx77s0ge,False,,0,False,my top playlist rn,[],r/spotify,False,6,playlist,0,,,False,,t3_19euqoy,False,dark,1.0,,1,0,"{'content': '&lt;iframe class=""embedly-embed"" src=""https://cdn.embedly.com/widgets/media.html?src=https%3A%2F%2Fopen.spotify.com%2Fembed%2Fplaylist%2F0DXHrPWJsl96YQQQMFf6yD%3Futm_source%3Doembed&amp;display_name=Spotify&amp;url=https%3A%2F%2Fopen.spotify.com%2Fplaylist%2F0DXHrPWJsl96YQQQMFf6yD&amp;image=https%3A%2F%2Fi.scdn.co%2Fimage%2Fab67706c0000da84d660975fdfccc377fd2fae38&amp;key=2aa3c4d5f3de4f5b9120b660ad850dc9&amp;type=text%2Fhtml&amp;schema=spotify"" width=""456"" height=""352"" scrolling=""no"" title=""Spotify embed"" frameborder=""0"" allow=""autoplay; fullscreen; encrypted-media; picture-in-picture;"" allowfullscreen=""true""&gt;&lt;/iframe&gt;', 'width': 456, 'scrolling': False, 'height': 352}",,,False,[],"{'type': 'open.spotify.com', 'oembed': {'provider_url': 'https://spotify.com', 'description': '✩°｡⋆⸜ ultimate² 🎧✮ · Playlist · 50 songs', 'title': '✩°｡⋆⸜ ultimate² 🎧✮', 'type': 'rich', 'thumbnail_width': 300, 'height': 352, 'width': 456, 'html': '&lt;iframe class=""embedly-embed"" src=""https://cdn.embedly.com/widgets/media.html?src=https%3A%2F%2Fopen.spotify.com%2Fembed%2Fplaylist%2F0DXHrPWJsl96YQQQMFf6yD%3Futm_source%3Doembed&amp;display_name=Spotify&amp;url=https%3A%2F%2Fopen.spotify.com%2Fplaylist%2F0DXHrPWJsl96YQQQMFf6yD&amp;image=https%3A%2F%2Fi.scdn.co%2Fimage%2Fab67706c0000da84d660975fdfccc377fd2fae38&amp;key=2aa3c4d5f3de4f5b9120b660ad850dc9&amp;type=text%2Fhtml&amp;schema=spotify"" width=""456"" height=""352"" scrolling=""no"" title=""Spotify embed"" frameborder=""0"" allow=""autoplay; fullscreen; encrypted-media; picture-in-picture;"" allowfullscreen=""true""&gt;&lt;/iframe&gt;', 'version': '1.0', 'provider_name': 'Spotify', 'thumbnail_url': 'https://i.scdn.co/image/ab67706c0000da84d660975fdfccc377fd2fae38', 'thumbnail_height': 300}}",False,False,,"{'content': '&lt;iframe class=""embedly-embed"" src=""https://cdn.embedly.com/widgets/media.html?src=https%3A%2F%2Fopen.spotify.com%2Fembed%2Fplaylist%2F0DXHrPWJsl96YQQQMFf6yD%3Futm_source%3Doembed&amp;display_name=Spotify&amp;url=https%3A%2F%2Fopen.spotify.com%2Fplaylist%2F0DXHrPWJsl96YQQQMFf6yD&amp;image=https%3A%2F%2Fi.scdn.co%2Fimage%2Fab67706c0000da84d660975fdfccc377fd2fae38&amp;key=2aa3c4d5f3de4f5b9120b660ad850dc9&amp;type=text%2Fhtml&amp;schema=spotify"" width=""456"" height=""352"" scrolling=""no"" title=""Spotify embed"" frameborder=""0"" allow=""autoplay; fullscreen; encrypted-media; picture-in-picture;"" allowfullscreen=""true""&gt;&lt;/iframe&gt;', 'width': 456, 'scrolling': False, 'media_domain_url': 'https://www.redditmedia.com/mediaembed/19euqoy', 'height': 352}",Playlist - Random / Other / No Theme,False,1,,False,False,,False,,[],{},,,False,public,1706138944.0,text,6,,,text,open.spotify.com,False,,,,,,False,False,False,False,False,,[],[],False,5fb11b10-99e4-11e9-afa4-0e71ebf0abb0,False,False,False,,[],False,,,,t5_2qofj,False,,,,#46d160,19euqoy,True,,sza_sd,,0,True,all_ads,False,[],False,,/r/spotify/comments/19euqoy/my_top_playlist_rn/,all_ads,False,https://open.spotify.com/playlist/0DXHrPWJsl96YQQQMFf6yD?si=tcpCy7O0QvyAwcmdgIBxrg,1396768,1706138944.0,0,"{'type': 'open.spotify.com', 'oembed': {'provider_url': 'https://spotify.com', 'description': '✩°｡⋆⸜ ultimate² 🎧✮ · Playlist · 50 songs', 'title': '✩°｡⋆⸜ ultimate² 🎧✮', 'type': 'rich', 'thumbnail_width': 300, 'height': 352, 'width': 456, 'html': '&lt;iframe class=""embedly-embed"" src=""https://cdn.embedly.com/widgets/media.html?src=https%3A%2F%2Fopen.spotify.com%2Fembed%2Fplaylist%2F0DXHrPWJsl96YQQQMFf6yD%3Futm_source%3Doembed&amp;display_name=Spotify&amp;url=https%3A%2F%2Fopen.spotify.com%2Fplaylist%2F0DXHrPWJsl96YQQQMFf6yD&amp;image=https%3A%2F%2Fi.scdn.co%2Fimage%2Fab67706c0000da84d660975fdfccc377fd2fae38&amp;key=2aa3c4d5f3de4f5b9120b660ad850dc9&amp;type=text%2Fhtml&amp;schema=spotify"" width=""456"" height=""352"" scrolling=""no"" title=""Spotify embed"" frameborder=""0"" allow=""autoplay; fullscreen; encrypted-media; picture-in-picture;"" allowfullscreen=""true""&gt;&lt;/iframe&gt;', 'version': '1.0', 'provider_name': 'Spotify', 'thumbnail_url': 'https://i.scdn.co/image/ab67706c0000da84d660975fdfccc377fd2fae38', 'thumbnail_height': 300}}",False,https://open.spotify.com/playlist/0DXHrPWJsl96YQQQMFf6yD?si=tcpCy7O0QvyAwcmdgIBxrg,,,
,spotify,,t2_i0ekx5x6,False,,0,False,Lofi Music,[],r/spotify,False,6,,0,,,False,,t3_19eujbn,False,dark,1.0,,1,0,"{'content': '&lt;iframe class=""embedly-embed"" src=""https://cdn.embedly.com/widgets/media.html?src=https%3A%2F%2Fopen.spotify.com%2Fembed%2Fplaylist%2F1WFF5H5zkDdQJrPZDHRmTn%3Futm_source%3Doembed&amp;display_name=Spotify&amp;url=https%3A%2F%2Fopen.spotify.com%2Fplaylist%2F1WFF5H5zkDdQJrPZDHRmTn&amp;image=https%3A%2F%2Fi.scdn.co%2Fimage%2Fab67706c0000da84010af76a86c9b57edf915923&amp;key=2aa3c4d5f3de4f5b9120b660ad850dc9&amp;type=text%2Fhtml&amp;schema=spotify"" width=""456"" height=""352"" scrolling=""no"" title=""Spotify embed"" frameborder=""0"" allow=""autoplay; fullscreen; encrypted-media; picture-in-picture;"" allowfullscreen=""true""&gt;&lt;/iframe&gt;', 'width': 456, 'scrolling': False, 'height': 352}",,,False,[],"{'type': 'open.spotify.com', 'oembed': {'provider_url': 'https://spotify.com', 'description': 'Lofi Music 📚 · Playlist · 250 songs · 1.1K likes', 'title': 'Lofi Music 📚', 'type': 'rich', 'thumbnail_width': 300, 'height': 352, 'width': 456, 'html': '&lt;iframe class=""embedly-embed"" src=""https://cdn.embedly.com/widgets/media.html?src=https%3A%2F%2Fopen.spotify.com%2Fembed%2Fplaylist%2F1WFF5H5zkDdQJrPZDHRmTn%3Futm_source%3Doembed&amp;display_name=Spotify&amp;url=https%3A%2F%2Fopen.spotify.com%2Fplaylist%2F1WFF5H5zkDdQJrPZDHRmTn&amp;image=https%3A%2F%2Fi.scdn.co%2Fimage%2Fab67706c0000da84010af76a86c9b57edf915923&amp;key=2aa3c4d5f3de4f5b9120b660ad850dc9&amp;type=text%2Fhtml&amp;schema=spotify"" width=""456"" height=""352"" scrolling=""no"" title=""Spotify embed"" frameborder=""0"" allow=""autoplay; fullscreen; encrypted-media; picture-in-picture;"" allowfullscreen=""true""&gt;&lt;/iframe&gt;', 'version': '1.0', 'provider_name': 'Spotify', 'thumbnail_url': 'https://i.scdn.co/image/ab67706c0000da84010af76a86c9b57edf915923', 'thumbnail_height': 300}}",False,False,,"{'content': '&lt;iframe class=""embedly-embed"" src=""https://cdn.embedly.com/widgets/media.html?src=https%3A%2F%2Fopen.spotify.com%2Fembed%2Fplaylist%2F1WFF5H5zkDdQJrPZDHRmTn%3Futm_source%3Doembed&amp;display_name=Spotify&amp;url=https%3A%2F%2Fopen.spotify.com%2Fplaylist%2F1WFF5H5zkDdQJrPZDHRmTn&amp;image=https%3A%2F%2Fi.scdn.co%2Fimage%2Fab67706c0000da84010af76a86c9b57edf915923&amp;key=2aa3c4d5f3de4f5b9120b660ad850dc9&amp;type=text%2Fhtml&amp;schema=spotify"" width=""456"" height=""352"" scrolling=""no"" title=""Spotify embed"" frameborder=""0"" allow=""autoplay; fullscreen; encrypted-media; picture-in-picture;"" allowfullscreen=""true""&gt;&lt;/iframe&gt;', 'width': 456, 'scrolling': False, 'media_domain_url': 'https://www.redditmedia.com/mediaembed/19eujbn', 'height': 352}","Playlist - Mood/Feeling (Chill, Lofi, Uplifting)",False,1,,False,False,,False,,[],{},,,False,public,1706138411.0,text,6,,,text,open.spotify.com,False,,,,,,False,False,False,False,False,,[],[],False,ede46e42-9fa0-11ea-8c94-0e70d5715363,False,False,False,,[],False,,,,t5_2qofj,False,,,,#c300c1,19eujbn,True,,MelissaYGold,,0,True,all_ads,False,[],False,,/r/spotify/comments/19eujbn/lofi_music/,all_ads,False,https://open.spotify.com/playlist/1WFF5H5zkDdQJrPZDHRmTn?si=37d084f37c394040,1396768,1706138411.0,0,"{'type': 'open.spotify.com', 'oembed': {'provider_url': 'https://spotify.com', 'description': 'Lofi Music 📚 · Playlist · 250 songs · 1.1K likes', 'title': 'Lofi Music 📚', 'type': 'rich', 'thumbnail_width': 300, 'height': 352, 'width': 456, 'html': '&lt;iframe class=""embedly-embed"" src=""https://cdn.embedly.com/widgets/media.html?src=https%3A%2F%2Fopen.spotify.com%2Fembed%2Fplaylist%2F1WFF5H5zkDdQJrPZDHRmTn%3Futm_source%3Doembed&amp;display_name=Spotify&amp;url=https%3A%2F%2Fopen.spotify.com%2Fplaylist%2F1WFF5H5zkDdQJrPZDHRmTn&amp;image=https%3A%2F%2Fi.scdn.co%2Fimage%2Fab67706c0000da84010af76a86c9b57edf915923&amp;key=2aa3c4d5f3de4f5b9120b660ad850dc9&amp;type=text%2Fhtml&amp;schema=spotify"" width=""456"" height=""352"" scrolling=""no"" title=""Spotify embed"" frameborder=""0"" allow=""autoplay; fullscreen; encrypted-media; picture-in-picture;"" allowfullscreen=""true""&gt;&lt;/iframe&gt;', 'version': '1.0', 'provider_name': 'Spotify', 'thumbnail_url': 'https://i.scdn.co/image/ab67706c0000da84010af76a86c9b57edf915923', 'thumbnail_height': 300}}",False,https://open.spotify.com/playlist/1WFF5H5zkDdQJrPZDHRmTn?si=37d084f37c394040,,,
,spotify,,t2_l0zpsoz70,False,,0,False,Sax House Covers 2024,[],r/spotify,False,6,,0,,,False,,t3_19eugad,False,dark,1.0,,1,0,"{'content': '&lt;iframe class=""embedly-embed"" src=""https://cdn.embedly.com/widgets/media.html?src=https%3A%2F%2Fopen.spotify.com%2Fembed%2Fplaylist%2F0IF23guQdBAE1QSNojOn0o%3Futm_source%3Doembed&amp;display_name=Spotify&amp;url=https%3A%2F%2Fopen.spotify.com%2Fplaylist%2F0IF23guQdBAE1QSNojOn0o&amp;image=https%3A%2F%2Fi.scdn.co%2Fimage%2Fab67706c0000da84d2a3cd36c4547ffca7416e78&amp;key=2aa3c4d5f3de4f5b9120b660ad850dc9&amp;type=text%2Fhtml&amp;schema=spotify"" width=""456"" height=""352"" scrolling=""no"" title=""Spotify embed"" frameborder=""0"" allow=""autoplay; fullscreen; encrypted-media; picture-in-picture;"" allowfullscreen=""true""&gt;&lt;/iframe&gt;', 'width': 456, 'scrolling': False, 'height': 352}",,,False,[],"{'type': 'open.spotify.com', 'oembed': {'provider_url': 'https://spotify.com', 'description': 'Sax House Covers 2024 - Saxophone House Covers · Playlist · 127 songs · 495 likes', 'title': 'Sax House Covers 2024 - Saxophone House Covers', 'type': 'rich', 'thumbnail_width': 300, 'height': 352, 'width': 456, 'html': '&lt;iframe class=""embedly-embed"" src=""https://cdn.embedly.com/widgets/media.html?src=https%3A%2F%2Fopen.spotify.com%2Fembed%2Fplaylist%2F0IF23guQdBAE1QSNojOn0o%3Futm_source%3Doembed&amp;display_name=Spotify&amp;url=https%3A%2F%2Fopen.spotify.com%2Fplaylist%2F0IF23guQdBAE1QSNojOn0o&amp;image=https%3A%2F%2Fi.scdn.co%2Fimage%2Fab67706c0000da84d2a3cd36c4547ffca7416e78&amp;key=2aa3c4d5f3de4f5b9120b660ad850dc9&amp;type=text%2Fhtml&amp;schema=spotify"" width=""456"" height=""352"" scrolling=""no"" title=""Spotify embed"" frameborder=""0"" allow=""autoplay; fullscreen; encrypted-media; picture-in-picture;"" allowfullscreen=""true""&gt;&lt;/iframe&gt;', 'version': '1.0', 'provider_name': 'Spotify', 'thumbnail_url': 'https://i.scdn.co/image/ab67706c0000da84d2a3cd36c4547ffca7416e78', 'thumbnail_height': 300}}",False,False,,"{'content': '&lt;iframe class=""embedly-embed"" src=""https://cdn.embedly.com/widgets/media.html?src=https%3A%2F%2Fopen.spotify.com%2Fembed%2Fplaylist%2F0IF23guQdBAE1QSNojOn0o%3Futm_source%3Doembed&amp;display_name=Spotify&amp;url=https%3A%2F%2Fopen.spotify.com%2Fplaylist%2F0IF23guQdBAE1QSNojOn0o&amp;image=https%3A%2F%2Fi.scdn.co%2Fimage%2Fab67706c0000da84d2a3cd36c4547ffca7416e78&amp;key=2aa3c4d5f3de4f5b9120b660ad850dc9&amp;type=text%2Fhtml&amp;schema=spotify"" width=""456"" height=""352"" scrolling=""no"" title=""Spotify embed"" frameborder=""0"" allow=""autoplay; fullscreen; encrypted-media; picture-in-picture;"" allowfullscreen=""true""&gt;&lt;/iframe&gt;', 'width': 456, 'scrolling': False, 'media_domain_url': 'https://www.redditmedia.com/mediaembed/19eugad', 'height': 352}","Playlist - Theme  (Party, Beach, Study)",False,1,,False,False,,False,,[],{},,,False,public,1706138193.0,text,6,,,text,open.spotify.com,False,,,,,,False,False,False,False,False,,[],[],False,64fa8956-9fa3-11ea-ba10-0e669a062341,False,False,False,,[],False,,,,t5_2qofj,False,,,,#ffd635,19eugad,True,,ArianaJasmineMusic,,0,True,all_ads,False,[],False,,/r/spotify/comments/19eugad/sax_house_covers_2024/,all_ads,False,https://open.spotify.com/playlist/0IF23guQdBAE1QSNojOn0o?si=d91cfb74b2d74e21,1396768,1706138193.0,0,"{'type': 'open.spotify.com', 'oembed': {'provider_url': 'https://spotify.com', 'description': 'Sax House Covers 2024 - Saxophone House Covers · Playlist · 127 songs · 495 likes', 'title': 'Sax House Covers 2024 - Saxophone House Covers', 'type': 'rich', 'thumbnail_width': 300, 'height': 352, 'width': 456, 'html': '&lt;iframe class=""embedly-embed"" src=""https://cdn.embedly.com/widgets/media.html?src=https%3A%2F%2Fopen.spotify.com%2Fembed%2Fplaylist%2F0IF23guQdBAE1QSNojOn0o%3Futm_source%3Doembed&amp;display_name=Spotify&amp;url=https%3A%2F%2Fopen.spotify.com%2Fplaylist%2F0IF23guQdBAE1QSNojOn0o&amp;image=https%3A%2F%2Fi.scdn.co%2Fimage%2Fab67706c0000da84d2a3cd36c4547ffca7416e78&amp;key=2aa3c4d5f3de4f5b9120b660ad850dc9&amp;type=text%2Fhtml&amp;schema=spotify"" width=""456"" height=""352"" scrolling=""no"" title=""Spotify embed"" frameborder=""0"" allow=""autoplay; fullscreen; encrypted-media; picture-in-picture;"" allowfullscreen=""true""&gt;&lt;/iframe&gt;', 'version': '1.0', 'provider_name': 'Spotify', 'thumbnail_url': 'https://i.scdn.co/image/ab67706c0000da84d2a3cd36c4547ffca7416e78', 'thumbnail_height': 300}}",False,https://open.spotify.com/playlist/0IF23guQdBAE1QSNojOn0o?si=d91cfb74b2d74e21,,,
,spotify,,t2_hdsn2e98g,False,,0,False,"Summer 1983, Somewhere In Northern Italy",[],r/spotify,False,6,,0,,,False,,t3_19eu6l8,False,dark,1.0,,1,0,"{'content': '&lt;iframe class=""embedly-embed"" src=""https://cdn.embedly.com/widgets/media.html?src=https%3A%2F%2Fopen.spotify.com%2Fembed%2Fplaylist%2F3KUrVscO2wXmpaHzxLVU88%3Futm_source%3Doembed&amp;display_name=Spotify&amp;url=https%3A%2F%2Fopen.spotify.com%2Fplaylist%2F3KUrVscO2wXmpaHzxLVU88&amp;image=https%3A%2F%2Fi.scdn.co%2Fimage%2Fab67706c0000da84e77572b10a7919b6a999e901&amp;key=2aa3c4d5f3de4f5b9120b660ad850dc9&amp;type=text%2Fhtml&amp;schema=spotify"" width=""456"" height=""352"" scrolling=""no"" title=""Spotify embed"" frameborder=""0"" allow=""autoplay; fullscreen; encrypted-media; picture-in-picture;"" allowfullscreen=""true""&gt;&lt;/iframe&gt;', 'width': 456, 'scrolling': False, 'height': 352}",,,False,[],"{'type': 'open.spotify.com', 'oembed': {'provider_url': 'https://spotify.com', 'description': 'Summer 1983, Northern Italy · Playlist · 37 songs', 'title': 'Summer 1983, Northern Italy', 'type': 'rich', 'thumbnail_width': 299, 'height': 352, 'width': 456, 'html': '&lt;iframe class=""embedly-embed"" src=""https://cdn.embedly.com/widgets/media.html?src=https%3A%2F%2Fopen.spotify.com%2Fembed%2Fplaylist%2F3KUrVscO2wXmpaHzxLVU88%3Futm_source%3Doembed&amp;display_name=Spotify&amp;url=https%3A%2F%2Fopen.spotify.com%2Fplaylist%2F3KUrVscO2wXmpaHzxLVU88&amp;image=https%3A%2F%2Fi.scdn.co%2Fimage%2Fab67706c0000da84e77572b10a7919b6a999e901&amp;key=2aa3c4d5f3de4f5b9120b660ad850dc9&amp;type=text%2Fhtml&amp;schema=spotify"" width=""456"" height=""352"" scrolling=""no"" title=""Spotify embed"" frameborder=""0"" allow=""autoplay; fullscreen; encrypted-media; picture-in-picture;"" allowfullscreen=""true""&gt;&lt;/iframe&gt;', 'version': '1.0', 'provider_name': 'Spotify', 'thumbnail_url': 'https://i.scdn.co/image/ab67706c0000da84e77572b10a7919b6a999e901', 'thumbnail_height': 300}}",False,False,,"{'content': '&lt;iframe class=""embedly-embed"" src=""https://cdn.embedly.com/widgets/media.html?src=https%3A%2F%2Fopen.spotify.com%2Fembed%2Fplaylist%2F3KUrVscO2wXmpaHzxLVU88%3Futm_source%3Doembed&amp;display_name=Spotify&amp;url=https%3A%2F%2Fopen.spotify.com%2Fplaylist%2F3KUrVscO2wXmpaHzxLVU88&amp;image=https%3A%2F%2Fi.scdn.co%2Fimage%2Fab67706c0000da84e77572b10a7919b6a999e901&amp;key=2aa3c4d5f3de4f5b9120b660ad850dc9&amp;type=text%2Fhtml&amp;schema=spotify"" width=""456"" height=""352"" scrolling=""no"" title=""Spotify embed"" frameborder=""0"" allow=""autoplay; fullscreen; encrypted-media; picture-in-picture;"" allowfullscreen=""true""&gt;&lt;/iframe&gt;', 'width': 456, 'scrolling': False, 'media_domain_url': 'https://www.redditmedia.com/mediaembed/19eu6l8', 'height': 352}","Playlist - Theme  (Party, Beach, Study)",False,1,,False,False,,False,,[],{},,,False,public,1706137500.0,text,6,,,text,open.spotify.com,False,,,,,,False,False,False,False,False,,[],[],False,64fa8956-9fa3-11ea-ba10-0e669a062341,False,False,False,,[],False,,,,t5_2qofj,False,,,,#ffd635,19eu6l8,True,,Afraid-Ad-620,,0,True,all_ads,False,[],False,,/r/spotify/comments/19eu6l8/summer_1983_somewhere_in_northern_italy/,all_ads,False,https://open.spotify.com/playlist/3KUrVscO2wXmpaHzxLVU88?si=o3oVe6NdRpK4M7tMlbkqDg&amp;pi=e-FIs-dF3gSZSs,1396768,1706137500.0,0,"{'type': 'open.spotify.com', 'oembed': {'provider_url': 'https://spotify.com', 'description': 'Summer 1983, Northern Italy · Playlist · 37 songs', 'title': 'Summer 1983, Northern Italy', 'type': 'rich', 'thumbnail_width': 299, 'height': 352, 'width': 456, 'html': '&lt;iframe class=""embedly-embed"" src=""https://cdn.embedly.com/widgets/media.html?src=https%3A%2F%2Fopen.spotify.com%2Fembed%2Fplaylist%2F3KUrVscO2wXmpaHzxLVU88%3Futm_source%3Doembed&amp;display_name=Spotify&amp;url=https%3A%2F%2Fopen.spotify.com%2Fplaylist%2F3KUrVscO2wXmpaHzxLVU88&amp;image=https%3A%2F%2Fi.scdn.co%2Fimage%2Fab67706c0000da84e77572b10a7919b6a999e901&amp;key=2aa3c4d5f3de4f5b9120b660ad850dc9&amp;type=text%2Fhtml&amp;schema=spotify"" width=""456"" height=""352"" scrolling=""no"" title=""Spotify embed"" frameborder=""0"" allow=""autoplay; fullscreen; encrypted-media; picture-in-picture;"" allowfullscreen=""true""&gt;&lt;/iframe&gt;', 'version': '1.0', 'provider_name': 'Spotify', 'thumbnail_url': 'https://i.scdn.co/image/ab67706c0000da84e77572b10a7919b6a999e901', 'thumbnail_height': 300}}",False,https://open.spotify.com/playlist/3KUrVscO2wXmpaHzxLVU88?si=o3oVe6NdRpK4M7tMlbkqDg&amp;pi=e-FIs-dF3gSZSs,,,
,spotify,,t2_5meke9wq,False,,0,False,Songs about growing up and change,[],r/spotify,False,6,,0,,,False,,t3_19eu4rx,False,dark,1.0,,1,0,"{'content': '&lt;iframe class=""embedly-embed"" src=""https://cdn.embedly.com/widgets/media.html?src=https%3A%2F%2Fopen.spotify.com%2Fembed%2Fplaylist%2F6sG9L1cQOQr8BT9Df5BVnn%3Futm_source%3Doembed&amp;display_name=Spotify&amp;url=https%3A%2F%2Fopen.spotify.com%2Fplaylist%2F6sG9L1cQOQr8BT9Df5BVnn&amp;image=https%3A%2F%2Fi.scdn.co%2Fimage%2Fab67706c0000da84e284d66dac76d560c26837a0&amp;key=2aa3c4d5f3de4f5b9120b660ad850dc9&amp;type=text%2Fhtml&amp;schema=spotify"" width=""456"" height=""352"" scrolling=""no"" title=""Spotify embed"" frameborder=""0"" allow=""autoplay; fullscreen; encrypted-media; picture-in-picture;"" allowfullscreen=""true""&gt;&lt;/iframe&gt;', 'width': 456, 'scrolling': False, 'height': 352}",,,False,[],"{'type': 'open.spotify.com', 'oembed': {'provider_url': 'https://spotify.com', 'description': 'feelings of growing up and change · Playlist · 14 songs · 1 likes', 'title': 'feelings of growing up and change', 'type': 'rich', 'thumbnail_width': 300, 'height': 352, 'width': 456, 'html': '&lt;iframe class=""embedly-embed"" src=""https://cdn.embedly.com/widgets/media.html?src=https%3A%2F%2Fopen.spotify.com%2Fembed%2Fplaylist%2F6sG9L1cQOQr8BT9Df5BVnn%3Futm_source%3Doembed&amp;display_name=Spotify&amp;url=https%3A%2F%2Fopen.spotify.com%2Fplaylist%2F6sG9L1cQOQr8BT9Df5BVnn&amp;image=https%3A%2F%2Fi.scdn.co%2Fimage%2Fab67706c0000da84e284d66dac76d560c26837a0&amp;key=2aa3c4d5f3de4f5b9120b660ad850dc9&amp;type=text%2Fhtml&amp;schema=spotify"" width=""456"" height=""352"" scrolling=""no"" title=""Spotify embed"" frameborder=""0"" allow=""autoplay; fullscreen; encrypted-media; picture-in-picture;"" allowfullscreen=""true""&gt;&lt;/iframe&gt;', 'version': '1.0', 'provider_name': 'Spotify', 'thumbnail_url': 'https://i.scdn.co/image/ab67706c0000da84e284d66dac76d560c26837a0', 'thumbnail_height': 300}}",False,False,,"{'content': '&lt;iframe class=""embedly-embed"" src=""https://cdn.embedly.com/widgets/media.html?src=https%3A%2F%2Fopen.spotify.com%2Fembed%2Fplaylist%2F6sG9L1cQOQr8BT9Df5BVnn%3Futm_source%3Doembed&amp;display_name=Spotify&amp;url=https%3A%2F%2Fopen.spotify.com%2Fplaylist%2F6sG9L1cQOQr8BT9Df5BVnn&amp;image=https%3A%2F%2Fi.scdn.co%2Fimage%2Fab67706c0000da84e284d66dac76d560c26837a0&amp;key=2aa3c4d5f3de4f5b9120b660ad850dc9&amp;type=text%2Fhtml&amp;schema=spotify"" width=""456"" height=""352"" scrolling=""no"" title=""Spotify embed"" frameborder=""0"" allow=""autoplay; fullscreen; encrypted-media; picture-in-picture;"" allowfullscreen=""true""&gt;&lt;/iframe&gt;', 'width': 456, 'scrolling': False, 'media_domain_url': 'https://www.redditmedia.com/mediaembed/19eu4rx', 'height': 352}","Playlist - Mood/Feeling (Chill, Lofi, Uplifting)",False,1,,False,False,,False,,[],{},,,False,public,1706137369.0,text,6,,,text,open.spotify.com,False,,,,,,False,False,False,False,False,,[],[],False,ede46e42-9fa0-11ea-8c94-0e70d5715363,False,False,False,,[],False,,,,t5_2qofj,False,,,,#c300c1,19eu4rx,True,,firenoodlehs,,0,True,all_ads,False,[],False,,/r/spotify/comments/19eu4rx/songs_about_growing_up_and_change/,all_ads,False,https://open.spotify.com/playlist/6sG9L1cQOQr8BT9Df5BVnn?si=NsaS7UMISQ2FWk3_5-AaGQ,1396768,1706137369.0,0,"{'type': 'open.spotify.com', 'oembed': {'provider_url': 'https://spotify.com', 'description': 'feelings of growing up and change · Playlist · 14 songs · 1 likes', 'title': 'feelings of growing up and change', 'type': 'rich', 'thumbnail_width': 300, 'height': 352, 'width': 456, 'html': '&lt;iframe class=""embedly-embed"" src=""https://cdn.embedly.com/widgets/media.html?src=https%3A%2F%2Fopen.spotify.com%2Fembed%2Fplaylist%2F6sG9L1cQOQr8BT9Df5BVnn%3Futm_source%3Doembed&amp;display_name=Spotify&amp;url=https%3A%2F%2Fopen.spotify.com%2Fplaylist%2F6sG9L1cQOQr8BT9Df5BVnn&amp;image=https%3A%2F%2Fi.scdn.co%2Fimage%2Fab67706c0000da84e284d66dac76d560c26837a0&amp;key=2aa3c4d5f3de4f5b9120b660ad850dc9&amp;type=text%2Fhtml&amp;schema=spotify"" width=""456"" height=""352"" scrolling=""no"" title=""Spotify embed"" frameborder=""0"" allow=""autoplay; fullscreen; encrypted-media; picture-in-picture;"" allowfullscreen=""true""&gt;&lt;/iframe&gt;', 'version': '1.0', 'provider_name': 'Spotify', 'thumbnail_url': 'https://i.scdn.co/image/ab67706c0000da84e284d66dac76d560c26837a0', 'thumbnail_height': 300}}",False,https://open.spotify.com/playlist/6sG9L1cQOQr8BT9Df5BVnn?si=NsaS7UMISQ2FWk3_5-AaGQ,,,
,spotify,"If anybody is looking for new music to play in the gym this playlist has a ton of songs that could be new to some people. It includes rap, hard rock and some edm. Enjoy p",t2_5r92xfal,False,,0,False,Solid Gym Playlist,[],r/spotify,False,6,,0,,,False,,t3_19eu0ky,False,dark,1.0,,1,0,"{'content': '&lt;iframe class=""embedly-embed"" src=""https://cdn.embedly.com/widgets/media.html?src=https%3A%2F%2Fopen.spotify.com%2Fembed%2Fplaylist%2F2rb2ncNemPfnmxIZgiB516%3Futm_source%3Doembed&amp;display_name=Spotify&amp;url=https%3A%2F%2Fopen.spotify.com%2Fplaylist%2F2rb2ncNemPfnmxIZgiB516&amp;image=https%3A%2F%2Fi.scdn.co%2Fimage%2Fab67706c0000da84a2133e12c3730f8b42266556&amp;key=2aa3c4d5f3de4f5b9120b660ad850dc9&amp;type=text%2Fhtml&amp;schema=spotify"" width=""456"" height=""352"" scrolling=""no"" title=""Spotify embed"" frameborder=""0"" allow=""autoplay; fullscreen; encrypted-media; picture-in-picture;"" allowfullscreen=""true""&gt;&lt;/iframe&gt;', 'width': 456, 'scrolling': False, 'height': 352}",,,False,[],"{'type': 'open.spotify.com', 'oembed': {'provider_url': 'https://spotify.com', 'description': 'skinny fuck · Playlist · 347 songs · 2 likes', 'title': 'skinny fuck', 'type': 'rich', 'thumbnail_width': 300, 'height': 352, 'width': 456, 'html': '&lt;iframe class=""embedly-embed"" src=""https://cdn.embedly.com/widgets/media.html?src=https%3A%2F%2Fopen.spotify.com%2Fembed%2Fplaylist%2F2rb2ncNemPfnmxIZgiB516%3Futm_source%3Doembed&amp;display_name=Spotify&amp;url=https%3A%2F%2Fopen.spotify.com%2Fplaylist%2F2rb2ncNemPfnmxIZgiB516&amp;image=https%3A%2F%2Fi.scdn.co%2Fimage%2Fab67706c0000da84a2133e12c3730f8b42266556&amp;key=2aa3c4d5f3de4f5b9120b660ad850dc9&amp;type=text%2Fhtml&amp;schema=spotify"" width=""456"" height=""352"" scrolling=""no"" title=""Spotify embed"" frameborder=""0"" allow=""autoplay; fullscreen; encrypted-media; picture-in-picture;"" allowfullscreen=""true""&gt;&lt;/iframe&gt;', 'version': '1.0', 'provider_name': 'Spotify', 'thumbnail_url': 'https://i.scdn.co/image/ab67706c0000da84a2133e12c3730f8b42266556', 'thumbnail_height': 225}}",False,False,,"{'content': '&lt;iframe class=""embedly-embed"" src=""https://cdn.embedly.com/widgets/media.html?src=https%3A%2F%2Fopen.spotify.com%2Fembed%2Fplaylist%2F2rb2ncNemPfnmxIZgiB516%3Futm_source%3Doembed&amp;display_name=Spotify&amp;url=https%3A%2F%2Fopen.spotify.com%2Fplaylist%2F2rb2ncNemPfnmxIZgiB516&amp;image=https%3A%2F%2Fi.scdn.co%2Fimage%2Fab67706c0000da84a2133e12c3730f8b42266556&amp;key=2aa3c4d5f3de4f5b9120b660ad850dc9&amp;type=text%2Fhtml&amp;schema=spotify"" width=""456"" height=""352"" scrolling=""no"" title=""Spotify embed"" frameborder=""0"" allow=""autoplay; fullscreen; encrypted-media; picture-in-picture;"" allowfullscreen=""true""&gt;&lt;/iframe&gt;', 'width': 456, 'scrolling': False, 'media_domain_url': 'https://www.redditmedia.com/mediaembed/19eu0ky', 'height': 352}","Playlist - Theme  (Party, Beach, Study)",False,1,,False,False,,False,,[],{},,,False,public,1706137088.0,text,6,,,text,open.spotify.com,False,"&lt;!-- SC_OFF --&gt;&lt;div class=""md""&gt;&lt;p&gt;If anybody is looking for new music to play in the gym this playlist has a ton of songs that could be new to some people. It includes rap, hard rock and some edm. Enjoy p&lt;/p&gt;
&lt;/div&gt;&lt;!-- SC_ON --&gt;",,,,,False,False,False,False,False,,[],[],False,64fa8956-9fa3-11ea-ba10-0e669a062341,False,False,False,,[],False,,,,t5_2qofj,False,,,,#ffd635,19eu0ky,True,,benfairly,,0,True,all_ads,False,[],False,,/r/spotify/comments/19eu0ky/solid_gym_playlist/,all_ads,False,https://open.spotify.com/playlist/2rb2ncNemPfnmxIZgiB516?si=8ykLNtKeQDWaqud_k5_uBQ,1396768,1706137088.0,0,"{'type': 'open.spotify.com', 'oembed': {'provider_url': 'https://spotify.com', 'description': 'skinny fuck · Playlist · 347 songs · 2 likes', 'title': 'skinny fuck', 'type': 'rich', 'thumbnail_width': 300, 'height': 352, 'width': 456, 'html': '&lt;iframe class=""embedly-embed"" src=""https://cdn.embedly.com/widgets/media.html?src=https%3A%2F%2Fopen.spotify.com%2Fembed%2Fplaylist%2F2rb2ncNemPfnmxIZgiB516%3Futm_source%3Doembed&amp;display_name=Spotify&amp;url=https%3A%2F%2Fopen.spotify.com%2Fplaylist%2F2rb2ncNemPfnmxIZgiB516&amp;image=https%3A%2F%2Fi.scdn.co%2Fimage%2Fab67706c0000da84a2133e12c3730f8b42266556&amp;key=2aa3c4d5f3de4f5b9120b660ad850dc9&amp;type=text%2Fhtml&amp;schema=spotify"" width=""456"" height=""352"" scrolling=""no"" title=""Spotify embed"" frameborder=""0"" allow=""autoplay; fullscreen; encrypted-media; picture-in-picture;"" allowfullscreen=""true""&gt;&lt;/iframe&gt;', 'version': '1.0', 'provider_name': 'Spotify', 'thumbnail_url': 'https://i.scdn.co/image/ab67706c0000da84a2133e12c3730f8b42266556', 'thumbnail_height': 225}}",False,https://open.spotify.com/playlist/2rb2ncNemPfnmxIZgiB516?si=8ykLNtKeQDWaqud_k5_uBQ,,,
,spotify,,t2_b6odiufx,False,,0,False,Easy Listening Cafe Music,[],r/spotify,False,6,,0,,,False,,t3_19etzm4,False,dark,1.0,,1,0,"{'content': '&lt;iframe class=""embedly-embed"" src=""https://cdn.embedly.com/widgets/media.html?src=https%3A%2F%2Fopen.spotify.com%2Fembed%2Fplaylist%2F7hITNE6oqVb4BViL5zyKP9%3Futm_source%3Doembed&amp;display_name=Spotify&amp;url=https%3A%2F%2Fopen.spotify.com%2Fplaylist%2F7hITNE6oqVb4BViL5zyKP9&amp;image=https%3A%2F%2Fmosaic.scdn.co%2F300%2Fab67616d00001e02658706ee30510142aee806c2ab67616d00001e02c634d4769c1fb60221cdc021ab67616d00001e02f9ab8dfdef00258a923755cfab67616d00001e02fc018352d481e14b826d079a&amp;key=2aa3c4d5f3de4f5b9120b660ad850dc9&amp;type=text%2Fhtml&amp;schema=spotify"" width=""456"" height=""352"" scrolling=""no"" title=""Spotify embed"" frameborder=""0"" allow=""autoplay; fullscreen; encrypted-media; picture-in-picture;"" allowfullscreen=""true""&gt;&lt;/iframe&gt;', 'width': 456, 'scrolling': False, 'height': 352}",,,False,[],"{'type': 'open.spotify.com', 'oembed': {'provider_url': 'https://spotify.com', 'description': 'Easy Listening Cafe Music · Playlist · 30 songs · 2 likes', 'title': 'Easy Listening Cafe Music', 'type': 'rich', 'thumbnail_width': 300, 'height': 352, 'width': 456, 'html': '&lt;iframe class=""embedly-embed"" src=""https://cdn.embedly.com/widgets/media.html?src=https%3A%2F%2Fopen.spotify.com%2Fembed%2Fplaylist%2F7hITNE6oqVb4BViL5zyKP9%3Futm_source%3Doembed&amp;display_name=Spotify&amp;url=https%3A%2F%2Fopen.spotify.com%2Fplaylist%2F7hITNE6oqVb4BViL5zyKP9&amp;image=https%3A%2F%2Fmosaic.scdn.co%2F300%2Fab67616d00001e02658706ee30510142aee806c2ab67616d00001e02c634d4769c1fb60221cdc021ab67616d00001e02f9ab8dfdef00258a923755cfab67616d00001e02fc018352d481e14b826d079a&amp;key=2aa3c4d5f3de4f5b9120b660ad850dc9&amp;type=text%2Fhtml&amp;schema=spotify"" width=""456"" height=""352"" scrolling=""no"" title=""Spotify embed"" frameborder=""0"" allow=""autoplay; fullscreen; encrypted-media; picture-in-picture;"" allowfullscreen=""true""&gt;&lt;/iframe&gt;', 'version': '1.0', 'provider_name': 'Spotify', 'thumbnail_url': 'https://mosaic.scdn.co/300/ab67616d00001e02658706ee30510142aee806c2ab67616d00001e02c634d4769c1fb60221cdc021ab67616d00001e02f9ab8dfdef00258a923755cfab67616d00001e02fc018352d481e14b826d079a', 'thumbnail_height': 300}}",False,False,,"{'content': '&lt;iframe class=""embedly-embed"" src=""https://cdn.embedly.com/widgets/media.html?src=https%3A%2F%2Fopen.spotify.com%2Fembed%2Fplaylist%2F7hITNE6oqVb4BViL5zyKP9%3Futm_source%3Doembed&amp;display_name=Spotify&amp;url=https%3A%2F%2Fopen.spotify.com%2Fplaylist%2F7hITNE6oqVb4BViL5zyKP9&amp;image=https%3A%2F%2Fmosaic.scdn.co%2F300%2Fab67616d00001e02658706ee30510142aee806c2ab67616d00001e02c634d4769c1fb60221cdc021ab67616d00001e02f9ab8dfdef00258a923755cfab67616d00001e02fc018352d481e14b826d079a&amp;key=2aa3c4d5f3de4f5b9120b660ad850dc9&amp;type=text%2Fhtml&amp;schema=spotify"" width=""456"" height=""352"" scrolling=""no"" title=""Spotify embed"" frameborder=""0"" allow=""autoplay; fullscreen; encrypted-media; picture-in-picture;"" allowfullscreen=""true""&gt;&lt;/iframe&gt;', 'width': 456, 'scrolling': False, 'media_domain_url': 'https://www.redditmedia.com/mediaembed/19etzm4', 'height': 352}","Playlist - Theme  (Party, Beach, Study)",False,1,,False,False,,False,,[],{},,,False,public,1706137022.0,text,6,,,text,open.spotify.com,False,,,,,,False,False,False,False,False,,[],[],False,64fa8956-9fa3-11ea-ba10-0e669a062341,False,False,False,,[],False,,,,t5_2qofj,False,,,,#ffd635,19etzm4,True,,AdelaidesSecretScoop,,0,True,all_ads,False,[],False,,/r/spotify/comments/19etzm4/easy_listening_cafe_music/,all_ads,False,https://open.spotify.com/playlist/7hITNE6oqVb4BViL5zyKP9?si=5bd37e806f6d4d71,1396768,1706137022.0,0,"{'type': 'open.spotify.com', 'oembed': {'provider_url': 'https://spotify.com', 'description': 'Easy Listening Cafe Music · Playlist · 30 songs · 2 likes', 'title': 'Easy Listening Cafe Music', 'type': 'rich', 'thumbnail_width': 300, 'height': 352, 'width': 456, 'html': '&lt;iframe class=""embedly-embed"" src=""https://cdn.embedly.com/widgets/media.html?src=https%3A%2F%2Fopen.spotify.com%2Fembed%2Fplaylist%2F7hITNE6oqVb4BViL5zyKP9%3Futm_source%3Doembed&amp;display_name=Spotify&amp;url=https%3A%2F%2Fopen.spotify.com%2Fplaylist%2F7hITNE6oqVb4BViL5zyKP9&amp;image=https%3A%2F%2Fmosaic.scdn.co%2F300%2Fab67616d00001e02658706ee30510142aee806c2ab67616d00001e02c634d4769c1fb60221cdc021ab67616d00001e02f9ab8dfdef00258a923755cfab67616d00001e02fc018352d481e14b826d079a&amp;key=2aa3c4d5f3de4f5b9120b660ad850dc9&amp;type=text%2Fhtml&amp;schema=spotify"" width=""456"" height=""352"" scrolling=""no"" title=""Spotify embed"" frameborder=""0"" allow=""autoplay; fullscreen; encrypted-media; picture-in-picture;"" allowfullscreen=""true""&gt;&lt;/iframe&gt;', 'version': '1.0', 'provider_name': 'Spotify', 'thumbnail_url': 'https://mosaic.scdn.co/300/ab67616d00001e02658706ee30510142aee806c2ab67616d00001e02c634d4769c1fb60221cdc021ab67616d00001e02f9ab8dfdef00258a923755cfab67616d00001e02fc018352d481e14b826d079a', 'thumbnail_height': 300}}",False,https://open.spotify.com/playlist/7hITNE6oqVb4BViL5zyKP9?si=5bd37e806f6d4d71,,,
,spotify,"I have been Spotify user since my day 1 of streaming music online and I cant believe they are still stuck at MP3 quality 320kbps audio quality in 2024. 

I have all the audio equipment's that supports lossless music with DAC and 600ohm headphones, still was loyal to Spotify because of my music library and love for them but this is too much now. They promised they would release HIFI in 2021 and 3 year later still nothing.

Other streaming services are offering better audio quality at same price. 

https://preview.redd.it/929y9q09e7ec1.png?width=1788&amp;format=png&amp;auto=webp&amp;s=d4611b6ca6382ca55675330a1d3bdb756ebdf066",t2_5rm2sfx2,False,,0,False,I cant believe Spotify is still stuck at 320kbps in 2024,[],r/spotify,False,6,question,0,,,False,"{'929y9q09e7ec1': {'status': 'valid', 'e': 'Image', 'm': 'image/png', 'p': [{'y': 38, 'x': 108, 'u': 'https://preview.redd.it/929y9q09e7ec1.png?width=108&amp;crop=smart&amp;auto=webp&amp;s=925f33b979ebaaffa47c305c14aef907c175e1b5'}, {'y': 77, 'x': 216, 'u': 'https://preview.redd.it/929y9q09e7ec1.png?width=216&amp;crop=smart&amp;auto=webp&amp;s=381a9771ac6a0a800160e3e3ee7aa9b27d932b40'}, {'y': 114, 'x': 320, 'u': 'https://preview.redd.it/929y9q09e7ec1.png?width=320&amp;crop=smart&amp;auto=webp&amp;s=be358b52606d48d801862728c09d2d3c7d82216c'}, {'y': 229, 'x': 640, 'u': 'https://preview.redd.it/929y9q09e7ec1.png?width=640&amp;crop=smart&amp;auto=webp&amp;s=0ac481a32fd560ce3b8bab67da02bd3d99759b4c'}, {'y': 344, 'x': 960, 'u': 'https://preview.redd.it/929y9q09e7ec1.png?width=960&amp;crop=smart&amp;auto=webp&amp;s=c5b2fb6d7d7147f8badf4abaf9923c9ef0503cb9'}, {'y': 387, 'x': 1080, 'u': 'https://preview.redd.it/929y9q09e7ec1.png?width=1080&amp;crop=smart&amp;auto=webp&amp;s=7531f24f8078a0845d31553d7080ba9dc507ff43'}], 's': {'y': 642, 'x': 1788, 'u': 'https://preview.redd.it/929y9q09e7ec1.png?width=1788&amp;format=png&amp;auto=webp&amp;s=d4611b6ca6382ca55675330a1d3bdb756ebdf066'}, 'id': '929y9q09e7ec1'}}",t3_19dq9is,False,light,0.84,,345,0,{},,,False,[],,False,False,,{},Question / Discussion,False,345,,False,False,,1706025974.0,,[],{},,,True,public,1706021885.0,text,6,,,text,self.spotify,True,"&lt;!-- SC_OFF --&gt;&lt;div class=""md""&gt;&lt;p&gt;I have been Spotify user since my day 1 of streaming music online and I cant believe they are still stuck at MP3 quality 320kbps audio quality in 2024. &lt;/p&gt;

&lt;p&gt;I have all the audio equipment&amp;#39;s that supports lossless music with DAC and 600ohm headphones, still was loyal to Spotify because of my music library and love for them but this is too much now. They promised they would release HIFI in 2021 and 3 year later still nothing.&lt;/p&gt;

&lt;p&gt;Other streaming services are offering better audio quality at same price. &lt;/p&gt;

&lt;p&gt;&lt;a href=""https://preview.redd.it/929y9q09e7ec1.png?width=1788&amp;amp;format=png&amp;amp;auto=webp&amp;amp;s=d4611b6ca6382ca55675330a1d3bdb756ebdf066""&gt;https://preview.redd.it/929y9q09e7ec1.png?width=1788&amp;amp;format=png&amp;amp;auto=webp&amp;amp;s=d4611b6ca6382ca55675330a1d3bdb756ebdf066&lt;/a&gt;&lt;/p&gt;
&lt;/div&gt;&lt;!-- SC_ON --&gt;",,,,,False,False,False,False,False,,[],[],False,58828680-99e4-11e9-9cfc-0e6137c47742,False,False,False,,[],False,,,,t5_2qofj,False,,,,#d3d6da,19dq9is,True,,ShaggysHyper,,245,True,all_ads,False,[],False,,/r/spotify/comments/19dq9is/i_cant_believe_spotify_is_still_stuck_at_320kbps/,all_ads,False,https://www.reddit.com/r/spotify/comments/19dq9is/i_cant_believe_spotify_is_still_stuck_at_320kbps/,1396768,1706021885.0,0,,False,,,,
,spotify,"So there's this gorgeous redhead who I go to the gym with and we've been flirting pretty hard the last few weeks. She's coming over to my place tomorrow with some weed and wine and I have a pretty good idea as to what her intentions are. 

Problem is I'm completely out of my depth (had a long relationship and now a six month break)and now I'm kinda panicking, I wouldn't really consider what I listen to to be good bangable music.

She likes slow bass filled songs and dips her toes into metal music sometimes. I'm adding Anvil by Lorn as it's a song I like that I know would fit her vibe but aside from that I'm completely lost.

Help a brother out. Cheers!",t2_85v2iy34,False,,0,False,So a gorgeous redhead is coming over tomorrow and I need a bedroom playlist,[],r/spotify,False,6,favors,0,,,False,,t3_19dw0er,False,dark,0.72,,143,0,{},,,False,[],,False,False,,{},[REQUEST] Playlists / Songs / Artists / Albums ,False,143,,False,False,,False,,[],{},,,True,public,1706036558.0,text,6,,,text,self.spotify,True,"&lt;!-- SC_OFF --&gt;&lt;div class=""md""&gt;&lt;p&gt;So there&amp;#39;s this gorgeous redhead who I go to the gym with and we&amp;#39;ve been flirting pretty hard the last few weeks. She&amp;#39;s coming over to my place tomorrow with some weed and wine and I have a pretty good idea as to what her intentions are. &lt;/p&gt;

&lt;p&gt;Problem is I&amp;#39;m completely out of my depth (had a long relationship and now a six month break)and now I&amp;#39;m kinda panicking, I wouldn&amp;#39;t really consider what I listen to to be good bangable music.&lt;/p&gt;

&lt;p&gt;She likes slow bass filled songs and dips her toes into metal music sometimes. I&amp;#39;m adding Anvil by Lorn as it&amp;#39;s a song I like that I know would fit her vibe but aside from that I&amp;#39;m completely lost.&lt;/p&gt;

&lt;p&gt;Help a brother out. Cheers!&lt;/p&gt;
&lt;/div&gt;&lt;!-- SC_ON --&gt;",,,,,False,False,False,False,False,,[],[],False,b188c2f4-9a2e-11e9-9464-0e9d067aecce,False,False,False,,[],False,,,,t5_2qofj,False,,,,#94e044,19dw0er,True,,DaveHalu,,327,True,all_ads,False,[],False,,/r/spotify/comments/19dw0er/so_a_gorgeous_redhead_is_coming_over_tomorrow_and/,all_ads,False,https://www.reddit.com/r/spotify/comments/19dw0er/so_a_gorgeous_redhead_is_coming_over_tomorrow_and/,1396768,1706036558.0,0,,False,,,,
,spotify,,t2_2g6a7rev,False,,0,False,"Calm, Trance &amp; Atmosphere",[],r/spotify,False,6,,0,,,False,,t3_19errfh,False,dark,1.0,,1,0,"{'content': '&lt;iframe class=""embedly-embed"" src=""https://cdn.embedly.com/widgets/media.html?src=https%3A%2F%2Fopen.spotify.com%2Fembed%2Fplaylist%2F7sFIghvHmOqdKb4j3wNGaC%3Futm_source%3Doembed&amp;display_name=Spotify&amp;url=https%3A%2F%2Fopen.spotify.com%2Fplaylist%2F7sFIghvHmOqdKb4j3wNGaC&amp;image=https%3A%2F%2Fi.scdn.co%2Fimage%2Fab67706c0000da841973cdb5ab00cf86d399fcec&amp;key=2aa3c4d5f3de4f5b9120b660ad850dc9&amp;type=text%2Fhtml&amp;schema=spotify"" width=""456"" height=""352"" scrolling=""no"" title=""Spotify embed"" frameborder=""0"" allow=""autoplay; fullscreen; encrypted-media; picture-in-picture;"" allowfullscreen=""true""&gt;&lt;/iframe&gt;', 'width': 456, 'scrolling': False, 'height': 352}",,,False,[],"{'type': 'open.spotify.com', 'oembed': {'provider_url': 'https://spotify.com', 'description': 'Calm, Trance &amp; Atmosphere · Playlist · 17 songs · 99 likes', 'title': 'Calm, Trance &amp; Atmosphere', 'type': 'rich', 'thumbnail_width': 300, 'height': 352, 'width': 456, 'html': '&lt;iframe class=""embedly-embed"" src=""https://cdn.embedly.com/widgets/media.html?src=https%3A%2F%2Fopen.spotify.com%2Fembed%2Fplaylist%2F7sFIghvHmOqdKb4j3wNGaC%3Futm_source%3Doembed&amp;display_name=Spotify&amp;url=https%3A%2F%2Fopen.spotify.com%2Fplaylist%2F7sFIghvHmOqdKb4j3wNGaC&amp;image=https%3A%2F%2Fi.scdn.co%2Fimage%2Fab67706c0000da841973cdb5ab00cf86d399fcec&amp;key=2aa3c4d5f3de4f5b9120b660ad850dc9&amp;type=text%2Fhtml&amp;schema=spotify"" width=""456"" height=""352"" scrolling=""no"" title=""Spotify embed"" frameborder=""0"" allow=""autoplay; fullscreen; encrypted-media; picture-in-picture;"" allowfullscreen=""true""&gt;&lt;/iframe&gt;', 'version': '1.0', 'provider_name': 'Spotify', 'thumbnail_url': 'https://i.scdn.co/image/ab67706c0000da841973cdb5ab00cf86d399fcec', 'thumbnail_height': 300}}",False,False,,"{'content': '&lt;iframe class=""embedly-embed"" src=""https://cdn.embedly.com/widgets/media.html?src=https%3A%2F%2Fopen.spotify.com%2Fembed%2Fplaylist%2F7sFIghvHmOqdKb4j3wNGaC%3Futm_source%3Doembed&amp;display_name=Spotify&amp;url=https%3A%2F%2Fopen.spotify.com%2Fplaylist%2F7sFIghvHmOqdKb4j3wNGaC&amp;image=https%3A%2F%2Fi.scdn.co%2Fimage%2Fab67706c0000da841973cdb5ab00cf86d399fcec&amp;key=2aa3c4d5f3de4f5b9120b660ad850dc9&amp;type=text%2Fhtml&amp;schema=spotify"" width=""456"" height=""352"" scrolling=""no"" title=""Spotify embed"" frameborder=""0"" allow=""autoplay; fullscreen; encrypted-media; picture-in-picture;"" allowfullscreen=""true""&gt;&lt;/iframe&gt;', 'width': 456, 'scrolling': False, 'media_domain_url': 'https://www.redditmedia.com/mediaembed/19errfh', 'height': 352}","Playlist - Mood/Feeling (Chill, Lofi, Uplifting)",False,1,,False,False,,False,,[],{},,,False,public,1706131513.0,text,6,,,text,open.spotify.com,False,,,,,,False,False,False,False,False,,[],[],False,ede46e42-9fa0-11ea-8c94-0e70d5715363,False,False,False,,[],False,,,,t5_2qofj,False,,,,#c300c1,19errfh,True,,TheOnlyRealDino,,0,True,all_ads,False,[],False,,/r/spotify/comments/19errfh/calm_trance_atmosphere/,all_ads,False,https://open.spotify.com/playlist/7sFIghvHmOqdKb4j3wNGaC?si=e499a400d45b44ad,1396768,1706131513.0,0,"{'type': 'open.spotify.com', 'oembed': {'provider_url': 'https://spotify.com', 'description': 'Calm, Trance &amp; Atmosphere · Playlist · 17 songs · 99 likes', 'title': 'Calm, Trance &amp; Atmosphere', 'type': 'rich', 'thumbnail_width': 300, 'height': 352, 'width': 456, 'html': '&lt;iframe class=""embedly-embed"" src=""https://cdn.embedly.com/widgets/media.html?src=https%3A%2F%2Fopen.spotify.com%2Fembed%2Fplaylist%2F7sFIghvHmOqdKb4j3wNGaC%3Futm_source%3Doembed&amp;display_name=Spotify&amp;url=https%3A%2F%2Fopen.spotify.com%2Fplaylist%2F7sFIghvHmOqdKb4j3wNGaC&amp;image=https%3A%2F%2Fi.scdn.co%2Fimage%2Fab67706c0000da841973cdb5ab00cf86d399fcec&amp;key=2aa3c4d5f3de4f5b9120b660ad850dc9&amp;type=text%2Fhtml&amp;schema=spotify"" width=""456"" height=""352"" scrolling=""no"" title=""Spotify embed"" frameborder=""0"" allow=""autoplay; fullscreen; encrypted-media; picture-in-picture;"" allowfullscreen=""true""&gt;&lt;/iframe&gt;', 'version': '1.0', 'provider_name': 'Spotify', 'thumbnail_url': 'https://i.scdn.co/image/ab67706c0000da841973cdb5ab00cf86d399fcec', 'thumbnail_height': 300}}",False,https://open.spotify.com/playlist/7sFIghvHmOqdKb4j3wNGaC?si=e499a400d45b44ad,,,
,spotify,,t2_lf0yg02ej,False,,0,False,Deep Jazzy House 2024,[],r/spotify,False,6,,0,,,False,,t3_19erecp,False,dark,1.0,,1,0,"{'content': '&lt;iframe class=""embedly-embed"" src=""https://cdn.embedly.com/widgets/media.html?src=https%3A%2F%2Fopen.spotify.com%2Fembed%2Fplaylist%2F1mSybaUcnc41qQNAC8v967%3Futm_source%3Doembed&amp;display_name=Spotify&amp;url=https%3A%2F%2Fopen.spotify.com%2Fplaylist%2F1mSybaUcnc41qQNAC8v967&amp;image=https%3A%2F%2Fi.scdn.co%2Fimage%2Fab67706c0000da84da34d6d548b16e7aade84bac&amp;key=2aa3c4d5f3de4f5b9120b660ad850dc9&amp;type=text%2Fhtml&amp;schema=spotify"" width=""456"" height=""352"" scrolling=""no"" title=""Spotify embed"" frameborder=""0"" allow=""autoplay; fullscreen; encrypted-media; picture-in-picture;"" allowfullscreen=""true""&gt;&lt;/iframe&gt;', 'width': 456, 'scrolling': False, 'height': 352}",,,False,[],"{'type': 'open.spotify.com', 'oembed': {'provider_url': 'https://spotify.com', 'description': 'Deep Jazzy House 2024 - Jazz Vibes - Jazz House · Playlist · 107 songs · 6.9K likes', 'title': 'Deep Jazzy House 2024 - Jazz Vibes - Jazz House', 'type': 'rich', 'thumbnail_width': 300, 'height': 352, 'width': 456, 'html': '&lt;iframe class=""embedly-embed"" src=""https://cdn.embedly.com/widgets/media.html?src=https%3A%2F%2Fopen.spotify.com%2Fembed%2Fplaylist%2F1mSybaUcnc41qQNAC8v967%3Futm_source%3Doembed&amp;display_name=Spotify&amp;url=https%3A%2F%2Fopen.spotify.com%2Fplaylist%2F1mSybaUcnc41qQNAC8v967&amp;image=https%3A%2F%2Fi.scdn.co%2Fimage%2Fab67706c0000da84da34d6d548b16e7aade84bac&amp;key=2aa3c4d5f3de4f5b9120b660ad850dc9&amp;type=text%2Fhtml&amp;schema=spotify"" width=""456"" height=""352"" scrolling=""no"" title=""Spotify embed"" frameborder=""0"" allow=""autoplay; fullscreen; encrypted-media; picture-in-picture;"" allowfullscreen=""true""&gt;&lt;/iframe&gt;', 'version': '1.0', 'provider_name': 'Spotify', 'thumbnail_url': 'https://i.scdn.co/image/ab67706c0000da84da34d6d548b16e7aade84bac', 'thumbnail_height': 300}}",False,False,,"{'content': '&lt;iframe class=""embedly-embed"" src=""https://cdn.embedly.com/widgets/media.html?src=https%3A%2F%2Fopen.spotify.com%2Fembed%2Fplaylist%2F1mSybaUcnc41qQNAC8v967%3Futm_source%3Doembed&amp;display_name=Spotify&amp;url=https%3A%2F%2Fopen.spotify.com%2Fplaylist%2F1mSybaUcnc41qQNAC8v967&amp;image=https%3A%2F%2Fi.scdn.co%2Fimage%2Fab67706c0000da84da34d6d548b16e7aade84bac&amp;key=2aa3c4d5f3de4f5b9120b660ad850dc9&amp;type=text%2Fhtml&amp;schema=spotify"" width=""456"" height=""352"" scrolling=""no"" title=""Spotify embed"" frameborder=""0"" allow=""autoplay; fullscreen; encrypted-media; picture-in-picture;"" allowfullscreen=""true""&gt;&lt;/iframe&gt;', 'width': 456, 'scrolling': False, 'media_domain_url': 'https://www.redditmedia.com/mediaembed/19erecp', 'height': 352}","Playlist - Theme  (Party, Beach, Study)",False,1,,False,False,,False,,[],{},,,False,public,1706130608.0,text,6,,,text,open.spotify.com,False,,,,,,False,False,False,False,False,,[],[],False,64fa8956-9fa3-11ea-ba10-0e669a062341,False,False,False,,[],False,,,,t5_2qofj,False,,,,#ffd635,19erecp,True,,NoelleMusic,,0,True,all_ads,False,[],False,,/r/spotify/comments/19erecp/deep_jazzy_house_2024/,all_ads,False,https://open.spotify.com/playlist/1mSybaUcnc41qQNAC8v967?si=82612982c2184d11,1396768,1706130608.0,0,"{'type': 'open.spotify.com', 'oembed': {'provider_url': 'https://spotify.com', 'description': 'Deep Jazzy House 2024 - Jazz Vibes - Jazz House · Playlist · 107 songs · 6.9K likes', 'title': 'Deep Jazzy House 2024 - Jazz Vibes - Jazz House', 'type': 'rich', 'thumbnail_width': 300, 'height': 352, 'width': 456, 'html': '&lt;iframe class=""embedly-embed"" src=""https://cdn.embedly.com/widgets/media.html?src=https%3A%2F%2Fopen.spotify.com%2Fembed%2Fplaylist%2F1mSybaUcnc41qQNAC8v967%3Futm_source%3Doembed&amp;display_name=Spotify&amp;url=https%3A%2F%2Fopen.spotify.com%2Fplaylist%2F1mSybaUcnc41qQNAC8v967&amp;image=https%3A%2F%2Fi.scdn.co%2Fimage%2Fab67706c0000da84da34d6d548b16e7aade84bac&amp;key=2aa3c4d5f3de4f5b9120b660ad850dc9&amp;type=text%2Fhtml&amp;schema=spotify"" width=""456"" height=""352"" scrolling=""no"" title=""Spotify embed"" frameborder=""0"" allow=""autoplay; fullscreen; encrypted-media; picture-in-picture;"" allowfullscreen=""true""&gt;&lt;/iframe&gt;', 'version': '1.0', 'provider_name': 'Spotify', 'thumbnail_url': 'https://i.scdn.co/image/ab67706c0000da84da34d6d548b16e7aade84bac', 'thumbnail_height': 300}}",False,https://open.spotify.com/playlist/1mSybaUcnc41qQNAC8v967?si=82612982c2184d11,,,
,spotify,,t2_lcvhsj3gq,False,,0,False,Relaxing Music 2024,[],r/spotify,False,6,,0,,,False,,t3_19er9uc,False,dark,1.0,,1,0,"{'content': '&lt;iframe class=""embedly-embed"" src=""https://cdn.embedly.com/widgets/media.html?src=https%3A%2F%2Fopen.spotify.com%2Fembed%2Fplaylist%2F5MUmH4PZArayPnHu55N3cy%3Futm_source%3Doembed&amp;display_name=Spotify&amp;url=https%3A%2F%2Fopen.spotify.com%2Fplaylist%2F5MUmH4PZArayPnHu55N3cy&amp;image=https%3A%2F%2Fi.scdn.co%2Fimage%2Fab67706c0000da84e3b56615025d5eb9ecd8bece&amp;key=2aa3c4d5f3de4f5b9120b660ad850dc9&amp;type=text%2Fhtml&amp;schema=spotify"" width=""456"" height=""352"" scrolling=""no"" title=""Spotify embed"" frameborder=""0"" allow=""autoplay; fullscreen; encrypted-media; picture-in-picture;"" allowfullscreen=""true""&gt;&lt;/iframe&gt;', 'width': 456, 'scrolling': False, 'height': 352}",,,False,[],"{'type': 'open.spotify.com', 'oembed': {'provider_url': 'https://spotify.com', 'description': 'Relaxing Music 2024 · Playlist · 223 songs · 621 likes', 'title': 'Relaxing Music 2024', 'type': 'rich', 'thumbnail_width': 300, 'height': 352, 'width': 456, 'html': '&lt;iframe class=""embedly-embed"" src=""https://cdn.embedly.com/widgets/media.html?src=https%3A%2F%2Fopen.spotify.com%2Fembed%2Fplaylist%2F5MUmH4PZArayPnHu55N3cy%3Futm_source%3Doembed&amp;display_name=Spotify&amp;url=https%3A%2F%2Fopen.spotify.com%2Fplaylist%2F5MUmH4PZArayPnHu55N3cy&amp;image=https%3A%2F%2Fi.scdn.co%2Fimage%2Fab67706c0000da84e3b56615025d5eb9ecd8bece&amp;key=2aa3c4d5f3de4f5b9120b660ad850dc9&amp;type=text%2Fhtml&amp;schema=spotify"" width=""456"" height=""352"" scrolling=""no"" title=""Spotify embed"" frameborder=""0"" allow=""autoplay; fullscreen; encrypted-media; picture-in-picture;"" allowfullscreen=""true""&gt;&lt;/iframe&gt;', 'version': '1.0', 'provider_name': 'Spotify', 'thumbnail_url': 'https://i.scdn.co/image/ab67706c0000da84e3b56615025d5eb9ecd8bece', 'thumbnail_height': 300}}",False,False,,"{'content': '&lt;iframe class=""embedly-embed"" src=""https://cdn.embedly.com/widgets/media.html?src=https%3A%2F%2Fopen.spotify.com%2Fembed%2Fplaylist%2F5MUmH4PZArayPnHu55N3cy%3Futm_source%3Doembed&amp;display_name=Spotify&amp;url=https%3A%2F%2Fopen.spotify.com%2Fplaylist%2F5MUmH4PZArayPnHu55N3cy&amp;image=https%3A%2F%2Fi.scdn.co%2Fimage%2Fab67706c0000da84e3b56615025d5eb9ecd8bece&amp;key=2aa3c4d5f3de4f5b9120b660ad850dc9&amp;type=text%2Fhtml&amp;schema=spotify"" width=""456"" height=""352"" scrolling=""no"" title=""Spotify embed"" frameborder=""0"" allow=""autoplay; fullscreen; encrypted-media; picture-in-picture;"" allowfullscreen=""true""&gt;&lt;/iframe&gt;', 'width': 456, 'scrolling': False, 'media_domain_url': 'https://www.redditmedia.com/mediaembed/19er9uc', 'height': 352}","Playlist - Mood/Feeling (Chill, Lofi, Uplifting)",False,1,,False,False,,False,,[],{},,,False,public,1706130294.0,text,6,,,text,open.spotify.com,False,,,,,,False,False,False,False,False,,[],[],False,ede46e42-9fa0-11ea-8c94-0e70d5715363,False,False,False,,[],False,,,,t5_2qofj,False,,,,#c300c1,19er9uc,True,,VickyMelissaMusic,,0,True,all_ads,False,[],False,,/r/spotify/comments/19er9uc/relaxing_music_2024/,all_ads,False,https://open.spotify.com/playlist/5MUmH4PZArayPnHu55N3cy?si=7f16ed33f28b49b3,1396768,1706130294.0,0,"{'type': 'open.spotify.com', 'oembed': {'provider_url': 'https://spotify.com', 'description': 'Relaxing Music 2024 · Playlist · 223 songs · 621 likes', 'title': 'Relaxing Music 2024', 'type': 'rich', 'thumbnail_width': 300, 'height': 352, 'width': 456, 'html': '&lt;iframe class=""embedly-embed"" src=""https://cdn.embedly.com/widgets/media.html?src=https%3A%2F%2Fopen.spotify.com%2Fembed%2Fplaylist%2F5MUmH4PZArayPnHu55N3cy%3Futm_source%3Doembed&amp;display_name=Spotify&amp;url=https%3A%2F%2Fopen.spotify.com%2Fplaylist%2F5MUmH4PZArayPnHu55N3cy&amp;image=https%3A%2F%2Fi.scdn.co%2Fimage%2Fab67706c0000da84e3b56615025d5eb9ecd8bece&amp;key=2aa3c4d5f3de4f5b9120b660ad850dc9&amp;type=text%2Fhtml&amp;schema=spotify"" width=""456"" height=""352"" scrolling=""no"" title=""Spotify embed"" frameborder=""0"" allow=""autoplay; fullscreen; encrypted-media; picture-in-picture;"" allowfullscreen=""true""&gt;&lt;/iframe&gt;', 'version': '1.0', 'provider_name': 'Spotify', 'thumbnail_url': 'https://i.scdn.co/image/ab67706c0000da84e3b56615025d5eb9ecd8bece', 'thumbnail_height': 300}}",False,https://open.spotify.com/playlist/5MUmH4PZArayPnHu55N3cy?si=7f16ed33f28b49b3,,,
,spotify,Listen now! Please enjoy!,t2_voz9f0yc,False,,0,False,Proving Grounds by LGHTFLEX,[],r/spotify,False,6,self,0,,,False,,t3_19epb1g,False,light,1.0,,1,0,"{'content': '&lt;iframe class=""embedly-embed"" src=""https://cdn.embedly.com/widgets/media.html?src=https%3A%2F%2Fopen.spotify.com%2Fembed%2Fartist%2F1xXegeLtyRbVvEGgQz6IHU%3Futm_source%3Doembed&amp;display_name=Spotify&amp;url=https%3A%2F%2Fopen.spotify.com%2Fartist%2F1xXegeLtyRbVvEGgQz6IHU&amp;image=https%3A%2F%2Fi.scdn.co%2Fimage%2Fab6761610000e5eb74afa598049ee08d9c031d95&amp;key=2aa3c4d5f3de4f5b9120b660ad850dc9&amp;type=text%2Fhtml&amp;schema=spotify"" width=""456"" height=""352"" scrolling=""no"" title=""Spotify embed"" frameborder=""0"" allow=""autoplay; fullscreen; encrypted-media; picture-in-picture;"" allowfullscreen=""true""&gt;&lt;/iframe&gt;', 'width': 456, 'scrolling': False, 'height': 352}",,,False,[],"{'type': 'open.spotify.com', 'oembed': {'provider_url': 'https://spotify.com', 'description': 'Listen to Lghtflex on Spotify. Artist · 3.5K monthly listeners.', 'title': 'Lghtflex', 'type': 'rich', 'thumbnail_width': 534, 'height': 352, 'width': 456, 'html': '&lt;iframe class=""embedly-embed"" src=""https://cdn.embedly.com/widgets/media.html?src=https%3A%2F%2Fopen.spotify.com%2Fembed%2Fartist%2F1xXegeLtyRbVvEGgQz6IHU%3Futm_source%3Doembed&amp;display_name=Spotify&amp;url=https%3A%2F%2Fopen.spotify.com%2Fartist%2F1xXegeLtyRbVvEGgQz6IHU&amp;image=https%3A%2F%2Fi.scdn.co%2Fimage%2Fab6761610000e5eb74afa598049ee08d9c031d95&amp;key=2aa3c4d5f3de4f5b9120b660ad850dc9&amp;type=text%2Fhtml&amp;schema=spotify"" width=""456"" height=""352"" scrolling=""no"" title=""Spotify embed"" frameborder=""0"" allow=""autoplay; fullscreen; encrypted-media; picture-in-picture;"" allowfullscreen=""true""&gt;&lt;/iframe&gt;', 'version': '1.0', 'provider_name': 'Spotify', 'thumbnail_url': 'https://i.scdn.co/image/ab6761610000e5eb74afa598049ee08d9c031d95', 'thumbnail_height': 640}}",False,False,,"{'content': '&lt;iframe class=""embedly-embed"" src=""https://cdn.embedly.com/widgets/media.html?src=https%3A%2F%2Fopen.spotify.com%2Fembed%2Fartist%2F1xXegeLtyRbVvEGgQz6IHU%3Futm_source%3Doembed&amp;display_name=Spotify&amp;url=https%3A%2F%2Fopen.spotify.com%2Fartist%2F1xXegeLtyRbVvEGgQz6IHU&amp;image=https%3A%2F%2Fi.scdn.co%2Fimage%2Fab6761610000e5eb74afa598049ee08d9c031d95&amp;key=2aa3c4d5f3de4f5b9120b660ad850dc9&amp;type=text%2Fhtml&amp;schema=spotify"" width=""456"" height=""352"" scrolling=""no"" title=""Spotify embed"" frameborder=""0"" allow=""autoplay; fullscreen; encrypted-media; picture-in-picture;"" allowfullscreen=""true""&gt;&lt;/iframe&gt;', 'width': 456, 'scrolling': False, 'media_domain_url': 'https://www.redditmedia.com/mediaembed/19epb1g', 'height': 352}",Self Promo,False,1,,False,False,,False,,[],{},,,False,public,1706125511.0,text,6,,,text,open.spotify.com,False,"&lt;!-- SC_OFF --&gt;&lt;div class=""md""&gt;&lt;p&gt;Listen now! Please enjoy!&lt;/p&gt;
&lt;/div&gt;&lt;!-- SC_ON --&gt;",,,,,False,False,False,False,False,,[],[],False,43904320-99e4-11e9-a9e9-0ebb5d1e6d72,False,False,False,,[],False,,,,t5_2qofj,False,,,,,19epb1g,True,,LGHTFLEX,,0,True,all_ads,False,[],False,,/r/spotify/comments/19epb1g/proving_grounds_by_lghtflex/,all_ads,False,https://open.spotify.com/artist/1xXegeLtyRbVvEGgQz6IHU,1396768,1706125511.0,0,"{'type': 'open.spotify.com', 'oembed': {'provider_url': 'https://spotify.com', 'description': 'Listen to Lghtflex on Spotify. Artist · 3.5K monthly listeners.', 'title': 'Lghtflex', 'type': 'rich', 'thumbnail_width': 534, 'height': 352, 'width': 456, 'html': '&lt;iframe class=""embedly-embed"" src=""https://cdn.embedly.com/widgets/media.html?src=https%3A%2F%2Fopen.spotify.com%2Fembed%2Fartist%2F1xXegeLtyRbVvEGgQz6IHU%3Futm_source%3Doembed&amp;display_name=Spotify&amp;url=https%3A%2F%2Fopen.spotify.com%2Fartist%2F1xXegeLtyRbVvEGgQz6IHU&amp;image=https%3A%2F%2Fi.scdn.co%2Fimage%2Fab6761610000e5eb74afa598049ee08d9c031d95&amp;key=2aa3c4d5f3de4f5b9120b660ad850dc9&amp;type=text%2Fhtml&amp;schema=spotify"" width=""456"" height=""352"" scrolling=""no"" title=""Spotify embed"" frameborder=""0"" allow=""autoplay; fullscreen; encrypted-media; picture-in-picture;"" allowfullscreen=""true""&gt;&lt;/iframe&gt;', 'version': '1.0', 'provider_name': 'Spotify', 'thumbnail_url': 'https://i.scdn.co/image/ab6761610000e5eb74afa598049ee08d9c031d95', 'thumbnail_height': 640}}",False,https://open.spotify.com/artist/1xXegeLtyRbVvEGgQz6IHU,,,
,spotify,,t2_s2e1e39x,False,,0,False,We Love Trance,[],r/spotify,False,6,,0,,,False,,t3_19eorep,False,dark,1.0,,1,0,"{'content': '&lt;iframe class=""embedly-embed"" src=""https://cdn.embedly.com/widgets/media.html?src=https%3A%2F%2Fopen.spotify.com%2Fembed%2Fplaylist%2F4f7fwyg3XxQPgthctrR32b%3Futm_source%3Doembed&amp;display_name=Spotify&amp;url=https%3A%2F%2Fopen.spotify.com%2Fplaylist%2F4f7fwyg3XxQPgthctrR32b&amp;image=https%3A%2F%2Fi.scdn.co%2Fimage%2Fab67706c0000da849a685df2f3253799ffe0ce4d&amp;key=2aa3c4d5f3de4f5b9120b660ad850dc9&amp;type=text%2Fhtml&amp;schema=spotify"" width=""456"" height=""352"" scrolling=""no"" title=""Spotify embed"" frameborder=""0"" allow=""autoplay; fullscreen; encrypted-media; picture-in-picture;"" allowfullscreen=""true""&gt;&lt;/iframe&gt;', 'width': 456, 'scrolling': False, 'height': 352}",,,False,[],"{'type': 'open.spotify.com', 'oembed': {'provider_url': 'https://spotify.com', 'description': 'We Love Trance · Playlist · 257 songs · 34 likes', 'title': 'We Love Trance', 'type': 'rich', 'thumbnail_width': 300, 'height': 352, 'width': 456, 'html': '&lt;iframe class=""embedly-embed"" src=""https://cdn.embedly.com/widgets/media.html?src=https%3A%2F%2Fopen.spotify.com%2Fembed%2Fplaylist%2F4f7fwyg3XxQPgthctrR32b%3Futm_source%3Doembed&amp;display_name=Spotify&amp;url=https%3A%2F%2Fopen.spotify.com%2Fplaylist%2F4f7fwyg3XxQPgthctrR32b&amp;image=https%3A%2F%2Fi.scdn.co%2Fimage%2Fab67706c0000da849a685df2f3253799ffe0ce4d&amp;key=2aa3c4d5f3de4f5b9120b660ad850dc9&amp;type=text%2Fhtml&amp;schema=spotify"" width=""456"" height=""352"" scrolling=""no"" title=""Spotify embed"" frameborder=""0"" allow=""autoplay; fullscreen; encrypted-media; picture-in-picture;"" allowfullscreen=""true""&gt;&lt;/iframe&gt;', 'version': '1.0', 'provider_name': 'Spotify', 'thumbnail_url': 'https://i.scdn.co/image/ab67706c0000da849a685df2f3253799ffe0ce4d', 'thumbnail_height': 300}}",False,False,,"{'content': '&lt;iframe class=""embedly-embed"" src=""https://cdn.embedly.com/widgets/media.html?src=https%3A%2F%2Fopen.spotify.com%2Fembed%2Fplaylist%2F4f7fwyg3XxQPgthctrR32b%3Futm_source%3Doembed&amp;display_name=Spotify&amp;url=https%3A%2F%2Fopen.spotify.com%2Fplaylist%2F4f7fwyg3XxQPgthctrR32b&amp;image=https%3A%2F%2Fi.scdn.co%2Fimage%2Fab67706c0000da849a685df2f3253799ffe0ce4d&amp;key=2aa3c4d5f3de4f5b9120b660ad850dc9&amp;type=text%2Fhtml&amp;schema=spotify"" width=""456"" height=""352"" scrolling=""no"" title=""Spotify embed"" frameborder=""0"" allow=""autoplay; fullscreen; encrypted-media; picture-in-picture;"" allowfullscreen=""true""&gt;&lt;/iframe&gt;', 'width': 456, 'scrolling': False, 'media_domain_url': 'https://www.redditmedia.com/mediaembed/19eorep', 'height': 352}",Playlist - Electronic / EDM / Dance,False,1,,False,False,,False,,[],{},,,False,public,1706124187.0,text,6,,,text,open.spotify.com,False,,,,,,False,False,False,False,False,,[],[],False,0cbd2a8e-9fa1-11ea-8e59-0e59b1c879f3,False,False,False,,[],False,,,,t5_2qofj,False,,,,#7193ff,19eorep,True,,playlistmakerprofi,,0,True,all_ads,False,[],False,,/r/spotify/comments/19eorep/we_love_trance/,all_ads,False,https://open.spotify.com/playlist/4f7fwyg3XxQPgthctrR32b?si=f1f6079300194916,1396768,1706124187.0,0,"{'type': 'open.spotify.com', 'oembed': {'provider_url': 'https://spotify.com', 'description': 'We Love Trance · Playlist · 257 songs · 34 likes', 'title': 'We Love Trance', 'type': 'rich', 'thumbnail_width': 300, 'height': 352, 'width': 456, 'html': '&lt;iframe class=""embedly-embed"" src=""https://cdn.embedly.com/widgets/media.html?src=https%3A%2F%2Fopen.spotify.com%2Fembed%2Fplaylist%2F4f7fwyg3XxQPgthctrR32b%3Futm_source%3Doembed&amp;display_name=Spotify&amp;url=https%3A%2F%2Fopen.spotify.com%2Fplaylist%2F4f7fwyg3XxQPgthctrR32b&amp;image=https%3A%2F%2Fi.scdn.co%2Fimage%2Fab67706c0000da849a685df2f3253799ffe0ce4d&amp;key=2aa3c4d5f3de4f5b9120b660ad850dc9&amp;type=text%2Fhtml&amp;schema=spotify"" width=""456"" height=""352"" scrolling=""no"" title=""Spotify embed"" frameborder=""0"" allow=""autoplay; fullscreen; encrypted-media; picture-in-picture;"" allowfullscreen=""true""&gt;&lt;/iframe&gt;', 'version': '1.0', 'provider_name': 'Spotify', 'thumbnail_url': 'https://i.scdn.co/image/ab67706c0000da849a685df2f3253799ffe0ce4d', 'thumbnail_height': 300}}",False,https://open.spotify.com/playlist/4f7fwyg3XxQPgthctrR32b?si=f1f6079300194916,,,
,spotify,https://open.spotify.com/playlist/1F83juH397PFaJQcIPNPfU?si=qcepy3K9TqCjxuG8pScdpA,t2_2jigyzn,False,,0,False,Rap playlist! 100hrs +,[],r/spotify,False,6,,0,,,False,,t3_19enfp4,False,dark,1.0,,1,0,{},,,False,[],,False,False,,{},Playlist - Rap / Hip Hop,False,1,,False,False,,False,,[],{},,,True,public,1706121049.0,text,6,,,text,self.spotify,False,"&lt;!-- SC_OFF --&gt;&lt;div class=""md""&gt;&lt;p&gt;&lt;a href=""https://open.spotify.com/playlist/1F83juH397PFaJQcIPNPfU?si=qcepy3K9TqCjxuG8pScdpA""&gt;https://open.spotify.com/playlist/1F83juH397PFaJQcIPNPfU?si=qcepy3K9TqCjxuG8pScdpA&lt;/a&gt;&lt;/p&gt;
&lt;/div&gt;&lt;!-- SC_ON --&gt;",,,,,False,False,False,False,False,,[],[],False,dbc1d8d0-9fa0-11ea-982a-0e836220e083,False,False,False,,[],False,,,,t5_2qofj,False,,,,#e82638,19enfp4,True,,bcruzie,,0,True,all_ads,False,[],False,,/r/spotify/comments/19enfp4/rap_playlist_100hrs/,all_ads,False,https://www.reddit.com/r/spotify/comments/19enfp4/rap_playlist_100hrs/,1396768,1706121049.0,0,,False,,,,
,spotify,,t2_s2e1e39x,False,,0,False,Timeless Love: Melodies of Forever,[],r/spotify,False,6,,0,,,False,,t3_19en36f,False,dark,1.0,,1,0,"{'content': '&lt;iframe class=""embedly-embed"" src=""https://cdn.embedly.com/widgets/media.html?src=https%3A%2F%2Fopen.spotify.com%2Fembed%2Fplaylist%2F3XvtL8i7n59fljnyZ5b1sK%3Futm_source%3Doembed&amp;display_name=Spotify&amp;url=https%3A%2F%2Fopen.spotify.com%2Fplaylist%2F3XvtL8i7n59fljnyZ5b1sK&amp;image=https%3A%2F%2Fi.scdn.co%2Fimage%2Fab67706c0000da84a1322e65e0276391ec3d6a6d&amp;key=2aa3c4d5f3de4f5b9120b660ad850dc9&amp;type=text%2Fhtml&amp;schema=spotify"" width=""456"" height=""352"" scrolling=""no"" title=""Spotify embed"" frameborder=""0"" allow=""autoplay; fullscreen; encrypted-media; picture-in-picture;"" allowfullscreen=""true""&gt;&lt;/iframe&gt;', 'width': 456, 'scrolling': False, 'height': 352}",,,False,[],"{'type': 'open.spotify.com', 'oembed': {'provider_url': 'https://spotify.com', 'description': 'Timeless Love: Melodies of Forever · Playlist · 184 songs · 1 likes', 'title': 'Timeless Love: Melodies of Forever', 'type': 'rich', 'thumbnail_width': 300, 'height': 352, 'width': 456, 'html': '&lt;iframe class=""embedly-embed"" src=""https://cdn.embedly.com/widgets/media.html?src=https%3A%2F%2Fopen.spotify.com%2Fembed%2Fplaylist%2F3XvtL8i7n59fljnyZ5b1sK%3Futm_source%3Doembed&amp;display_name=Spotify&amp;url=https%3A%2F%2Fopen.spotify.com%2Fplaylist%2F3XvtL8i7n59fljnyZ5b1sK&amp;image=https%3A%2F%2Fi.scdn.co%2Fimage%2Fab67706c0000da84a1322e65e0276391ec3d6a6d&amp;key=2aa3c4d5f3de4f5b9120b660ad850dc9&amp;type=text%2Fhtml&amp;schema=spotify"" width=""456"" height=""352"" scrolling=""no"" title=""Spotify embed"" frameborder=""0"" allow=""autoplay; fullscreen; encrypted-media; picture-in-picture;"" allowfullscreen=""true""&gt;&lt;/iframe&gt;', 'version': '1.0', 'provider_name': 'Spotify', 'thumbnail_url': 'https://i.scdn.co/image/ab67706c0000da84a1322e65e0276391ec3d6a6d', 'thumbnail_height': 300}}",False,False,,"{'content': '&lt;iframe class=""embedly-embed"" src=""https://cdn.embedly.com/widgets/media.html?src=https%3A%2F%2Fopen.spotify.com%2Fembed%2Fplaylist%2F3XvtL8i7n59fljnyZ5b1sK%3Futm_source%3Doembed&amp;display_name=Spotify&amp;url=https%3A%2F%2Fopen.spotify.com%2Fplaylist%2F3XvtL8i7n59fljnyZ5b1sK&amp;image=https%3A%2F%2Fi.scdn.co%2Fimage%2Fab67706c0000da84a1322e65e0276391ec3d6a6d&amp;key=2aa3c4d5f3de4f5b9120b660ad850dc9&amp;type=text%2Fhtml&amp;schema=spotify"" width=""456"" height=""352"" scrolling=""no"" title=""Spotify embed"" frameborder=""0"" allow=""autoplay; fullscreen; encrypted-media; picture-in-picture;"" allowfullscreen=""true""&gt;&lt;/iframe&gt;', 'width': 456, 'scrolling': False, 'media_domain_url': 'https://www.redditmedia.com/mediaembed/19en36f', 'height': 352}",Playlist - Pop / R&amp;B / Top 40,False,1,,False,False,,False,,[],{},,,False,public,1706120262.0,text,6,,,text,open.spotify.com,False,,,,,,False,False,False,False,False,,[],[],False,e5554224-9fa0-11ea-8d77-0ef74412130d,False,False,False,,[],False,,,,t5_2qofj,False,,,,#39c3de,19en36f,True,,playlistmakerprofi,,0,True,all_ads,False,[],False,,/r/spotify/comments/19en36f/timeless_love_melodies_of_forever/,all_ads,False,https://open.spotify.com/playlist/3XvtL8i7n59fljnyZ5b1sK?si=16974e5a67dc4d7b,1396768,1706120262.0,0,"{'type': 'open.spotify.com', 'oembed': {'provider_url': 'https://spotify.com', 'description': 'Timeless Love: Melodies of Forever · Playlist · 184 songs · 1 likes', 'title': 'Timeless Love: Melodies of Forever', 'type': 'rich', 'thumbnail_width': 300, 'height': 352, 'width': 456, 'html': '&lt;iframe class=""embedly-embed"" src=""https://cdn.embedly.com/widgets/media.html?src=https%3A%2F%2Fopen.spotify.com%2Fembed%2Fplaylist%2F3XvtL8i7n59fljnyZ5b1sK%3Futm_source%3Doembed&amp;display_name=Spotify&amp;url=https%3A%2F%2Fopen.spotify.com%2Fplaylist%2F3XvtL8i7n59fljnyZ5b1sK&amp;image=https%3A%2F%2Fi.scdn.co%2Fimage%2Fab67706c0000da84a1322e65e0276391ec3d6a6d&amp;key=2aa3c4d5f3de4f5b9120b660ad850dc9&amp;type=text%2Fhtml&amp;schema=spotify"" width=""456"" height=""352"" scrolling=""no"" title=""Spotify embed"" frameborder=""0"" allow=""autoplay; fullscreen; encrypted-media; picture-in-picture;"" allowfullscreen=""true""&gt;&lt;/iframe&gt;', 'version': '1.0', 'provider_name': 'Spotify', 'thumbnail_url': 'https://i.scdn.co/image/ab67706c0000da84a1322e65e0276391ec3d6a6d', 'thumbnail_height': 300}}",False,https://open.spotify.com/playlist/3XvtL8i7n59fljnyZ5b1sK?si=16974e5a67dc4d7b,,,
,spotify,,t2_7sh2bkabv,False,,0,False,eclectic mix of Global Groove / Jazz Fusion / Neo Soul and RnB / Lo-Fi Beats and Electronica. Put it on shuffle and vibe!,[],r/spotify,False,6,,0,,,False,,t3_19emoeb,False,dark,1.0,,1,0,"{'content': '&lt;iframe class=""embedly-embed"" src=""https://cdn.embedly.com/widgets/media.html?src=https%3A%2F%2Fopen.spotify.com%2Fembed%2Fplaylist%2F6lllAK61wf9L1NDEP3Z0kj%3Futm_source%3Doembed&amp;display_name=Spotify&amp;url=https%3A%2F%2Fopen.spotify.com%2Fplaylist%2F6lllAK61wf9L1NDEP3Z0kj&amp;image=https%3A%2F%2Fi.scdn.co%2Fimage%2Fab67706c0000da849aca491ba1f91dfd71352ea7&amp;key=ed8fa8699ce04833838e66ce79ba05f1&amp;type=text%2Fhtml&amp;schema=spotify"" width=""456"" height=""352"" scrolling=""no"" title=""Spotify embed"" frameborder=""0"" allow=""autoplay; fullscreen; encrypted-media; picture-in-picture;"" allowfullscreen=""true""&gt;&lt;/iframe&gt;', 'width': 456, 'scrolling': False, 'height': 352}",,,False,[],"{'type': 'open.spotify.com', 'oembed': {'provider_url': 'https://spotify.com', 'description': 'c o l d f u s i o n · Playlist · 5495 songs · 24 likes', 'title': 'c o l d f u s i o n', 'type': 'rich', 'thumbnail_width': 300, 'height': 352, 'width': 456, 'html': '&lt;iframe class=""embedly-embed"" src=""https://cdn.embedly.com/widgets/media.html?src=https%3A%2F%2Fopen.spotify.com%2Fembed%2Fplaylist%2F6lllAK61wf9L1NDEP3Z0kj%3Futm_source%3Doembed&amp;display_name=Spotify&amp;url=https%3A%2F%2Fopen.spotify.com%2Fplaylist%2F6lllAK61wf9L1NDEP3Z0kj&amp;image=https%3A%2F%2Fi.scdn.co%2Fimage%2Fab67706c0000da849aca491ba1f91dfd71352ea7&amp;key=ed8fa8699ce04833838e66ce79ba05f1&amp;type=text%2Fhtml&amp;schema=spotify"" width=""456"" height=""352"" scrolling=""no"" title=""Spotify embed"" frameborder=""0"" allow=""autoplay; fullscreen; encrypted-media; picture-in-picture;"" allowfullscreen=""true""&gt;&lt;/iframe&gt;', 'version': '1.0', 'provider_name': 'Spotify', 'thumbnail_url': 'https://i.scdn.co/image/ab67706c0000da849aca491ba1f91dfd71352ea7', 'thumbnail_height': 300}}",False,False,,"{'content': '&lt;iframe class=""embedly-embed"" src=""https://cdn.embedly.com/widgets/media.html?src=https%3A%2F%2Fopen.spotify.com%2Fembed%2Fplaylist%2F6lllAK61wf9L1NDEP3Z0kj%3Futm_source%3Doembed&amp;display_name=Spotify&amp;url=https%3A%2F%2Fopen.spotify.com%2Fplaylist%2F6lllAK61wf9L1NDEP3Z0kj&amp;image=https%3A%2F%2Fi.scdn.co%2Fimage%2Fab67706c0000da849aca491ba1f91dfd71352ea7&amp;key=ed8fa8699ce04833838e66ce79ba05f1&amp;type=text%2Fhtml&amp;schema=spotify"" width=""456"" height=""352"" scrolling=""no"" title=""Spotify embed"" frameborder=""0"" allow=""autoplay; fullscreen; encrypted-media; picture-in-picture;"" allowfullscreen=""true""&gt;&lt;/iframe&gt;', 'width': 456, 'scrolling': False, 'media_domain_url': 'https://www.redditmedia.com/mediaembed/19emoeb', 'height': 352}","Playlist - Mood/Feeling (Chill, Lofi, Uplifting)",False,1,,False,False,,False,,[],{},,,False,public,1706117873.0,text,6,,,text,open.spotify.com,False,,,,,,False,False,False,False,False,,[],[],False,ede46e42-9fa0-11ea-8c94-0e70d5715363,False,False,False,,[],False,,,,t5_2qofj,False,,,,#c300c1,19emoeb,True,,full_variant,,0,True,all_ads,False,[],False,,/r/spotify/comments/19emoeb/eclectic_mix_of_global_groove_jazz_fusion_neo/,all_ads,False,https://open.spotify.com/playlist/6lllAK61wf9L1NDEP3Z0kj?si=24307926e28b42b4,1396768,1706117873.0,0,"{'type': 'open.spotify.com', 'oembed': {'provider_url': 'https://spotify.com', 'description': 'c o l d f u s i o n · Playlist · 5495 songs · 24 likes', 'title': 'c o l d f u s i o n', 'type': 'rich', 'thumbnail_width': 300, 'height': 352, 'width': 456, 'html': '&lt;iframe class=""embedly-embed"" src=""https://cdn.embedly.com/widgets/media.html?src=https%3A%2F%2Fopen.spotify.com%2Fembed%2Fplaylist%2F6lllAK61wf9L1NDEP3Z0kj%3Futm_source%3Doembed&amp;display_name=Spotify&amp;url=https%3A%2F%2Fopen.spotify.com%2Fplaylist%2F6lllAK61wf9L1NDEP3Z0kj&amp;image=https%3A%2F%2Fi.scdn.co%2Fimage%2Fab67706c0000da849aca491ba1f91dfd71352ea7&amp;key=ed8fa8699ce04833838e66ce79ba05f1&amp;type=text%2Fhtml&amp;schema=spotify"" width=""456"" height=""352"" scrolling=""no"" title=""Spotify embed"" frameborder=""0"" allow=""autoplay; fullscreen; encrypted-media; picture-in-picture;"" allowfullscreen=""true""&gt;&lt;/iframe&gt;', 'version': '1.0', 'provider_name': 'Spotify', 'thumbnail_url': 'https://i.scdn.co/image/ab67706c0000da849aca491ba1f91dfd71352ea7', 'thumbnail_height': 300}}",False,https://open.spotify.com/playlist/6lllAK61wf9L1NDEP3Z0kj?si=24307926e28b42b4,,,
,spotify,,t2_7sh2bkabv,False,,0,False,hype UK rap and grime playlist,[],r/spotify,False,6,,0,,,False,,t3_19emo6c,False,dark,1.0,,1,0,"{'content': '&lt;iframe class=""embedly-embed"" src=""https://cdn.embedly.com/widgets/media.html?src=https%3A%2F%2Fopen.spotify.com%2Fembed%2Fplaylist%2F5Ga8rXjfn3zdOgl4IMCT38%3Futm_source%3Doembed&amp;display_name=Spotify&amp;url=https%3A%2F%2Fopen.spotify.com%2Fplaylist%2F5Ga8rXjfn3zdOgl4IMCT38&amp;image=https%3A%2F%2Fi.scdn.co%2Fimage%2Fab67706c0000da84db00c31e03a87f09b49b0f5c&amp;key=2aa3c4d5f3de4f5b9120b660ad850dc9&amp;type=text%2Fhtml&amp;schema=spotify"" width=""456"" height=""352"" scrolling=""no"" title=""Spotify embed"" frameborder=""0"" allow=""autoplay; fullscreen; encrypted-media; picture-in-picture;"" allowfullscreen=""true""&gt;&lt;/iframe&gt;', 'width': 456, 'scrolling': False, 'height': 352}",,,False,[],"{'type': 'open.spotify.com', 'oembed': {'provider_url': 'https://spotify.com', 'description': 'Bow Bells · Playlist · 497 songs · 9 likes', 'title': 'Bow Bells', 'type': 'rich', 'thumbnail_width': 300, 'height': 352, 'width': 456, 'html': '&lt;iframe class=""embedly-embed"" src=""https://cdn.embedly.com/widgets/media.html?src=https%3A%2F%2Fopen.spotify.com%2Fembed%2Fplaylist%2F5Ga8rXjfn3zdOgl4IMCT38%3Futm_source%3Doembed&amp;display_name=Spotify&amp;url=https%3A%2F%2Fopen.spotify.com%2Fplaylist%2F5Ga8rXjfn3zdOgl4IMCT38&amp;image=https%3A%2F%2Fi.scdn.co%2Fimage%2Fab67706c0000da84db00c31e03a87f09b49b0f5c&amp;key=2aa3c4d5f3de4f5b9120b660ad850dc9&amp;type=text%2Fhtml&amp;schema=spotify"" width=""456"" height=""352"" scrolling=""no"" title=""Spotify embed"" frameborder=""0"" allow=""autoplay; fullscreen; encrypted-media; picture-in-picture;"" allowfullscreen=""true""&gt;&lt;/iframe&gt;', 'version': '1.0', 'provider_name': 'Spotify', 'thumbnail_url': 'https://i.scdn.co/image/ab67706c0000da84db00c31e03a87f09b49b0f5c', 'thumbnail_height': 300}}",False,False,,"{'content': '&lt;iframe class=""embedly-embed"" src=""https://cdn.embedly.com/widgets/media.html?src=https%3A%2F%2Fopen.spotify.com%2Fembed%2Fplaylist%2F5Ga8rXjfn3zdOgl4IMCT38%3Futm_source%3Doembed&amp;display_name=Spotify&amp;url=https%3A%2F%2Fopen.spotify.com%2Fplaylist%2F5Ga8rXjfn3zdOgl4IMCT38&amp;image=https%3A%2F%2Fi.scdn.co%2Fimage%2Fab67706c0000da84db00c31e03a87f09b49b0f5c&amp;key=2aa3c4d5f3de4f5b9120b660ad850dc9&amp;type=text%2Fhtml&amp;schema=spotify"" width=""456"" height=""352"" scrolling=""no"" title=""Spotify embed"" frameborder=""0"" allow=""autoplay; fullscreen; encrypted-media; picture-in-picture;"" allowfullscreen=""true""&gt;&lt;/iframe&gt;', 'width': 456, 'scrolling': False, 'media_domain_url': 'https://www.redditmedia.com/mediaembed/19emo6c', 'height': 352}",Playlist - Rap / Hip Hop,False,1,,False,False,,False,,[],{},,,False,public,1706117813.0,text,6,,,text,open.spotify.com,False,,,,,,False,False,False,False,False,,[],[],False,dbc1d8d0-9fa0-11ea-982a-0e836220e083,False,False,False,,[],False,,,,t5_2qofj,False,,,,#e82638,19emo6c,True,,full_variant,,0,True,all_ads,False,[],False,,/r/spotify/comments/19emo6c/hype_uk_rap_and_grime_playlist/,all_ads,False,https://open.spotify.com/playlist/5Ga8rXjfn3zdOgl4IMCT38?si=4968f4af7d614d7c,1396768,1706117813.0,0,"{'type': 'open.spotify.com', 'oembed': {'provider_url': 'https://spotify.com', 'description': 'Bow Bells · Playlist · 497 songs · 9 likes', 'title': 'Bow Bells', 'type': 'rich', 'thumbnail_width': 300, 'height': 352, 'width': 456, 'html': '&lt;iframe class=""embedly-embed"" src=""https://cdn.embedly.com/widgets/media.html?src=https%3A%2F%2Fopen.spotify.com%2Fembed%2Fplaylist%2F5Ga8rXjfn3zdOgl4IMCT38%3Futm_source%3Doembed&amp;display_name=Spotify&amp;url=https%3A%2F%2Fopen.spotify.com%2Fplaylist%2F5Ga8rXjfn3zdOgl4IMCT38&amp;image=https%3A%2F%2Fi.scdn.co%2Fimage%2Fab67706c0000da84db00c31e03a87f09b49b0f5c&amp;key=2aa3c4d5f3de4f5b9120b660ad850dc9&amp;type=text%2Fhtml&amp;schema=spotify"" width=""456"" height=""352"" scrolling=""no"" title=""Spotify embed"" frameborder=""0"" allow=""autoplay; fullscreen; encrypted-media; picture-in-picture;"" allowfullscreen=""true""&gt;&lt;/iframe&gt;', 'version': '1.0', 'provider_name': 'Spotify', 'thumbnail_url': 'https://i.scdn.co/image/ab67706c0000da84db00c31e03a87f09b49b0f5c', 'thumbnail_height': 300}}",False,https://open.spotify.com/playlist/5Ga8rXjfn3zdOgl4IMCT38?si=4968f4af7d614d7c,,,
,spotify,"Made a playlist comprising of every bands from the Metalcore, Deathcore, Post-Hardcore, etc. genres and thought I’d share it with you guys. Tried to post it over at r/Metalcore but it kept getting removed and r/Deathcore didn’t have a response to it. I hope some of you guys here like this kind of music and check it out. Please let me know if there are any bands missing. Also on Apple Music and has more albums/bands as free Spotify has a song limit and some of the albums/bands aren’t on Spotify. Enjoy.",t2_gfbyu23p,False,,0,False,Made a playlist comprising of all the CORE genre bands,[],r/spotify,False,6,,0,,,False,,t3_19emn7l,False,dark,1.0,,1,0,"{'content': '&lt;iframe class=""embedly-embed"" src=""https://cdn.embedly.com/widgets/media.html?src=https%3A%2F%2Fopen.spotify.com%2Fembed%2Fplaylist%2F1B2e4A5QVhQpsTIpLoX77A%3Futm_source%3Doembed&amp;display_name=Spotify&amp;url=https%3A%2F%2Fopen.spotify.com%2Fplaylist%2F1B2e4A5QVhQpsTIpLoX77A&amp;image=https%3A%2F%2Fi.scdn.co%2Fimage%2Fab67706c0000da84364e5051fd893ce8a7f2856e&amp;key=2aa3c4d5f3de4f5b9120b660ad850dc9&amp;type=text%2Fhtml&amp;schema=spotify"" width=""456"" height=""352"" scrolling=""no"" title=""Spotify embed"" frameborder=""0"" allow=""autoplay; fullscreen; encrypted-media; picture-in-picture;"" allowfullscreen=""true""&gt;&lt;/iframe&gt;', 'width': 456, 'scrolling': False, 'height': 352}",,,False,[],"{'type': 'open.spotify.com', 'oembed': {'provider_url': 'https://spotify.com', 'description': 'CORE Radio · Playlist · 10969 songs · 1 likes', 'title': 'CORE Radio', 'type': 'rich', 'thumbnail_width': 300, 'height': 352, 'width': 456, 'html': '&lt;iframe class=""embedly-embed"" src=""https://cdn.embedly.com/widgets/media.html?src=https%3A%2F%2Fopen.spotify.com%2Fembed%2Fplaylist%2F1B2e4A5QVhQpsTIpLoX77A%3Futm_source%3Doembed&amp;display_name=Spotify&amp;url=https%3A%2F%2Fopen.spotify.com%2Fplaylist%2F1B2e4A5QVhQpsTIpLoX77A&amp;image=https%3A%2F%2Fi.scdn.co%2Fimage%2Fab67706c0000da84364e5051fd893ce8a7f2856e&amp;key=2aa3c4d5f3de4f5b9120b660ad850dc9&amp;type=text%2Fhtml&amp;schema=spotify"" width=""456"" height=""352"" scrolling=""no"" title=""Spotify embed"" frameborder=""0"" allow=""autoplay; fullscreen; encrypted-media; picture-in-picture;"" allowfullscreen=""true""&gt;&lt;/iframe&gt;', 'version': '1.0', 'provider_name': 'Spotify', 'thumbnail_url': 'https://i.scdn.co/image/ab67706c0000da84364e5051fd893ce8a7f2856e', 'thumbnail_height': 200}}",False,False,,"{'content': '&lt;iframe class=""embedly-embed"" src=""https://cdn.embedly.com/widgets/media.html?src=https%3A%2F%2Fopen.spotify.com%2Fembed%2Fplaylist%2F1B2e4A5QVhQpsTIpLoX77A%3Futm_source%3Doembed&amp;display_name=Spotify&amp;url=https%3A%2F%2Fopen.spotify.com%2Fplaylist%2F1B2e4A5QVhQpsTIpLoX77A&amp;image=https%3A%2F%2Fi.scdn.co%2Fimage%2Fab67706c0000da84364e5051fd893ce8a7f2856e&amp;key=2aa3c4d5f3de4f5b9120b660ad850dc9&amp;type=text%2Fhtml&amp;schema=spotify"" width=""456"" height=""352"" scrolling=""no"" title=""Spotify embed"" frameborder=""0"" allow=""autoplay; fullscreen; encrypted-media; picture-in-picture;"" allowfullscreen=""true""&gt;&lt;/iframe&gt;', 'width': 456, 'scrolling': False, 'media_domain_url': 'https://www.redditmedia.com/mediaembed/19emn7l', 'height': 352}",Playlist - Rock/Metal/Indie/Alt,False,1,,False,False,,False,,[],{},,,False,public,1706117609.0,text,6,,,text,open.spotify.com,False,"&lt;!-- SC_OFF --&gt;&lt;div class=""md""&gt;&lt;p&gt;Made a playlist comprising of every bands from the Metalcore, Deathcore, Post-Hardcore, etc. genres and thought I’d share it with you guys. Tried to post it over at &lt;a href=""/r/Metalcore""&gt;r/Metalcore&lt;/a&gt; but it kept getting removed and &lt;a href=""/r/Deathcore""&gt;r/Deathcore&lt;/a&gt; didn’t have a response to it. I hope some of you guys here like this kind of music and check it out. Please let me know if there are any bands missing. Also on Apple Music and has more albums/bands as free Spotify has a song limit and some of the albums/bands aren’t on Spotify. Enjoy.&lt;/p&gt;
&lt;/div&gt;&lt;!-- SC_ON --&gt;",,,,,False,False,False,False,False,,[],[],False,d0dbfc3e-9fa0-11ea-9b6c-0e248f77e35b,False,False,False,,[],False,,,,t5_2qofj,False,,,,#fb8f1b,19emn7l,True,,AvgPunkFan,,0,True,all_ads,False,[],False,,/r/spotify/comments/19emn7l/made_a_playlist_comprising_of_all_the_core_genre/,all_ads,False,https://open.spotify.com/playlist/1B2e4A5QVhQpsTIpLoX77A?si=DF2PpfzQR8qO3hY5NsWUyQ&amp;pi=u-ZxeToZtqQPKE,1396768,1706117609.0,0,"{'type': 'open.spotify.com', 'oembed': {'provider_url': 'https://spotify.com', 'description': 'CORE Radio · Playlist · 10969 songs · 1 likes', 'title': 'CORE Radio', 'type': 'rich', 'thumbnail_width': 300, 'height': 352, 'width': 456, 'html': '&lt;iframe class=""embedly-embed"" src=""https://cdn.embedly.com/widgets/media.html?src=https%3A%2F%2Fopen.spotify.com%2Fembed%2Fplaylist%2F1B2e4A5QVhQpsTIpLoX77A%3Futm_source%3Doembed&amp;display_name=Spotify&amp;url=https%3A%2F%2Fopen.spotify.com%2Fplaylist%2F1B2e4A5QVhQpsTIpLoX77A&amp;image=https%3A%2F%2Fi.scdn.co%2Fimage%2Fab67706c0000da84364e5051fd893ce8a7f2856e&amp;key=2aa3c4d5f3de4f5b9120b660ad850dc9&amp;type=text%2Fhtml&amp;schema=spotify"" width=""456"" height=""352"" scrolling=""no"" title=""Spotify embed"" frameborder=""0"" allow=""autoplay; fullscreen; encrypted-media; picture-in-picture;"" allowfullscreen=""true""&gt;&lt;/iframe&gt;', 'version': '1.0', 'provider_name': 'Spotify', 'thumbnail_url': 'https://i.scdn.co/image/ab67706c0000da84364e5051fd893ce8a7f2856e', 'thumbnail_height': 200}}",False,https://open.spotify.com/playlist/1B2e4A5QVhQpsTIpLoX77A?si=DF2PpfzQR8qO3hY5NsWUyQ&amp;pi=u-ZxeToZtqQPKE,,,
,spotify,,t2_o1mpt3olp,False,,0,False,"compendium: a collection of songs I consider great, collected through a span of four years",[],r/spotify,False,6,playlist,0,,,False,,t3_19elnon,False,dark,0.67,,1,0,"{'content': '&lt;iframe class=""embedly-embed"" src=""https://cdn.embedly.com/widgets/media.html?src=https%3A%2F%2Fopen.spotify.com%2Fembed%2Fplaylist%2F0KSPan65weVjSTGPh6BnFA%3Futm_source%3Doembed&amp;display_name=Spotify&amp;url=https%3A%2F%2Fopen.spotify.com%2Fplaylist%2F0KSPan65weVjSTGPh6BnFA&amp;image=https%3A%2F%2Fi.scdn.co%2Fimage%2Fab67706c0000da84e19ce4000c9b49923264c330&amp;key=2aa3c4d5f3de4f5b9120b660ad850dc9&amp;type=text%2Fhtml&amp;schema=spotify"" width=""456"" height=""352"" scrolling=""no"" title=""Spotify embed"" frameborder=""0"" allow=""autoplay; fullscreen; encrypted-media; picture-in-picture;"" allowfullscreen=""true""&gt;&lt;/iframe&gt;', 'width': 456, 'scrolling': False, 'height': 352}",,,False,[],"{'type': 'open.spotify.com', 'oembed': {'provider_url': 'https://spotify.com', 'description': 'compendium · Playlist · 249 songs', 'title': 'compendium', 'type': 'rich', 'thumbnail_width': 300, 'height': 352, 'width': 456, 'html': '&lt;iframe class=""embedly-embed"" src=""https://cdn.embedly.com/widgets/media.html?src=https%3A%2F%2Fopen.spotify.com%2Fembed%2Fplaylist%2F0KSPan65weVjSTGPh6BnFA%3Futm_source%3Doembed&amp;display_name=Spotify&amp;url=https%3A%2F%2Fopen.spotify.com%2Fplaylist%2F0KSPan65weVjSTGPh6BnFA&amp;image=https%3A%2F%2Fi.scdn.co%2Fimage%2Fab67706c0000da84e19ce4000c9b49923264c330&amp;key=2aa3c4d5f3de4f5b9120b660ad850dc9&amp;type=text%2Fhtml&amp;schema=spotify"" width=""456"" height=""352"" scrolling=""no"" title=""Spotify embed"" frameborder=""0"" allow=""autoplay; fullscreen; encrypted-media; picture-in-picture;"" allowfullscreen=""true""&gt;&lt;/iframe&gt;', 'version': '1.0', 'provider_name': 'Spotify', 'thumbnail_url': 'https://i.scdn.co/image/ab67706c0000da84e19ce4000c9b49923264c330', 'thumbnail_height': 300}}",False,False,,"{'content': '&lt;iframe class=""embedly-embed"" src=""https://cdn.embedly.com/widgets/media.html?src=https%3A%2F%2Fopen.spotify.com%2Fembed%2Fplaylist%2F0KSPan65weVjSTGPh6BnFA%3Futm_source%3Doembed&amp;display_name=Spotify&amp;url=https%3A%2F%2Fopen.spotify.com%2Fplaylist%2F0KSPan65weVjSTGPh6BnFA&amp;image=https%3A%2F%2Fi.scdn.co%2Fimage%2Fab67706c0000da84e19ce4000c9b49923264c330&amp;key=2aa3c4d5f3de4f5b9120b660ad850dc9&amp;type=text%2Fhtml&amp;schema=spotify"" width=""456"" height=""352"" scrolling=""no"" title=""Spotify embed"" frameborder=""0"" allow=""autoplay; fullscreen; encrypted-media; picture-in-picture;"" allowfullscreen=""true""&gt;&lt;/iframe&gt;', 'width': 456, 'scrolling': False, 'media_domain_url': 'https://www.redditmedia.com/mediaembed/19elnon', 'height': 352}",Playlist - Random / Other / No Theme,False,1,,False,False,,False,,[],{},,,False,public,1706115170.0,text,6,,,text,open.spotify.com,False,,,,,,False,False,False,False,False,,[],[],False,5fb11b10-99e4-11e9-afa4-0e71ebf0abb0,False,False,False,,[],False,,,,t5_2qofj,False,,,,#46d160,19elnon,True,,itsasithuation,,0,True,all_ads,False,[],False,,/r/spotify/comments/19elnon/compendium_a_collection_of_songs_i_consider_great/,all_ads,False,https://open.spotify.com/playlist/0KSPan65weVjSTGPh6BnFA?si=q24Cz4DVT4S26lJnUXHJYQ,1396768,1706115170.0,0,"{'type': 'open.spotify.com', 'oembed': {'provider_url': 'https://spotify.com', 'description': 'compendium · Playlist · 249 songs', 'title': 'compendium', 'type': 'rich', 'thumbnail_width': 300, 'height': 352, 'width': 456, 'html': '&lt;iframe class=""embedly-embed"" src=""https://cdn.embedly.com/widgets/media.html?src=https%3A%2F%2Fopen.spotify.com%2Fembed%2Fplaylist%2F0KSPan65weVjSTGPh6BnFA%3Futm_source%3Doembed&amp;display_name=Spotify&amp;url=https%3A%2F%2Fopen.spotify.com%2Fplaylist%2F0KSPan65weVjSTGPh6BnFA&amp;image=https%3A%2F%2Fi.scdn.co%2Fimage%2Fab67706c0000da84e19ce4000c9b49923264c330&amp;key=2aa3c4d5f3de4f5b9120b660ad850dc9&amp;type=text%2Fhtml&amp;schema=spotify"" width=""456"" height=""352"" scrolling=""no"" title=""Spotify embed"" frameborder=""0"" allow=""autoplay; fullscreen; encrypted-media; picture-in-picture;"" allowfullscreen=""true""&gt;&lt;/iframe&gt;', 'version': '1.0', 'provider_name': 'Spotify', 'thumbnail_url': 'https://i.scdn.co/image/ab67706c0000da84e19ce4000c9b49923264c330', 'thumbnail_height': 300}}",False,https://open.spotify.com/playlist/0KSPan65weVjSTGPh6BnFA?si=q24Cz4DVT4S26lJnUXHJYQ,,,
,spotify,So I have this long playlist I’ve been adding songs I found/like to constantly since I made it… figured I’d share and maybe you guys will find something you like too.,t2_1oojeyz7,False,,0,False,Just figured I’d share,[],r/spotify,False,6,playlist,0,,,False,,t3_19ekrjj,False,dark,0.5,,0,0,"{'content': '&lt;iframe class=""embedly-embed"" src=""https://cdn.embedly.com/widgets/media.html?src=https%3A%2F%2Fopen.spotify.com%2Fembed%2Fplaylist%2F5NP8BaMh1fanIcsOcQyO2Q%3Futm_source%3Doembed&amp;display_name=Spotify&amp;url=https%3A%2F%2Fopen.spotify.com%2Fplaylist%2F5NP8BaMh1fanIcsOcQyO2Q&amp;image=https%3A%2F%2Fi.scdn.co%2Fimage%2Fab67706c0000da84bffc81ad20813cf16e9fd305&amp;key=2aa3c4d5f3de4f5b9120b660ad850dc9&amp;type=text%2Fhtml&amp;schema=spotify"" width=""456"" height=""352"" scrolling=""no"" title=""Spotify embed"" frameborder=""0"" allow=""autoplay; fullscreen; encrypted-media; picture-in-picture;"" allowfullscreen=""true""&gt;&lt;/iframe&gt;', 'width': 456, 'scrolling': False, 'height': 352}",,,False,[],"{'type': 'open.spotify.com', 'oembed': {'provider_url': 'https://spotify.com', 'description': '🙂💜 · Playlist · 8856 songs · 5 likes', 'title': '🙂💜', 'type': 'rich', 'thumbnail_width': 215, 'height': 352, 'width': 456, 'html': '&lt;iframe class=""embedly-embed"" src=""https://cdn.embedly.com/widgets/media.html?src=https%3A%2F%2Fopen.spotify.com%2Fembed%2Fplaylist%2F5NP8BaMh1fanIcsOcQyO2Q%3Futm_source%3Doembed&amp;display_name=Spotify&amp;url=https%3A%2F%2Fopen.spotify.com%2Fplaylist%2F5NP8BaMh1fanIcsOcQyO2Q&amp;image=https%3A%2F%2Fi.scdn.co%2Fimage%2Fab67706c0000da84bffc81ad20813cf16e9fd305&amp;key=2aa3c4d5f3de4f5b9120b660ad850dc9&amp;type=text%2Fhtml&amp;schema=spotify"" width=""456"" height=""352"" scrolling=""no"" title=""Spotify embed"" frameborder=""0"" allow=""autoplay; fullscreen; encrypted-media; picture-in-picture;"" allowfullscreen=""true""&gt;&lt;/iframe&gt;', 'version': '1.0', 'provider_name': 'Spotify', 'thumbnail_url': 'https://i.scdn.co/image/ab67706c0000da84bffc81ad20813cf16e9fd305', 'thumbnail_height': 300}}",False,False,,"{'content': '&lt;iframe class=""embedly-embed"" src=""https://cdn.embedly.com/widgets/media.html?src=https%3A%2F%2Fopen.spotify.com%2Fembed%2Fplaylist%2F5NP8BaMh1fanIcsOcQyO2Q%3Futm_source%3Doembed&amp;display_name=Spotify&amp;url=https%3A%2F%2Fopen.spotify.com%2Fplaylist%2F5NP8BaMh1fanIcsOcQyO2Q&amp;image=https%3A%2F%2Fi.scdn.co%2Fimage%2Fab67706c0000da84bffc81ad20813cf16e9fd305&amp;key=2aa3c4d5f3de4f5b9120b660ad850dc9&amp;type=text%2Fhtml&amp;schema=spotify"" width=""456"" height=""352"" scrolling=""no"" title=""Spotify embed"" frameborder=""0"" allow=""autoplay; fullscreen; encrypted-media; picture-in-picture;"" allowfullscreen=""true""&gt;&lt;/iframe&gt;', 'width': 456, 'scrolling': False, 'media_domain_url': 'https://www.redditmedia.com/mediaembed/19ekrjj', 'height': 352}",Playlist - Random / Other / No Theme,False,0,,False,False,,False,,[],{},,,False,public,1706112931.0,text,6,,,text,open.spotify.com,False,"&lt;!-- SC_OFF --&gt;&lt;div class=""md""&gt;&lt;p&gt;So I have this long playlist I’ve been adding songs I found/like to constantly since I made it… figured I’d share and maybe you guys will find something you like too.&lt;/p&gt;
&lt;/div&gt;&lt;!-- SC_ON --&gt;",,,,,False,False,False,False,False,,[],[],False,5fb11b10-99e4-11e9-afa4-0e71ebf0abb0,False,False,False,,[],False,,,,t5_2qofj,False,,,,#46d160,19ekrjj,True,,xx_m3g4n_xx,,0,True,all_ads,False,[],False,,/r/spotify/comments/19ekrjj/just_figured_id_share/,all_ads,False,https://open.spotify.com/playlist/5NP8BaMh1fanIcsOcQyO2Q?si=Mn0Vft5sRUaKnaJUfOA3hA,1396768,1706112931.0,0,"{'type': 'open.spotify.com', 'oembed': {'provider_url': 'https://spotify.com', 'description': '🙂💜 · Playlist · 8856 songs · 5 likes', 'title': '🙂💜', 'type': 'rich', 'thumbnail_width': 215, 'height': 352, 'width': 456, 'html': '&lt;iframe class=""embedly-embed"" src=""https://cdn.embedly.com/widgets/media.html?src=https%3A%2F%2Fopen.spotify.com%2Fembed%2Fplaylist%2F5NP8BaMh1fanIcsOcQyO2Q%3Futm_source%3Doembed&amp;display_name=Spotify&amp;url=https%3A%2F%2Fopen.spotify.com%2Fplaylist%2F5NP8BaMh1fanIcsOcQyO2Q&amp;image=https%3A%2F%2Fi.scdn.co%2Fimage%2Fab67706c0000da84bffc81ad20813cf16e9fd305&amp;key=2aa3c4d5f3de4f5b9120b660ad850dc9&amp;type=text%2Fhtml&amp;schema=spotify"" width=""456"" height=""352"" scrolling=""no"" title=""Spotify embed"" frameborder=""0"" allow=""autoplay; fullscreen; encrypted-media; picture-in-picture;"" allowfullscreen=""true""&gt;&lt;/iframe&gt;', 'version': '1.0', 'provider_name': 'Spotify', 'thumbnail_url': 'https://i.scdn.co/image/ab67706c0000da84bffc81ad20813cf16e9fd305', 'thumbnail_height': 300}}",False,https://open.spotify.com/playlist/5NP8BaMh1fanIcsOcQyO2Q?si=Mn0Vft5sRUaKnaJUfOA3hA,,,
,spotify,,t2_3q4eiqq,False,,0,False,A taste of the alternative scene in 2024,[],r/spotify,False,6,,0,,,False,,t3_19ekn8c,False,dark,1.0,,1,0,"{'content': '&lt;iframe class=""embedly-embed"" src=""https://cdn.embedly.com/widgets/media.html?src=https%3A%2F%2Fopen.spotify.com%2Fembed%2Fplaylist%2F1soVAeEWM2lIKnX8o4gSVF%3Futm_source%3Doembed&amp;display_name=Spotify&amp;url=https%3A%2F%2Fopen.spotify.com%2Fplaylist%2F1soVAeEWM2lIKnX8o4gSVF&amp;image=https%3A%2F%2Fi.scdn.co%2Fimage%2Fab67706c0000da84f78eb55387670ae9dadcd7e6&amp;key=2aa3c4d5f3de4f5b9120b660ad850dc9&amp;type=text%2Fhtml&amp;schema=spotify"" width=""456"" height=""352"" scrolling=""no"" title=""Spotify embed"" frameborder=""0"" allow=""autoplay; fullscreen; encrypted-media; picture-in-picture;"" allowfullscreen=""true""&gt;&lt;/iframe&gt;', 'width': 456, 'scrolling': False, 'height': 352}",,,False,[],"{'type': 'open.spotify.com', 'oembed': {'provider_url': 'https://spotify.com', 'description': 'Fresh Indie · Playlist · 151 songs · 636 likes', 'title': 'Fresh Indie', 'type': 'rich', 'thumbnail_width': 300, 'height': 352, 'width': 456, 'html': '&lt;iframe class=""embedly-embed"" src=""https://cdn.embedly.com/widgets/media.html?src=https%3A%2F%2Fopen.spotify.com%2Fembed%2Fplaylist%2F1soVAeEWM2lIKnX8o4gSVF%3Futm_source%3Doembed&amp;display_name=Spotify&amp;url=https%3A%2F%2Fopen.spotify.com%2Fplaylist%2F1soVAeEWM2lIKnX8o4gSVF&amp;image=https%3A%2F%2Fi.scdn.co%2Fimage%2Fab67706c0000da84f78eb55387670ae9dadcd7e6&amp;key=2aa3c4d5f3de4f5b9120b660ad850dc9&amp;type=text%2Fhtml&amp;schema=spotify"" width=""456"" height=""352"" scrolling=""no"" title=""Spotify embed"" frameborder=""0"" allow=""autoplay; fullscreen; encrypted-media; picture-in-picture;"" allowfullscreen=""true""&gt;&lt;/iframe&gt;', 'version': '1.0', 'provider_name': 'Spotify', 'thumbnail_url': 'https://i.scdn.co/image/ab67706c0000da84f78eb55387670ae9dadcd7e6', 'thumbnail_height': 300}}",False,False,,"{'content': '&lt;iframe class=""embedly-embed"" src=""https://cdn.embedly.com/widgets/media.html?src=https%3A%2F%2Fopen.spotify.com%2Fembed%2Fplaylist%2F1soVAeEWM2lIKnX8o4gSVF%3Futm_source%3Doembed&amp;display_name=Spotify&amp;url=https%3A%2F%2Fopen.spotify.com%2Fplaylist%2F1soVAeEWM2lIKnX8o4gSVF&amp;image=https%3A%2F%2Fi.scdn.co%2Fimage%2Fab67706c0000da84f78eb55387670ae9dadcd7e6&amp;key=2aa3c4d5f3de4f5b9120b660ad850dc9&amp;type=text%2Fhtml&amp;schema=spotify"" width=""456"" height=""352"" scrolling=""no"" title=""Spotify embed"" frameborder=""0"" allow=""autoplay; fullscreen; encrypted-media; picture-in-picture;"" allowfullscreen=""true""&gt;&lt;/iframe&gt;', 'width': 456, 'scrolling': False, 'media_domain_url': 'https://www.redditmedia.com/mediaembed/19ekn8c', 'height': 352}",Playlist - Rock/Metal/Indie/Alt,False,1,,False,False,,False,,[],{},,,False,public,1706112622.0,text,6,,,text,open.spotify.com,False,,,,,,False,False,False,False,False,,[],[],False,d0dbfc3e-9fa0-11ea-9b6c-0e248f77e35b,False,False,False,,[],False,,,,t5_2qofj,False,,,,#fb8f1b,19ekn8c,True,,dreambop,,0,True,all_ads,False,[],False,,/r/spotify/comments/19ekn8c/a_taste_of_the_alternative_scene_in_2024/,all_ads,False,https://open.spotify.com/playlist/1soVAeEWM2lIKnX8o4gSVF?si=aaf30ed26a9343f6,1396768,1706112622.0,0,"{'type': 'open.spotify.com', 'oembed': {'provider_url': 'https://spotify.com', 'description': 'Fresh Indie · Playlist · 151 songs · 636 likes', 'title': 'Fresh Indie', 'type': 'rich', 'thumbnail_width': 300, 'height': 352, 'width': 456, 'html': '&lt;iframe class=""embedly-embed"" src=""https://cdn.embedly.com/widgets/media.html?src=https%3A%2F%2Fopen.spotify.com%2Fembed%2Fplaylist%2F1soVAeEWM2lIKnX8o4gSVF%3Futm_source%3Doembed&amp;display_name=Spotify&amp;url=https%3A%2F%2Fopen.spotify.com%2Fplaylist%2F1soVAeEWM2lIKnX8o4gSVF&amp;image=https%3A%2F%2Fi.scdn.co%2Fimage%2Fab67706c0000da84f78eb55387670ae9dadcd7e6&amp;key=2aa3c4d5f3de4f5b9120b660ad850dc9&amp;type=text%2Fhtml&amp;schema=spotify"" width=""456"" height=""352"" scrolling=""no"" title=""Spotify embed"" frameborder=""0"" allow=""autoplay; fullscreen; encrypted-media; picture-in-picture;"" allowfullscreen=""true""&gt;&lt;/iframe&gt;', 'version': '1.0', 'provider_name': 'Spotify', 'thumbnail_url': 'https://i.scdn.co/image/ab67706c0000da84f78eb55387670ae9dadcd7e6', 'thumbnail_height': 300}}",False,https://open.spotify.com/playlist/1soVAeEWM2lIKnX8o4gSVF?si=aaf30ed26a9343f6,,,
,spotify,"So the other day, one of my friends shared a link to a Spotify Jam while they were driving in their car. I hopped in, added some Tiny Tim as a prank, and then immediately left. While the prank was successful, it also gave me an idea that I think could be a really fun/terrible time. What if I started my own Jam, and shared it with as many people as possible?

For the last few hours I've been listening to the songs added by my friends and family, learning some of the many things that could go wrong with this experiment, and having a ton of fun with it! The only thing left to do now is to push the Jam system to it's limit, and invite the whole internet to force me to listen to whatever they want.

Let's establish some expectations:

* This isn't a ""challenge"" or anything like that. I'll be skipping things that are like, 5 hour long podcast episodes or the same song 10+ times in a row
* That being said, I'll listen to basically anything else. Shoegaze? Bluegrass? Mumble rap? Celtic folk music? Industrial Noise? Literally anything goes, hit me with your favorite, funniest, worst, best music you can think of.
* I have no idea how the Jam system actually functions, so this can go wrong so so many ways. I'll probably have to recreate the session many times, but I plan on keeping this going as long as there's interest. I'll update this post/any further posts with the current Jam link to make sure as many people can access it as possible.
* I'm also considering a kind of ""journal"" of sorts, maybe some daily update posts with some notable highlights from the previous day? Let me know if that would just be annoying, or if it sounds interesting!

With that out of the way, let's get this show on the road: [~~https://spotify.link/tcM9QR4sBGb~~](https://spotify.link/tcM9QR4sBGb)

Playlist Link: [https://open.spotify.com/playlist/2ihMliuIXrgLXJSaQrawuE?si=b51327c614a449fa](https://open.spotify.com/playlist/2ihMliuIXrgLXJSaQrawuE?si=b51327c614a449fa)

New post for day #2!  
[https://www.reddit.com/r/spotify/comments/19engx7/the\_jam\_to\_end\_all\_jams\_day\_2/](https://www.reddit.com/r/spotify/comments/19engx7/the_jam_to_end_all_jams_day_2/)",t2_37w7b8ib,False,,0,False,The Jam to End All Jams,[],r/spotify,False,6,favors,0,,,False,,t3_19e1wi9,False,dark,0.9,,23,0,{},,,False,[],,False,False,,{},[REQUEST] Playlists / Songs / Artists / Albums ,False,23,,False,False,,1706121411.0,,[],{},,,True,public,1706051195.0,text,6,,,text,self.spotify,False,"&lt;!-- SC_OFF --&gt;&lt;div class=""md""&gt;&lt;p&gt;So the other day, one of my friends shared a link to a Spotify Jam while they were driving in their car. I hopped in, added some Tiny Tim as a prank, and then immediately left. While the prank was successful, it also gave me an idea that I think could be a really fun/terrible time. What if I started my own Jam, and shared it with as many people as possible?&lt;/p&gt;

&lt;p&gt;For the last few hours I&amp;#39;ve been listening to the songs added by my friends and family, learning some of the many things that could go wrong with this experiment, and having a ton of fun with it! The only thing left to do now is to push the Jam system to it&amp;#39;s limit, and invite the whole internet to force me to listen to whatever they want.&lt;/p&gt;

&lt;p&gt;Let&amp;#39;s establish some expectations:&lt;/p&gt;

&lt;ul&gt;
&lt;li&gt;This isn&amp;#39;t a &amp;quot;challenge&amp;quot; or anything like that. I&amp;#39;ll be skipping things that are like, 5 hour long podcast episodes or the same song 10+ times in a row&lt;/li&gt;
&lt;li&gt;That being said, I&amp;#39;ll listen to basically anything else. Shoegaze? Bluegrass? Mumble rap? Celtic folk music? Industrial Noise? Literally anything goes, hit me with your favorite, funniest, worst, best music you can think of.&lt;/li&gt;
&lt;li&gt;I have no idea how the Jam system actually functions, so this can go wrong so so many ways. I&amp;#39;ll probably have to recreate the session many times, but I plan on keeping this going as long as there&amp;#39;s interest. I&amp;#39;ll update this post/any further posts with the current Jam link to make sure as many people can access it as possible.&lt;/li&gt;
&lt;li&gt;I&amp;#39;m also considering a kind of &amp;quot;journal&amp;quot; of sorts, maybe some daily update posts with some notable highlights from the previous day? Let me know if that would just be annoying, or if it sounds interesting!&lt;/li&gt;
&lt;/ul&gt;

&lt;p&gt;With that out of the way, let&amp;#39;s get this show on the road: &lt;a href=""https://spotify.link/tcM9QR4sBGb""&gt;&lt;del&gt;https://spotify.link/tcM9QR4sBGb&lt;/del&gt;&lt;/a&gt;&lt;/p&gt;

&lt;p&gt;Playlist Link: &lt;a href=""https://open.spotify.com/playlist/2ihMliuIXrgLXJSaQrawuE?si=b51327c614a449fa""&gt;https://open.spotify.com/playlist/2ihMliuIXrgLXJSaQrawuE?si=b51327c614a449fa&lt;/a&gt;&lt;/p&gt;

&lt;p&gt;New post for day #2!&lt;br/&gt;
&lt;a href=""https://www.reddit.com/r/spotify/comments/19engx7/the_jam_to_end_all_jams_day_2/""&gt;https://www.reddit.com/r/spotify/comments/19engx7/the_jam_to_end_all_jams_day_2/&lt;/a&gt;&lt;/p&gt;
&lt;/div&gt;&lt;!-- SC_ON --&gt;",,,,,False,False,False,False,False,,[],[],False,b188c2f4-9a2e-11e9-9464-0e9d067aecce,False,False,False,,[],False,,,,t5_2qofj,False,,,,#94e044,19e1wi9,True,,Shbingus,,20,True,all_ads,False,[],False,,/r/spotify/comments/19e1wi9/the_jam_to_end_all_jams/,all_ads,False,https://www.reddit.com/r/spotify/comments/19e1wi9/the_jam_to_end_all_jams/,1396768,1706051195.0,1,,False,,,,
,spotify,,t2_jlckdho7,False,,0,False,30 Days of new music - 700 likes - A collection of new pop artists all looking for their big break and early streams,[],r/spotify,False,6,,0,,,False,,t3_19ekgho,False,dark,1.0,,1,0,"{'content': '&lt;iframe class=""embedly-embed"" src=""https://cdn.embedly.com/widgets/media.html?src=https%3A%2F%2Fopen.spotify.com%2Fembed%2Fplaylist%2F1c66mgdrPmio97QsJHNN2M%3Futm_source%3Doembed&amp;display_name=Spotify&amp;url=https%3A%2F%2Fopen.spotify.com%2Fplaylist%2F1c66mgdrPmio97QsJHNN2M&amp;image=https%3A%2F%2Fi.scdn.co%2Fimage%2Fab67706c0000da8496314a82c4dbace0c095731c&amp;key=2aa3c4d5f3de4f5b9120b660ad850dc9&amp;type=text%2Fhtml&amp;schema=spotify"" width=""456"" height=""352"" scrolling=""no"" title=""Spotify embed"" frameborder=""0"" allow=""autoplay; fullscreen; encrypted-media; picture-in-picture;"" allowfullscreen=""true""&gt;&lt;/iframe&gt;', 'width': 456, 'scrolling': False, 'height': 352}",,,False,[],"{'type': 'open.spotify.com', 'oembed': {'provider_url': 'https://spotify.com', 'description': '30 Days of Great New Artists and New Music · Playlist · 290 songs · 700 likes', 'title': '30 Days of Great New Artists and New Music', 'type': 'rich', 'thumbnail_width': 300, 'height': 352, 'width': 456, 'html': '&lt;iframe class=""embedly-embed"" src=""https://cdn.embedly.com/widgets/media.html?src=https%3A%2F%2Fopen.spotify.com%2Fembed%2Fplaylist%2F1c66mgdrPmio97QsJHNN2M%3Futm_source%3Doembed&amp;display_name=Spotify&amp;url=https%3A%2F%2Fopen.spotify.com%2Fplaylist%2F1c66mgdrPmio97QsJHNN2M&amp;image=https%3A%2F%2Fi.scdn.co%2Fimage%2Fab67706c0000da8496314a82c4dbace0c095731c&amp;key=2aa3c4d5f3de4f5b9120b660ad850dc9&amp;type=text%2Fhtml&amp;schema=spotify"" width=""456"" height=""352"" scrolling=""no"" title=""Spotify embed"" frameborder=""0"" allow=""autoplay; fullscreen; encrypted-media; picture-in-picture;"" allowfullscreen=""true""&gt;&lt;/iframe&gt;', 'version': '1.0', 'provider_name': 'Spotify', 'thumbnail_url': 'https://i.scdn.co/image/ab67706c0000da8496314a82c4dbace0c095731c', 'thumbnail_height': 300}}",False,False,,"{'content': '&lt;iframe class=""embedly-embed"" src=""https://cdn.embedly.com/widgets/media.html?src=https%3A%2F%2Fopen.spotify.com%2Fembed%2Fplaylist%2F1c66mgdrPmio97QsJHNN2M%3Futm_source%3Doembed&amp;display_name=Spotify&amp;url=https%3A%2F%2Fopen.spotify.com%2Fplaylist%2F1c66mgdrPmio97QsJHNN2M&amp;image=https%3A%2F%2Fi.scdn.co%2Fimage%2Fab67706c0000da8496314a82c4dbace0c095731c&amp;key=2aa3c4d5f3de4f5b9120b660ad850dc9&amp;type=text%2Fhtml&amp;schema=spotify"" width=""456"" height=""352"" scrolling=""no"" title=""Spotify embed"" frameborder=""0"" allow=""autoplay; fullscreen; encrypted-media; picture-in-picture;"" allowfullscreen=""true""&gt;&lt;/iframe&gt;', 'width': 456, 'scrolling': False, 'media_domain_url': 'https://www.redditmedia.com/mediaembed/19ekgho', 'height': 352}",Playlist - Pop / R&amp;B / Top 40,False,1,,False,False,,False,,[],{},,,False,public,1706112124.0,text,6,,,text,open.spotify.com,False,,,,,,False,False,False,False,False,,[],[],False,e5554224-9fa0-11ea-8d77-0ef74412130d,False,False,False,,[],False,,,,t5_2qofj,False,,,,#39c3de,19ekgho,True,,Anythings_Poss_Music,,0,True,all_ads,False,[],False,,/r/spotify/comments/19ekgho/30_days_of_new_music_700_likes_a_collection_of/,all_ads,False,https://open.spotify.com/playlist/1c66mgdrPmio97QsJHNN2M?si=25736b4b04634613,1396768,1706112124.0,0,"{'type': 'open.spotify.com', 'oembed': {'provider_url': 'https://spotify.com', 'description': '30 Days of Great New Artists and New Music · Playlist · 290 songs · 700 likes', 'title': '30 Days of Great New Artists and New Music', 'type': 'rich', 'thumbnail_width': 300, 'height': 352, 'width': 456, 'html': '&lt;iframe class=""embedly-embed"" src=""https://cdn.embedly.com/widgets/media.html?src=https%3A%2F%2Fopen.spotify.com%2Fembed%2Fplaylist%2F1c66mgdrPmio97QsJHNN2M%3Futm_source%3Doembed&amp;display_name=Spotify&amp;url=https%3A%2F%2Fopen.spotify.com%2Fplaylist%2F1c66mgdrPmio97QsJHNN2M&amp;image=https%3A%2F%2Fi.scdn.co%2Fimage%2Fab67706c0000da8496314a82c4dbace0c095731c&amp;key=2aa3c4d5f3de4f5b9120b660ad850dc9&amp;type=text%2Fhtml&amp;schema=spotify"" width=""456"" height=""352"" scrolling=""no"" title=""Spotify embed"" frameborder=""0"" allow=""autoplay; fullscreen; encrypted-media; picture-in-picture;"" allowfullscreen=""true""&gt;&lt;/iframe&gt;', 'version': '1.0', 'provider_name': 'Spotify', 'thumbnail_url': 'https://i.scdn.co/image/ab67706c0000da8496314a82c4dbace0c095731c', 'thumbnail_height': 300}}",False,https://open.spotify.com/playlist/1c66mgdrPmio97QsJHNN2M?si=25736b4b04634613,,,
,spotify,"Is it just me, or is the shuffle algorithm getting worse? On a playlist with 9.5 hours of music, I'm getting the same 4 or 5 songs over and over. I've noticed that sometimes I even know what song is coming next, leading me to believe their algorithm is designed in a way that it actually gets stuck in loops or causal chains.

Maybe the most annoying is when I get the exact same song twice in a row - of course the second time is just the 'remastered' version, just a recommended addition to my list.

This has always been an issue - mostly with songs I love never coming through in rotation - but in the last few weeks it seems to be more pronounced in the direction of repeating frequently.

And of course, as I'm typing this, ""Amour Plastique"" comes on for the third time since I started playing the list an hour ago. 😤",t2_h8jom5q5,False,,0,False,Shuffle algorithm getting worse?,[],r/spotify,False,6,,0,,,False,,t3_19e5768,False,light,0.94,,15,0,{},,,False,[],,False,False,,{},Shuffle Complaint,False,15,,False,False,,False,,[],{},,,True,public,1706060303.0,text,6,,,text,self.spotify,False,"&lt;!-- SC_OFF --&gt;&lt;div class=""md""&gt;&lt;p&gt;Is it just me, or is the shuffle algorithm getting worse? On a playlist with 9.5 hours of music, I&amp;#39;m getting the same 4 or 5 songs over and over. I&amp;#39;ve noticed that sometimes I even know what song is coming next, leading me to believe their algorithm is designed in a way that it actually gets stuck in loops or causal chains.&lt;/p&gt;

&lt;p&gt;Maybe the most annoying is when I get the exact same song twice in a row - of course the second time is just the &amp;#39;remastered&amp;#39; version, just a recommended addition to my list.&lt;/p&gt;

&lt;p&gt;This has always been an issue - mostly with songs I love never coming through in rotation - but in the last few weeks it seems to be more pronounced in the direction of repeating frequently.&lt;/p&gt;

&lt;p&gt;And of course, as I&amp;#39;m typing this, &amp;quot;Amour Plastique&amp;quot; comes on for the third time since I started playing the list an hour ago. 😤&lt;/p&gt;
&lt;/div&gt;&lt;!-- SC_ON --&gt;",,,,,False,False,False,False,False,,[],[],False,c26db3f0-eaf4-11ea-842b-0e000ead5bdb,False,False,False,,[],False,,,,t5_2qofj,False,,,,,19e5768,True,,OkGur6628,,12,True,all_ads,False,[],False,,/r/spotify/comments/19e5768/shuffle_algorithm_getting_worse/,all_ads,False,https://www.reddit.com/r/spotify/comments/19e5768/shuffle_algorithm_getting_worse/,1396768,1706060303.0,0,,False,,,,
,spotify,,t2_l0zpsoz70,False,,0,False,Lounge Music 2024,[],r/spotify,False,6,,0,,,False,,t3_19ek92o,False,dark,1.0,,1,0,"{'content': '&lt;iframe class=""embedly-embed"" src=""https://cdn.embedly.com/widgets/media.html?src=https%3A%2F%2Fopen.spotify.com%2Fembed%2Fplaylist%2F492NHkKGqWHCOHsOUk9EZd%3Futm_source%3Doembed&amp;display_name=Spotify&amp;url=https%3A%2F%2Fopen.spotify.com%2Fplaylist%2F492NHkKGqWHCOHsOUk9EZd&amp;image=https%3A%2F%2Fi.scdn.co%2Fimage%2Fab67706c0000da84350a34b7d6ef7de88efd2713&amp;key=2aa3c4d5f3de4f5b9120b660ad850dc9&amp;type=text%2Fhtml&amp;schema=spotify"" width=""456"" height=""352"" scrolling=""no"" title=""Spotify embed"" frameborder=""0"" allow=""autoplay; fullscreen; encrypted-media; picture-in-picture;"" allowfullscreen=""true""&gt;&lt;/iframe&gt;', 'width': 456, 'scrolling': False, 'height': 352}",,,False,[],"{'type': 'open.spotify.com', 'oembed': {'provider_url': 'https://spotify.com', 'description': 'Lounge Music 2024 - Soft House - Lounge Hits · Playlist · 300 songs · 1.6K likes', 'title': 'Lounge Music 2024 - Soft House - Lounge Hits', 'type': 'rich', 'thumbnail_width': 300, 'height': 352, 'width': 456, 'html': '&lt;iframe class=""embedly-embed"" src=""https://cdn.embedly.com/widgets/media.html?src=https%3A%2F%2Fopen.spotify.com%2Fembed%2Fplaylist%2F492NHkKGqWHCOHsOUk9EZd%3Futm_source%3Doembed&amp;display_name=Spotify&amp;url=https%3A%2F%2Fopen.spotify.com%2Fplaylist%2F492NHkKGqWHCOHsOUk9EZd&amp;image=https%3A%2F%2Fi.scdn.co%2Fimage%2Fab67706c0000da84350a34b7d6ef7de88efd2713&amp;key=2aa3c4d5f3de4f5b9120b660ad850dc9&amp;type=text%2Fhtml&amp;schema=spotify"" width=""456"" height=""352"" scrolling=""no"" title=""Spotify embed"" frameborder=""0"" allow=""autoplay; fullscreen; encrypted-media; picture-in-picture;"" allowfullscreen=""true""&gt;&lt;/iframe&gt;', 'version': '1.0', 'provider_name': 'Spotify', 'thumbnail_url': 'https://i.scdn.co/image/ab67706c0000da84350a34b7d6ef7de88efd2713', 'thumbnail_height': 300}}",False,False,,"{'content': '&lt;iframe class=""embedly-embed"" src=""https://cdn.embedly.com/widgets/media.html?src=https%3A%2F%2Fopen.spotify.com%2Fembed%2Fplaylist%2F492NHkKGqWHCOHsOUk9EZd%3Futm_source%3Doembed&amp;display_name=Spotify&amp;url=https%3A%2F%2Fopen.spotify.com%2Fplaylist%2F492NHkKGqWHCOHsOUk9EZd&amp;image=https%3A%2F%2Fi.scdn.co%2Fimage%2Fab67706c0000da84350a34b7d6ef7de88efd2713&amp;key=2aa3c4d5f3de4f5b9120b660ad850dc9&amp;type=text%2Fhtml&amp;schema=spotify"" width=""456"" height=""352"" scrolling=""no"" title=""Spotify embed"" frameborder=""0"" allow=""autoplay; fullscreen; encrypted-media; picture-in-picture;"" allowfullscreen=""true""&gt;&lt;/iframe&gt;', 'width': 456, 'scrolling': False, 'media_domain_url': 'https://www.redditmedia.com/mediaembed/19ek92o', 'height': 352}","Playlist - Theme  (Party, Beach, Study)",False,1,,False,False,,False,,[],{},,,False,public,1706111607.0,text,6,,,text,open.spotify.com,False,,,,,,False,True,False,False,False,,[],[],False,64fa8956-9fa3-11ea-ba10-0e669a062341,False,False,False,,[],False,,,,t5_2qofj,False,,,,#ffd635,19ek92o,True,,ArianaJasmineMusic,,0,True,all_ads,False,[],False,,/r/spotify/comments/19ek92o/lounge_music_2024/,all_ads,False,https://open.spotify.com/playlist/492NHkKGqWHCOHsOUk9EZd?si=0dd073d7947145f8,1396768,1706111607.0,0,"{'type': 'open.spotify.com', 'oembed': {'provider_url': 'https://spotify.com', 'description': 'Lounge Music 2024 - Soft House - Lounge Hits · Playlist · 300 songs · 1.6K likes', 'title': 'Lounge Music 2024 - Soft House - Lounge Hits', 'type': 'rich', 'thumbnail_width': 300, 'height': 352, 'width': 456, 'html': '&lt;iframe class=""embedly-embed"" src=""https://cdn.embedly.com/widgets/media.html?src=https%3A%2F%2Fopen.spotify.com%2Fembed%2Fplaylist%2F492NHkKGqWHCOHsOUk9EZd%3Futm_source%3Doembed&amp;display_name=Spotify&amp;url=https%3A%2F%2Fopen.spotify.com%2Fplaylist%2F492NHkKGqWHCOHsOUk9EZd&amp;image=https%3A%2F%2Fi.scdn.co%2Fimage%2Fab67706c0000da84350a34b7d6ef7de88efd2713&amp;key=2aa3c4d5f3de4f5b9120b660ad850dc9&amp;type=text%2Fhtml&amp;schema=spotify"" width=""456"" height=""352"" scrolling=""no"" title=""Spotify embed"" frameborder=""0"" allow=""autoplay; fullscreen; encrypted-media; picture-in-picture;"" allowfullscreen=""true""&gt;&lt;/iframe&gt;', 'version': '1.0', 'provider_name': 'Spotify', 'thumbnail_url': 'https://i.scdn.co/image/ab67706c0000da84350a34b7d6ef7de88efd2713', 'thumbnail_height': 300}}",False,https://open.spotify.com/playlist/492NHkKGqWHCOHsOUk9EZd?si=0dd073d7947145f8,,,
,spotify,,t2_camlodka,False,,0,False,Office Work Jazz Background (fully updated),[],r/spotify,False,6,,0,,,False,,t3_19ek3ig,False,dark,1.0,,1,0,"{'content': '&lt;iframe class=""embedly-embed"" src=""https://cdn.embedly.com/widgets/media.html?src=https%3A%2F%2Fopen.spotify.com%2Fembed%2Fplaylist%2F4UuZLBhBn2xnIzx5rJGpO6%3Fsi%3Dum9AZRUfRJ2Y7i-nT8cVrA%26pi%3De-5ogw6J52Tnyi%26utm_source%3Doembed&amp;display_name=Spotify&amp;url=http%3A%2F%2Fopen.spotify.com%2Fplaylist%2F4UuZLBhBn2xnIzx5rJGpO6%3Fsi%3Dum9AZRUfRJ2Y7i-nT8cVrA%26pi%3De-5ogw6J52Tnyi&amp;image=https%3A%2F%2Fi.scdn.co%2Fimage%2Fab67706c0000da84069ff0befafb351089e273de&amp;key=2aa3c4d5f3de4f5b9120b660ad850dc9&amp;type=text%2Fhtml&amp;schema=spotify"" width=""456"" height=""352"" scrolling=""no"" title=""Spotify embed"" frameborder=""0"" allow=""autoplay; fullscreen; encrypted-media; picture-in-picture;"" allowfullscreen=""true""&gt;&lt;/iframe&gt;', 'width': 456, 'scrolling': False, 'height': 352}",,,False,[],"{'type': 'open.spotify.com', 'oembed': {'provider_url': 'https://spotify.com', 'version': '1.0', 'title': 'Office Work Jazz Background', 'thumbnail_width': 300, 'height': 352, 'width': 456, 'html': '&lt;iframe class=""embedly-embed"" src=""https://cdn.embedly.com/widgets/media.html?src=https%3A%2F%2Fopen.spotify.com%2Fembed%2Fplaylist%2F4UuZLBhBn2xnIzx5rJGpO6%3Fsi%3Dum9AZRUfRJ2Y7i-nT8cVrA%26pi%3De-5ogw6J52Tnyi%26utm_source%3Doembed&amp;display_name=Spotify&amp;url=http%3A%2F%2Fopen.spotify.com%2Fplaylist%2F4UuZLBhBn2xnIzx5rJGpO6%3Fsi%3Dum9AZRUfRJ2Y7i-nT8cVrA%26pi%3De-5ogw6J52Tnyi&amp;image=https%3A%2F%2Fi.scdn.co%2Fimage%2Fab67706c0000da84069ff0befafb351089e273de&amp;key=2aa3c4d5f3de4f5b9120b660ad850dc9&amp;type=text%2Fhtml&amp;schema=spotify"" width=""456"" height=""352"" scrolling=""no"" title=""Spotify embed"" frameborder=""0"" allow=""autoplay; fullscreen; encrypted-media; picture-in-picture;"" allowfullscreen=""true""&gt;&lt;/iframe&gt;', 'provider_name': 'Spotify', 'thumbnail_url': 'https://i.scdn.co/image/ab67706c0000da84069ff0befafb351089e273de', 'type': 'rich', 'thumbnail_height': 300}}",False,False,,"{'content': '&lt;iframe class=""embedly-embed"" src=""https://cdn.embedly.com/widgets/media.html?src=https%3A%2F%2Fopen.spotify.com%2Fembed%2Fplaylist%2F4UuZLBhBn2xnIzx5rJGpO6%3Fsi%3Dum9AZRUfRJ2Y7i-nT8cVrA%26pi%3De-5ogw6J52Tnyi%26utm_source%3Doembed&amp;display_name=Spotify&amp;url=http%3A%2F%2Fopen.spotify.com%2Fplaylist%2F4UuZLBhBn2xnIzx5rJGpO6%3Fsi%3Dum9AZRUfRJ2Y7i-nT8cVrA%26pi%3De-5ogw6J52Tnyi&amp;image=https%3A%2F%2Fi.scdn.co%2Fimage%2Fab67706c0000da84069ff0befafb351089e273de&amp;key=2aa3c4d5f3de4f5b9120b660ad850dc9&amp;type=text%2Fhtml&amp;schema=spotify"" width=""456"" height=""352"" scrolling=""no"" title=""Spotify embed"" frameborder=""0"" allow=""autoplay; fullscreen; encrypted-media; picture-in-picture;"" allowfullscreen=""true""&gt;&lt;/iframe&gt;', 'width': 456, 'scrolling': False, 'media_domain_url': 'https://www.redditmedia.com/mediaembed/19ek3ig', 'height': 352}","Playlist - Theme  (Party, Beach, Study)",False,1,,False,False,,False,,[],{},,,False,public,1706111205.0,text,6,,,text,open.spotify.com,False,,,,,,False,True,False,False,False,,[],[],False,64fa8956-9fa3-11ea-ba10-0e669a062341,False,False,False,,[],False,,,,t5_2qofj,False,,,,#ffd635,19ek3ig,True,,Jazzy_Alex,,0,True,all_ads,False,[],False,,/r/spotify/comments/19ek3ig/office_work_jazz_background_fully_updated/,all_ads,False,https://open.spotify.com/playlist/4UuZLBhBn2xnIzx5rJGpO6?si=um9AZRUfRJ2Y7i-nT8cVrA&amp;pi=e-5ogw6J52Tnyi,1396768,1706111205.0,0,"{'type': 'open.spotify.com', 'oembed': {'provider_url': 'https://spotify.com', 'version': '1.0', 'title': 'Office Work Jazz Background', 'thumbnail_width': 300, 'height': 352, 'width': 456, 'html': '&lt;iframe class=""embedly-embed"" src=""https://cdn.embedly.com/widgets/media.html?src=https%3A%2F%2Fopen.spotify.com%2Fembed%2Fplaylist%2F4UuZLBhBn2xnIzx5rJGpO6%3Fsi%3Dum9AZRUfRJ2Y7i-nT8cVrA%26pi%3De-5ogw6J52Tnyi%26utm_source%3Doembed&amp;display_name=Spotify&amp;url=http%3A%2F%2Fopen.spotify.com%2Fplaylist%2F4UuZLBhBn2xnIzx5rJGpO6%3Fsi%3Dum9AZRUfRJ2Y7i-nT8cVrA%26pi%3De-5ogw6J52Tnyi&amp;image=https%3A%2F%2Fi.scdn.co%2Fimage%2Fab67706c0000da84069ff0befafb351089e273de&amp;key=2aa3c4d5f3de4f5b9120b660ad850dc9&amp;type=text%2Fhtml&amp;schema=spotify"" width=""456"" height=""352"" scrolling=""no"" title=""Spotify embed"" frameborder=""0"" allow=""autoplay; fullscreen; encrypted-media; picture-in-picture;"" allowfullscreen=""true""&gt;&lt;/iframe&gt;', 'provider_name': 'Spotify', 'thumbnail_url': 'https://i.scdn.co/image/ab67706c0000da84069ff0befafb351089e273de', 'type': 'rich', 'thumbnail_height': 300}}",False,https://open.spotify.com/playlist/4UuZLBhBn2xnIzx5rJGpO6?si=um9AZRUfRJ2Y7i-nT8cVrA&amp;pi=e-5ogw6J52Tnyi,,,
,spotify,,t2_i3fz784lm,False,,0,False,Unlocking your 2000s memories - More than 800 songs and counting,[],r/spotify,False,6,,0,,,False,,t3_19ejlqf,False,dark,0.67,,1,0,"{'content': '&lt;iframe class=""embedly-embed"" src=""https://cdn.embedly.com/widgets/media.html?src=https%3A%2F%2Fopen.spotify.com%2Fembed%2Fplaylist%2F1Pyh5IMzL3D6lOxu1jExpK%3Futm_source%3Doembed&amp;display_name=Spotify&amp;url=https%3A%2F%2Fopen.spotify.com%2Fplaylist%2F1Pyh5IMzL3D6lOxu1jExpK&amp;image=https%3A%2F%2Fi.scdn.co%2Fimage%2Fab67706c0000da84fc58e25d2a83f76d319558e3&amp;key=2aa3c4d5f3de4f5b9120b660ad850dc9&amp;type=text%2Fhtml&amp;schema=spotify"" width=""456"" height=""352"" scrolling=""no"" title=""Spotify embed"" frameborder=""0"" allow=""autoplay; fullscreen; encrypted-media; picture-in-picture;"" allowfullscreen=""true""&gt;&lt;/iframe&gt;', 'width': 456, 'scrolling': False, 'height': 352}",,,False,[],"{'type': 'open.spotify.com', 'oembed': {'provider_url': 'https://spotify.com', 'description': '2000s Nostalgia Super Mix · Playlist · 809 songs · 240 likes', 'title': '2000s Nostalgia Super Mix', 'type': 'rich', 'thumbnail_width': 300, 'height': 352, 'width': 456, 'html': '&lt;iframe class=""embedly-embed"" src=""https://cdn.embedly.com/widgets/media.html?src=https%3A%2F%2Fopen.spotify.com%2Fembed%2Fplaylist%2F1Pyh5IMzL3D6lOxu1jExpK%3Futm_source%3Doembed&amp;display_name=Spotify&amp;url=https%3A%2F%2Fopen.spotify.com%2Fplaylist%2F1Pyh5IMzL3D6lOxu1jExpK&amp;image=https%3A%2F%2Fi.scdn.co%2Fimage%2Fab67706c0000da84fc58e25d2a83f76d319558e3&amp;key=2aa3c4d5f3de4f5b9120b660ad850dc9&amp;type=text%2Fhtml&amp;schema=spotify"" width=""456"" height=""352"" scrolling=""no"" title=""Spotify embed"" frameborder=""0"" allow=""autoplay; fullscreen; encrypted-media; picture-in-picture;"" allowfullscreen=""true""&gt;&lt;/iframe&gt;', 'version': '1.0', 'provider_name': 'Spotify', 'thumbnail_url': 'https://i.scdn.co/image/ab67706c0000da84fc58e25d2a83f76d319558e3', 'thumbnail_height': 225}}",False,False,,"{'content': '&lt;iframe class=""embedly-embed"" src=""https://cdn.embedly.com/widgets/media.html?src=https%3A%2F%2Fopen.spotify.com%2Fembed%2Fplaylist%2F1Pyh5IMzL3D6lOxu1jExpK%3Futm_source%3Doembed&amp;display_name=Spotify&amp;url=https%3A%2F%2Fopen.spotify.com%2Fplaylist%2F1Pyh5IMzL3D6lOxu1jExpK&amp;image=https%3A%2F%2Fi.scdn.co%2Fimage%2Fab67706c0000da84fc58e25d2a83f76d319558e3&amp;key=2aa3c4d5f3de4f5b9120b660ad850dc9&amp;type=text%2Fhtml&amp;schema=spotify"" width=""456"" height=""352"" scrolling=""no"" title=""Spotify embed"" frameborder=""0"" allow=""autoplay; fullscreen; encrypted-media; picture-in-picture;"" allowfullscreen=""true""&gt;&lt;/iframe&gt;', 'width': 456, 'scrolling': False, 'media_domain_url': 'https://www.redditmedia.com/mediaembed/19ejlqf', 'height': 352}",Playlist - Throwback/Flashback/Decades,False,1,,False,False,,False,,[],{},,,False,public,1706109920.0,text,6,,,text,open.spotify.com,False,,,,,,False,True,False,False,False,,[],[],False,8f93ff06-9fa5-11ea-8fd9-0e846d182559,False,False,False,,[],False,,,,t5_2qofj,False,,,,#ab672f,19ejlqf,True,,rafaelredt,,1,True,all_ads,False,[],False,,/r/spotify/comments/19ejlqf/unlocking_your_2000s_memories_more_than_800_songs/,all_ads,False,https://open.spotify.com/playlist/1Pyh5IMzL3D6lOxu1jExpK,1396768,1706109920.0,0,"{'type': 'open.spotify.com', 'oembed': {'provider_url': 'https://spotify.com', 'description': '2000s Nostalgia Super Mix · Playlist · 809 songs · 240 likes', 'title': '2000s Nostalgia Super Mix', 'type': 'rich', 'thumbnail_width': 300, 'height': 352, 'width': 456, 'html': '&lt;iframe class=""embedly-embed"" src=""https://cdn.embedly.com/widgets/media.html?src=https%3A%2F%2Fopen.spotify.com%2Fembed%2Fplaylist%2F1Pyh5IMzL3D6lOxu1jExpK%3Futm_source%3Doembed&amp;display_name=Spotify&amp;url=https%3A%2F%2Fopen.spotify.com%2Fplaylist%2F1Pyh5IMzL3D6lOxu1jExpK&amp;image=https%3A%2F%2Fi.scdn.co%2Fimage%2Fab67706c0000da84fc58e25d2a83f76d319558e3&amp;key=2aa3c4d5f3de4f5b9120b660ad850dc9&amp;type=text%2Fhtml&amp;schema=spotify"" width=""456"" height=""352"" scrolling=""no"" title=""Spotify embed"" frameborder=""0"" allow=""autoplay; fullscreen; encrypted-media; picture-in-picture;"" allowfullscreen=""true""&gt;&lt;/iframe&gt;', 'version': '1.0', 'provider_name': 'Spotify', 'thumbnail_url': 'https://i.scdn.co/image/ab67706c0000da84fc58e25d2a83f76d319558e3', 'thumbnail_height': 225}}",False,https://open.spotify.com/playlist/1Pyh5IMzL3D6lOxu1jExpK,,,
,spotify,,t2_c20yfr57,False,,0,False,Rise,[],r/spotify,False,6,,0,,,False,,t3_19ejeyg,False,dark,1.0,,1,0,"{'content': '&lt;iframe class=""embedly-embed"" src=""https://cdn.embedly.com/widgets/media.html?src=https%3A%2F%2Fopen.spotify.com%2Fembed%2Fplaylist%2F4GVWzuFsnGYdypx1xBW5MA%3Futm_source%3Doembed&amp;display_name=Spotify&amp;url=https%3A%2F%2Fopen.spotify.com%2Fplaylist%2F4GVWzuFsnGYdypx1xBW5MA&amp;image=https%3A%2F%2Fi.scdn.co%2Fimage%2Fab67706c0000da8430de056755f1de095e7affa7&amp;key=2aa3c4d5f3de4f5b9120b660ad850dc9&amp;type=text%2Fhtml&amp;schema=spotify"" width=""456"" height=""352"" scrolling=""no"" title=""Spotify embed"" frameborder=""0"" allow=""autoplay; fullscreen; encrypted-media; picture-in-picture;"" allowfullscreen=""true""&gt;&lt;/iframe&gt;', 'width': 456, 'scrolling': False, 'height': 352}",,,False,[],"{'type': 'open.spotify.com', 'oembed': {'provider_url': 'https://spotify.com', 'description': 'Rise · Playlist · 22 songs', 'title': 'Rise', 'type': 'rich', 'thumbnail_width': 300, 'height': 352, 'width': 456, 'html': '&lt;iframe class=""embedly-embed"" src=""https://cdn.embedly.com/widgets/media.html?src=https%3A%2F%2Fopen.spotify.com%2Fembed%2Fplaylist%2F4GVWzuFsnGYdypx1xBW5MA%3Futm_source%3Doembed&amp;display_name=Spotify&amp;url=https%3A%2F%2Fopen.spotify.com%2Fplaylist%2F4GVWzuFsnGYdypx1xBW5MA&amp;image=https%3A%2F%2Fi.scdn.co%2Fimage%2Fab67706c0000da8430de056755f1de095e7affa7&amp;key=2aa3c4d5f3de4f5b9120b660ad850dc9&amp;type=text%2Fhtml&amp;schema=spotify"" width=""456"" height=""352"" scrolling=""no"" title=""Spotify embed"" frameborder=""0"" allow=""autoplay; fullscreen; encrypted-media; picture-in-picture;"" allowfullscreen=""true""&gt;&lt;/iframe&gt;', 'version': '1.0', 'provider_name': 'Spotify', 'thumbnail_url': 'https://i.scdn.co/image/ab67706c0000da8430de056755f1de095e7affa7', 'thumbnail_height': 300}}",False,False,,"{'content': '&lt;iframe class=""embedly-embed"" src=""https://cdn.embedly.com/widgets/media.html?src=https%3A%2F%2Fopen.spotify.com%2Fembed%2Fplaylist%2F4GVWzuFsnGYdypx1xBW5MA%3Futm_source%3Doembed&amp;display_name=Spotify&amp;url=https%3A%2F%2Fopen.spotify.com%2Fplaylist%2F4GVWzuFsnGYdypx1xBW5MA&amp;image=https%3A%2F%2Fi.scdn.co%2Fimage%2Fab67706c0000da8430de056755f1de095e7affa7&amp;key=2aa3c4d5f3de4f5b9120b660ad850dc9&amp;type=text%2Fhtml&amp;schema=spotify"" width=""456"" height=""352"" scrolling=""no"" title=""Spotify embed"" frameborder=""0"" allow=""autoplay; fullscreen; encrypted-media; picture-in-picture;"" allowfullscreen=""true""&gt;&lt;/iframe&gt;', 'width': 456, 'scrolling': False, 'media_domain_url': 'https://www.redditmedia.com/mediaembed/19ejeyg', 'height': 352}",Playlist - Rock/Metal/Indie/Alt,False,1,,False,False,,False,,[],{},,,False,public,1706109428.0,text,6,,,text,open.spotify.com,False,,,,,,False,True,False,False,False,,[],[],False,d0dbfc3e-9fa0-11ea-9b6c-0e248f77e35b,False,False,False,,[],False,,,,t5_2qofj,False,,,,#fb8f1b,19ejeyg,True,,supermoon_,,0,True,all_ads,False,[],False,,/r/spotify/comments/19ejeyg/rise/,all_ads,False,https://open.spotify.com/playlist/4GVWzuFsnGYdypx1xBW5MA?si=a763fda53a934942&amp;nd=1&amp;dlsi=b8d3413785b54b4c,1396768,1706109428.0,0,"{'type': 'open.spotify.com', 'oembed': {'provider_url': 'https://spotify.com', 'description': 'Rise · Playlist · 22 songs', 'title': 'Rise', 'type': 'rich', 'thumbnail_width': 300, 'height': 352, 'width': 456, 'html': '&lt;iframe class=""embedly-embed"" src=""https://cdn.embedly.com/widgets/media.html?src=https%3A%2F%2Fopen.spotify.com%2Fembed%2Fplaylist%2F4GVWzuFsnGYdypx1xBW5MA%3Futm_source%3Doembed&amp;display_name=Spotify&amp;url=https%3A%2F%2Fopen.spotify.com%2Fplaylist%2F4GVWzuFsnGYdypx1xBW5MA&amp;image=https%3A%2F%2Fi.scdn.co%2Fimage%2Fab67706c0000da8430de056755f1de095e7affa7&amp;key=2aa3c4d5f3de4f5b9120b660ad850dc9&amp;type=text%2Fhtml&amp;schema=spotify"" width=""456"" height=""352"" scrolling=""no"" title=""Spotify embed"" frameborder=""0"" allow=""autoplay; fullscreen; encrypted-media; picture-in-picture;"" allowfullscreen=""true""&gt;&lt;/iframe&gt;', 'version': '1.0', 'provider_name': 'Spotify', 'thumbnail_url': 'https://i.scdn.co/image/ab67706c0000da8430de056755f1de095e7affa7', 'thumbnail_height': 300}}",False,https://open.spotify.com/playlist/4GVWzuFsnGYdypx1xBW5MA?si=a763fda53a934942&amp;nd=1&amp;dlsi=b8d3413785b54b4c,,,
,spotify,,t2_4kqo9gmt,False,,0,False,Tropical Indie Playlist - Anyone know of anything else that would fit the vibe?,[],r/spotify,False,6,,0,,,False,,t3_19ej9a3,False,dark,1.0,,1,0,"{'content': '&lt;iframe class=""embedly-embed"" src=""https://cdn.embedly.com/widgets/media.html?src=https%3A%2F%2Fopen.spotify.com%2Fembed%2Fplaylist%2F2LFPFBKsPgYpThJ5vZpDB0%3Futm_source%3Doembed&amp;display_name=Spotify&amp;url=https%3A%2F%2Fopen.spotify.com%2Fplaylist%2F2LFPFBKsPgYpThJ5vZpDB0&amp;image=https%3A%2F%2Fmosaic.scdn.co%2F300%2Fab67616d00001e0211555ed45c4377e101d7979dab67616d00001e02323b486defbe382273719626ab67616d00001e027a293e6787c6d200c5077cd0ab67616d00001e02e25ccaa740087c5f6997c918&amp;key=2aa3c4d5f3de4f5b9120b660ad850dc9&amp;type=text%2Fhtml&amp;schema=spotify"" width=""456"" height=""352"" scrolling=""no"" title=""Spotify embed"" frameborder=""0"" allow=""autoplay; fullscreen; encrypted-media; picture-in-picture;"" allowfullscreen=""true""&gt;&lt;/iframe&gt;', 'width': 456, 'scrolling': False, 'height': 352}",,,False,[],"{'type': 'open.spotify.com', 'oembed': {'provider_url': 'https://spotify.com', 'description': 'Eden · Playlist · 25 songs', 'title': 'Eden', 'type': 'rich', 'thumbnail_width': 300, 'height': 352, 'width': 456, 'html': '&lt;iframe class=""embedly-embed"" src=""https://cdn.embedly.com/widgets/media.html?src=https%3A%2F%2Fopen.spotify.com%2Fembed%2Fplaylist%2F2LFPFBKsPgYpThJ5vZpDB0%3Futm_source%3Doembed&amp;display_name=Spotify&amp;url=https%3A%2F%2Fopen.spotify.com%2Fplaylist%2F2LFPFBKsPgYpThJ5vZpDB0&amp;image=https%3A%2F%2Fmosaic.scdn.co%2F300%2Fab67616d00001e0211555ed45c4377e101d7979dab67616d00001e02323b486defbe382273719626ab67616d00001e027a293e6787c6d200c5077cd0ab67616d00001e02e25ccaa740087c5f6997c918&amp;key=2aa3c4d5f3de4f5b9120b660ad850dc9&amp;type=text%2Fhtml&amp;schema=spotify"" width=""456"" height=""352"" scrolling=""no"" title=""Spotify embed"" frameborder=""0"" allow=""autoplay; fullscreen; encrypted-media; picture-in-picture;"" allowfullscreen=""true""&gt;&lt;/iframe&gt;', 'version': '1.0', 'provider_name': 'Spotify', 'thumbnail_url': 'https://mosaic.scdn.co/300/ab67616d00001e0211555ed45c4377e101d7979dab67616d00001e02323b486defbe382273719626ab67616d00001e027a293e6787c6d200c5077cd0ab67616d00001e02e25ccaa740087c5f6997c918', 'thumbnail_height': 300}}",False,False,,"{'content': '&lt;iframe class=""embedly-embed"" src=""https://cdn.embedly.com/widgets/media.html?src=https%3A%2F%2Fopen.spotify.com%2Fembed%2Fplaylist%2F2LFPFBKsPgYpThJ5vZpDB0%3Futm_source%3Doembed&amp;display_name=Spotify&amp;url=https%3A%2F%2Fopen.spotify.com%2Fplaylist%2F2LFPFBKsPgYpThJ5vZpDB0&amp;image=https%3A%2F%2Fmosaic.scdn.co%2F300%2Fab67616d00001e0211555ed45c4377e101d7979dab67616d00001e02323b486defbe382273719626ab67616d00001e027a293e6787c6d200c5077cd0ab67616d00001e02e25ccaa740087c5f6997c918&amp;key=2aa3c4d5f3de4f5b9120b660ad850dc9&amp;type=text%2Fhtml&amp;schema=spotify"" width=""456"" height=""352"" scrolling=""no"" title=""Spotify embed"" frameborder=""0"" allow=""autoplay; fullscreen; encrypted-media; picture-in-picture;"" allowfullscreen=""true""&gt;&lt;/iframe&gt;', 'width': 456, 'scrolling': False, 'media_domain_url': 'https://www.redditmedia.com/mediaembed/19ej9a3', 'height': 352}","Playlist - Theme  (Party, Beach, Study)",False,1,,False,False,,False,,[],{},,,False,public,1706109009.0,text,6,,,text,open.spotify.com,False,,,,,,False,True,False,False,False,,[],[],False,64fa8956-9fa3-11ea-ba10-0e669a062341,False,False,False,,[],False,,,,t5_2qofj,False,,,,#ffd635,19ej9a3,True,,-Constantinos-,,0,True,all_ads,False,[],False,,/r/spotify/comments/19ej9a3/tropical_indie_playlist_anyone_know_of_anything/,all_ads,False,https://open.spotify.com/playlist/2LFPFBKsPgYpThJ5vZpDB0?si=CT1roAQOSVqZMM0il0OQkQ&amp;pi=u-ckqbYaJ_T6yX,1396768,1706109009.0,0,"{'type': 'open.spotify.com', 'oembed': {'provider_url': 'https://spotify.com', 'description': 'Eden · Playlist · 25 songs', 'title': 'Eden', 'type': 'rich', 'thumbnail_width': 300, 'height': 352, 'width': 456, 'html': '&lt;iframe class=""embedly-embed"" src=""https://cdn.embedly.com/widgets/media.html?src=https%3A%2F%2Fopen.spotify.com%2Fembed%2Fplaylist%2F2LFPFBKsPgYpThJ5vZpDB0%3Futm_source%3Doembed&amp;display_name=Spotify&amp;url=https%3A%2F%2Fopen.spotify.com%2Fplaylist%2F2LFPFBKsPgYpThJ5vZpDB0&amp;image=https%3A%2F%2Fmosaic.scdn.co%2F300%2Fab67616d00001e0211555ed45c4377e101d7979dab67616d00001e02323b486defbe382273719626ab67616d00001e027a293e6787c6d200c5077cd0ab67616d00001e02e25ccaa740087c5f6997c918&amp;key=2aa3c4d5f3de4f5b9120b660ad850dc9&amp;type=text%2Fhtml&amp;schema=spotify"" width=""456"" height=""352"" scrolling=""no"" title=""Spotify embed"" frameborder=""0"" allow=""autoplay; fullscreen; encrypted-media; picture-in-picture;"" allowfullscreen=""true""&gt;&lt;/iframe&gt;', 'version': '1.0', 'provider_name': 'Spotify', 'thumbnail_url': 'https://mosaic.scdn.co/300/ab67616d00001e0211555ed45c4377e101d7979dab67616d00001e02323b486defbe382273719626ab67616d00001e027a293e6787c6d200c5077cd0ab67616d00001e02e25ccaa740087c5f6997c918', 'thumbnail_height': 300}}",False,https://open.spotify.com/playlist/2LFPFBKsPgYpThJ5vZpDB0?si=CT1roAQOSVqZMM0il0OQkQ&amp;pi=u-ckqbYaJ_T6yX,,,
,spotify,,t2_70nz1cx8x,False,,0,False,The Ultimate Alternative Rock Collection,[],r/spotify,False,6,,0,,,False,,t3_19eecjg,False,dark,0.75,,2,0,"{'content': '&lt;iframe class=""embedly-embed"" src=""https://cdn.embedly.com/widgets/media.html?src=https%3A%2F%2Fopen.spotify.com%2Fembed%2Fplaylist%2F5UUO9YqkP2XcIi8MuiaCv1%3Futm_source%3Doembed&amp;display_name=Spotify&amp;url=https%3A%2F%2Fopen.spotify.com%2Fplaylist%2F5UUO9YqkP2XcIi8MuiaCv1&amp;image=https%3A%2F%2Fi.scdn.co%2Fimage%2Fab67706c0000da84a051b50bdb981c217d31a0b0&amp;key=2aa3c4d5f3de4f5b9120b660ad850dc9&amp;type=text%2Fhtml&amp;schema=spotify"" width=""456"" height=""352"" scrolling=""no"" title=""Spotify embed"" frameborder=""0"" allow=""autoplay; fullscreen; encrypted-media; picture-in-picture;"" allowfullscreen=""true""&gt;&lt;/iframe&gt;', 'width': 456, 'scrolling': False, 'height': 352}",,,False,[],"{'type': 'open.spotify.com', 'oembed': {'provider_url': 'https://spotify.com', 'description': 'The Ultimate Alternative Rock Collection · Playlist · 223 songs', 'title': 'The Ultimate Alternative Rock Collection', 'type': 'rich', 'thumbnail_width': 300, 'height': 352, 'width': 456, 'html': '&lt;iframe class=""embedly-embed"" src=""https://cdn.embedly.com/widgets/media.html?src=https%3A%2F%2Fopen.spotify.com%2Fembed%2Fplaylist%2F5UUO9YqkP2XcIi8MuiaCv1%3Futm_source%3Doembed&amp;display_name=Spotify&amp;url=https%3A%2F%2Fopen.spotify.com%2Fplaylist%2F5UUO9YqkP2XcIi8MuiaCv1&amp;image=https%3A%2F%2Fi.scdn.co%2Fimage%2Fab67706c0000da84a051b50bdb981c217d31a0b0&amp;key=2aa3c4d5f3de4f5b9120b660ad850dc9&amp;type=text%2Fhtml&amp;schema=spotify"" width=""456"" height=""352"" scrolling=""no"" title=""Spotify embed"" frameborder=""0"" allow=""autoplay; fullscreen; encrypted-media; picture-in-picture;"" allowfullscreen=""true""&gt;&lt;/iframe&gt;', 'version': '1.0', 'provider_name': 'Spotify', 'thumbnail_url': 'https://i.scdn.co/image/ab67706c0000da84a051b50bdb981c217d31a0b0', 'thumbnail_height': 300}}",False,False,,"{'content': '&lt;iframe class=""embedly-embed"" src=""https://cdn.embedly.com/widgets/media.html?src=https%3A%2F%2Fopen.spotify.com%2Fembed%2Fplaylist%2F5UUO9YqkP2XcIi8MuiaCv1%3Futm_source%3Doembed&amp;display_name=Spotify&amp;url=https%3A%2F%2Fopen.spotify.com%2Fplaylist%2F5UUO9YqkP2XcIi8MuiaCv1&amp;image=https%3A%2F%2Fi.scdn.co%2Fimage%2Fab67706c0000da84a051b50bdb981c217d31a0b0&amp;key=2aa3c4d5f3de4f5b9120b660ad850dc9&amp;type=text%2Fhtml&amp;schema=spotify"" width=""456"" height=""352"" scrolling=""no"" title=""Spotify embed"" frameborder=""0"" allow=""autoplay; fullscreen; encrypted-media; picture-in-picture;"" allowfullscreen=""true""&gt;&lt;/iframe&gt;', 'width': 456, 'scrolling': False, 'media_domain_url': 'https://www.redditmedia.com/mediaembed/19eecjg', 'height': 352}",Playlist - Rock/Metal/Indie/Alt,False,2,,False,False,,False,,[],{},,,False,public,1706093287.0,text,6,,,text,open.spotify.com,False,,,,,,False,True,False,False,False,,[],[],False,d0dbfc3e-9fa0-11ea-9b6c-0e248f77e35b,False,False,False,,[],False,,,,t5_2qofj,False,,,,#fb8f1b,19eecjg,True,,Ekaritomos,,1,True,all_ads,False,[],False,,/r/spotify/comments/19eecjg/the_ultimate_alternative_rock_collection/,all_ads,False,https://open.spotify.com/playlist/5UUO9YqkP2XcIi8MuiaCv1?si=922f93664b174b29,1396768,1706093287.0,0,"{'type': 'open.spotify.com', 'oembed': {'provider_url': 'https://spotify.com', 'description': 'The Ultimate Alternative Rock Collection · Playlist · 223 songs', 'title': 'The Ultimate Alternative Rock Collection', 'type': 'rich', 'thumbnail_width': 300, 'height': 352, 'width': 456, 'html': '&lt;iframe class=""embedly-embed"" src=""https://cdn.embedly.com/widgets/media.html?src=https%3A%2F%2Fopen.spotify.com%2Fembed%2Fplaylist%2F5UUO9YqkP2XcIi8MuiaCv1%3Futm_source%3Doembed&amp;display_name=Spotify&amp;url=https%3A%2F%2Fopen.spotify.com%2Fplaylist%2F5UUO9YqkP2XcIi8MuiaCv1&amp;image=https%3A%2F%2Fi.scdn.co%2Fimage%2Fab67706c0000da84a051b50bdb981c217d31a0b0&amp;key=2aa3c4d5f3de4f5b9120b660ad850dc9&amp;type=text%2Fhtml&amp;schema=spotify"" width=""456"" height=""352"" scrolling=""no"" title=""Spotify embed"" frameborder=""0"" allow=""autoplay; fullscreen; encrypted-media; picture-in-picture;"" allowfullscreen=""true""&gt;&lt;/iframe&gt;', 'version': '1.0', 'provider_name': 'Spotify', 'thumbnail_url': 'https://i.scdn.co/image/ab67706c0000da84a051b50bdb981c217d31a0b0', 'thumbnail_height': 300}}",False,https://open.spotify.com/playlist/5UUO9YqkP2XcIi8MuiaCv1?si=922f93664b174b29,,,
,spotify,,t2_lf0yg02ej,False,,0,False,Lofi Coffee,[],r/spotify,False,6,,0,,,False,,t3_19ehzjy,False,dark,1.0,,1,0,"{'content': '&lt;iframe class=""embedly-embed"" src=""https://cdn.embedly.com/widgets/media.html?src=https%3A%2F%2Fopen.spotify.com%2Fembed%2Fplaylist%2F7z8upKqxqY1c77UJyGgXSV%3Futm_source%3Doembed&amp;display_name=Spotify&amp;url=https%3A%2F%2Fopen.spotify.com%2Fplaylist%2F7z8upKqxqY1c77UJyGgXSV&amp;image=https%3A%2F%2Fi.scdn.co%2Fimage%2Fab67706c0000da84471d2abf706d5af175242e5d&amp;key=2aa3c4d5f3de4f5b9120b660ad850dc9&amp;type=text%2Fhtml&amp;schema=spotify"" width=""456"" height=""352"" scrolling=""no"" title=""Spotify embed"" frameborder=""0"" allow=""autoplay; fullscreen; encrypted-media; picture-in-picture;"" allowfullscreen=""true""&gt;&lt;/iframe&gt;', 'width': 456, 'scrolling': False, 'height': 352}",,,False,[],"{'type': 'open.spotify.com', 'oembed': {'provider_url': 'https://spotify.com', 'description': 'Lofi Coffee - Chill Coffee Music - Lofi Cafe - Morning Music · Playlist · 200 songs · 2K likes', 'title': 'Lofi Coffee - Chill Coffee Music - Lofi Cafe - Morning Music', 'type': 'rich', 'thumbnail_width': 300, 'height': 352, 'width': 456, 'html': '&lt;iframe class=""embedly-embed"" src=""https://cdn.embedly.com/widgets/media.html?src=https%3A%2F%2Fopen.spotify.com%2Fembed%2Fplaylist%2F7z8upKqxqY1c77UJyGgXSV%3Futm_source%3Doembed&amp;display_name=Spotify&amp;url=https%3A%2F%2Fopen.spotify.com%2Fplaylist%2F7z8upKqxqY1c77UJyGgXSV&amp;image=https%3A%2F%2Fi.scdn.co%2Fimage%2Fab67706c0000da84471d2abf706d5af175242e5d&amp;key=2aa3c4d5f3de4f5b9120b660ad850dc9&amp;type=text%2Fhtml&amp;schema=spotify"" width=""456"" height=""352"" scrolling=""no"" title=""Spotify embed"" frameborder=""0"" allow=""autoplay; fullscreen; encrypted-media; picture-in-picture;"" allowfullscreen=""true""&gt;&lt;/iframe&gt;', 'version': '1.0', 'provider_name': 'Spotify', 'thumbnail_url': 'https://i.scdn.co/image/ab67706c0000da84471d2abf706d5af175242e5d', 'thumbnail_height': 300}}",False,False,,"{'content': '&lt;iframe class=""embedly-embed"" src=""https://cdn.embedly.com/widgets/media.html?src=https%3A%2F%2Fopen.spotify.com%2Fembed%2Fplaylist%2F7z8upKqxqY1c77UJyGgXSV%3Futm_source%3Doembed&amp;display_name=Spotify&amp;url=https%3A%2F%2Fopen.spotify.com%2Fplaylist%2F7z8upKqxqY1c77UJyGgXSV&amp;image=https%3A%2F%2Fi.scdn.co%2Fimage%2Fab67706c0000da84471d2abf706d5af175242e5d&amp;key=2aa3c4d5f3de4f5b9120b660ad850dc9&amp;type=text%2Fhtml&amp;schema=spotify"" width=""456"" height=""352"" scrolling=""no"" title=""Spotify embed"" frameborder=""0"" allow=""autoplay; fullscreen; encrypted-media; picture-in-picture;"" allowfullscreen=""true""&gt;&lt;/iframe&gt;', 'width': 456, 'scrolling': False, 'media_domain_url': 'https://www.redditmedia.com/mediaembed/19ehzjy', 'height': 352}","Playlist - Mood/Feeling (Chill, Lofi, Uplifting)",False,1,,False,False,,False,,[],{},,,False,public,1706105525.0,text,6,,,text,open.spotify.com,False,,,,,,False,True,False,False,False,,[],[],False,ede46e42-9fa0-11ea-8c94-0e70d5715363,False,False,False,,[],False,,,,t5_2qofj,False,,,,#c300c1,19ehzjy,True,,NoelleMusic,,0,True,all_ads,False,[],False,,/r/spotify/comments/19ehzjy/lofi_coffee/,all_ads,False,https://open.spotify.com/playlist/7z8upKqxqY1c77UJyGgXSV?si=7aa6fe49c0c24854,1396768,1706105525.0,0,"{'type': 'open.spotify.com', 'oembed': {'provider_url': 'https://spotify.com', 'description': 'Lofi Coffee - Chill Coffee Music - Lofi Cafe - Morning Music · Playlist · 200 songs · 2K likes', 'title': 'Lofi Coffee - Chill Coffee Music - Lofi Cafe - Morning Music', 'type': 'rich', 'thumbnail_width': 300, 'height': 352, 'width': 456, 'html': '&lt;iframe class=""embedly-embed"" src=""https://cdn.embedly.com/widgets/media.html?src=https%3A%2F%2Fopen.spotify.com%2Fembed%2Fplaylist%2F7z8upKqxqY1c77UJyGgXSV%3Futm_source%3Doembed&amp;display_name=Spotify&amp;url=https%3A%2F%2Fopen.spotify.com%2Fplaylist%2F7z8upKqxqY1c77UJyGgXSV&amp;image=https%3A%2F%2Fi.scdn.co%2Fimage%2Fab67706c0000da84471d2abf706d5af175242e5d&amp;key=2aa3c4d5f3de4f5b9120b660ad850dc9&amp;type=text%2Fhtml&amp;schema=spotify"" width=""456"" height=""352"" scrolling=""no"" title=""Spotify embed"" frameborder=""0"" allow=""autoplay; fullscreen; encrypted-media; picture-in-picture;"" allowfullscreen=""true""&gt;&lt;/iframe&gt;', 'version': '1.0', 'provider_name': 'Spotify', 'thumbnail_url': 'https://i.scdn.co/image/ab67706c0000da84471d2abf706d5af175242e5d', 'thumbnail_height': 300}}",False,https://open.spotify.com/playlist/7z8upKqxqY1c77UJyGgXSV?si=7aa6fe49c0c24854,,,
,spotify,"Spotify is my main listening platform and i love it, however i am a user who changes devices a lot during a day and expect stuff to just work, it all seemed to be fine untill a few months ago.

I started having the following issues that are ofputing enought that i have considered switching, im interested if any of you have had a similar experience.

I am UK based, using iphone and my car does not have car play, i just use a bluetooth connection. 

&amp;#x200B;

&amp;#x200B;

* Podcasts:
   *  When i leave the house listening to a podcast with my headphones form my phone, get in the car go to work, listening to the same podcast all along, when i arive and use my laptop to continue listening to the same podcast, Spotify has forgotten where i was and sometimes that i ever listen to the podcast.
   * I will be listening to a perticular podcast on my laptop, pause it go to my car and play spotify, it will sometimes just play a recently released podcast instead of the one i was listening to 5 minutes ago from my laptop, then when i manually go to the podcast i was listening to it will be a few minutes behind and its a massive pain to find where i was.
* Music:
   * When i am on my pc at home and listening to a playlist, then geton my phone and continue playing the same playlist, at the point of going in the car and conneting the bluetooth it seems to play stuff mostly at random, i think it might be trying to continue what i was listening to in the car the day prior, but...why???
* General:
   * I do my weekly shopping in a big store and when i enter it my data get a pretty weak, however if i enter the shop listening to something, it will play no problem, but if someone calls me while inside, or if i even open spotify it stops playing displaying an error, i can get over that one but then when i get out and enter my car with now strong mobile data, the same error keep being displayed only going away if i restart the app while i have strong data and sometimes if it was a podcast i had on, that won't start playing for a while.

&amp;#x200B;

Anyone else?

&amp;#x200B;

&amp;#x200B;",t2_1i2tr5e6,False,,0,False,Spotify is getting worse,[],r/spotify,False,6,question,0,,,False,,t3_19eh6tg,False,light,0.55,,1,0,{},,,False,[],,False,False,,{},Question / Discussion,False,1,,False,False,,False,,[],{},,,True,public,1706103210.0,text,6,,,text,self.spotify,True,"&lt;!-- SC_OFF --&gt;&lt;div class=""md""&gt;&lt;p&gt;Spotify is my main listening platform and i love it, however i am a user who changes devices a lot during a day and expect stuff to just work, it all seemed to be fine untill a few months ago.&lt;/p&gt;

&lt;p&gt;I started having the following issues that are ofputing enought that i have considered switching, im interested if any of you have had a similar experience.&lt;/p&gt;

&lt;p&gt;I am UK based, using iphone and my car does not have car play, i just use a bluetooth connection. &lt;/p&gt;

&lt;p&gt;&amp;#x200B;&lt;/p&gt;

&lt;p&gt;&amp;#x200B;&lt;/p&gt;

&lt;ul&gt;
&lt;li&gt;Podcasts:

&lt;ul&gt;
&lt;li&gt; When i leave the house listening to a podcast with my headphones form my phone, get in the car go to work, listening to the same podcast all along, when i arive and use my laptop to continue listening to the same podcast, Spotify has forgotten where i was and sometimes that i ever listen to the podcast.&lt;/li&gt;
&lt;li&gt;I will be listening to a perticular podcast on my laptop, pause it go to my car and play spotify, it will sometimes just play a recently released podcast instead of the one i was listening to 5 minutes ago from my laptop, then when i manually go to the podcast i was listening to it will be a few minutes behind and its a massive pain to find where i was.&lt;/li&gt;
&lt;/ul&gt;&lt;/li&gt;
&lt;li&gt;Music:

&lt;ul&gt;
&lt;li&gt;When i am on my pc at home and listening to a playlist, then geton my phone and continue playing the same playlist, at the point of going in the car and conneting the bluetooth it seems to play stuff mostly at random, i think it might be trying to continue what i was listening to in the car the day prior, but...why???&lt;/li&gt;
&lt;/ul&gt;&lt;/li&gt;
&lt;li&gt;General:

&lt;ul&gt;
&lt;li&gt;I do my weekly shopping in a big store and when i enter it my data get a pretty weak, however if i enter the shop listening to something, it will play no problem, but if someone calls me while inside, or if i even open spotify it stops playing displaying an error, i can get over that one but then when i get out and enter my car with now strong mobile data, the same error keep being displayed only going away if i restart the app while i have strong data and sometimes if it was a podcast i had on, that won&amp;#39;t start playing for a while.&lt;/li&gt;
&lt;/ul&gt;&lt;/li&gt;
&lt;/ul&gt;

&lt;p&gt;&amp;#x200B;&lt;/p&gt;

&lt;p&gt;Anyone else?&lt;/p&gt;

&lt;p&gt;&amp;#x200B;&lt;/p&gt;

&lt;p&gt;&amp;#x200B;&lt;/p&gt;
&lt;/div&gt;&lt;!-- SC_ON --&gt;",,,,,False,True,False,False,False,,[],[],False,58828680-99e4-11e9-9cfc-0e6137c47742,False,False,False,,[],False,,,,t5_2qofj,False,,,,#d3d6da,19eh6tg,True,,kol4o100,,5,True,all_ads,False,[],False,,/r/spotify/comments/19eh6tg/spotify_is_getting_worse/,all_ads,False,https://www.reddit.com/r/spotify/comments/19eh6tg/spotify_is_getting_worse/,1396768,1706103210.0,0,,False,,,,
,spotify,"I am currently trying to make a new gym playlist (playing over speakers - I work there).

My old ""go to"" playlist: [https://open.spotify.com/playlist/4mymAh5EHgeDUVPhIBRWuh?si=13058162898c40d8](https://open.spotify.com/playlist/4mymAh5EHgeDUVPhIBRWuh?si=13058162898c40d8)

The sole foundation for my playlist is Baddadan. I've been trying to find songs that have similar energy to it but it's very difficult. The song radio just doesn't do it for me. If you have playlists or specific songs for me to consider feel free to share them. Please try not to go into the clean bassy direction of my old playlist but more into the dirty feel of Baddadan.",t2_bvnkriw1,False,,0,False,Looking for songs similar to Chase &amp; Status's Baddadan,[],r/spotify,False,6,favors,0,,,False,,t3_19egwfm,False,dark,1.0,,1,0,{},,,False,[],,False,False,,{},[REQUEST] Playlists / Songs / Artists / Albums ,False,1,,False,False,,False,,[],{},,,True,public,1706102328.0,text,6,,,text,self.spotify,False,"&lt;!-- SC_OFF --&gt;&lt;div class=""md""&gt;&lt;p&gt;I am currently trying to make a new gym playlist (playing over speakers - I work there).&lt;/p&gt;

&lt;p&gt;My old &amp;quot;go to&amp;quot; playlist: &lt;a href=""https://open.spotify.com/playlist/4mymAh5EHgeDUVPhIBRWuh?si=13058162898c40d8""&gt;https://open.spotify.com/playlist/4mymAh5EHgeDUVPhIBRWuh?si=13058162898c40d8&lt;/a&gt;&lt;/p&gt;

&lt;p&gt;The sole foundation for my playlist is Baddadan. I&amp;#39;ve been trying to find songs that have similar energy to it but it&amp;#39;s very difficult. The song radio just doesn&amp;#39;t do it for me. If you have playlists or specific songs for me to consider feel free to share them. Please try not to go into the clean bassy direction of my old playlist but more into the dirty feel of Baddadan.&lt;/p&gt;
&lt;/div&gt;&lt;!-- SC_ON --&gt;",,,,,False,True,False,False,False,,[],[],False,b188c2f4-9a2e-11e9-9464-0e9d067aecce,False,False,False,,[],False,,,,t5_2qofj,False,,,,#94e044,19egwfm,True,,IHeiserI,,1,True,all_ads,False,[],False,,/r/spotify/comments/19egwfm/looking_for_songs_similar_to_chase_statuss/,all_ads,False,https://www.reddit.com/r/spotify/comments/19egwfm/looking_for_songs_similar_to_chase_statuss/,1396768,1706102328.0,0,,False,,,,
,spotify,,t2_93mgq0aow,False,,0,False,[REQUEST] Help me gather hip hop songs with a classical component (piano / violin)?,[],r/spotify,False,6,favors,0,,,False,,t3_19egqjx,False,dark,1.0,,1,0,"{'content': '&lt;iframe class=""embedly-embed"" src=""https://cdn.embedly.com/widgets/media.html?src=https%3A%2F%2Fopen.spotify.com%2Fembed%2Fplaylist%2F4CNVI4XNgjYeT8k0yZBmQ9%3Futm_source%3Doembed&amp;display_name=Spotify&amp;url=https%3A%2F%2Fopen.spotify.com%2Fplaylist%2F4CNVI4XNgjYeT8k0yZBmQ9&amp;image=https%3A%2F%2Fi.scdn.co%2Fimage%2Fab67616d00001e02df132d678e492c2f7e69a24b&amp;key=2aa3c4d5f3de4f5b9120b660ad850dc9&amp;type=text%2Fhtml&amp;schema=spotify"" width=""456"" height=""352"" scrolling=""no"" title=""Spotify embed"" frameborder=""0"" allow=""autoplay; fullscreen; encrypted-media; picture-in-picture;"" allowfullscreen=""true""&gt;&lt;/iframe&gt;', 'width': 456, 'scrolling': False, 'height': 352}",,,False,[],"{'type': 'open.spotify.com', 'oembed': {'provider_url': 'https://spotify.com', 'description': 'Classic Crossover · Playlist · 3 songs', 'title': 'Classic Crossover', 'type': 'rich', 'thumbnail_width': 300, 'height': 352, 'width': 456, 'html': '&lt;iframe class=""embedly-embed"" src=""https://cdn.embedly.com/widgets/media.html?src=https%3A%2F%2Fopen.spotify.com%2Fembed%2Fplaylist%2F4CNVI4XNgjYeT8k0yZBmQ9%3Futm_source%3Doembed&amp;display_name=Spotify&amp;url=https%3A%2F%2Fopen.spotify.com%2Fplaylist%2F4CNVI4XNgjYeT8k0yZBmQ9&amp;image=https%3A%2F%2Fi.scdn.co%2Fimage%2Fab67616d00001e02df132d678e492c2f7e69a24b&amp;key=2aa3c4d5f3de4f5b9120b660ad850dc9&amp;type=text%2Fhtml&amp;schema=spotify"" width=""456"" height=""352"" scrolling=""no"" title=""Spotify embed"" frameborder=""0"" allow=""autoplay; fullscreen; encrypted-media; picture-in-picture;"" allowfullscreen=""true""&gt;&lt;/iframe&gt;', 'version': '1.0', 'provider_name': 'Spotify', 'thumbnail_url': 'https://i.scdn.co/image/ab67616d00001e02df132d678e492c2f7e69a24b', 'thumbnail_height': 300}}",False,False,,"{'content': '&lt;iframe class=""embedly-embed"" src=""https://cdn.embedly.com/widgets/media.html?src=https%3A%2F%2Fopen.spotify.com%2Fembed%2Fplaylist%2F4CNVI4XNgjYeT8k0yZBmQ9%3Futm_source%3Doembed&amp;display_name=Spotify&amp;url=https%3A%2F%2Fopen.spotify.com%2Fplaylist%2F4CNVI4XNgjYeT8k0yZBmQ9&amp;image=https%3A%2F%2Fi.scdn.co%2Fimage%2Fab67616d00001e02df132d678e492c2f7e69a24b&amp;key=2aa3c4d5f3de4f5b9120b660ad850dc9&amp;type=text%2Fhtml&amp;schema=spotify"" width=""456"" height=""352"" scrolling=""no"" title=""Spotify embed"" frameborder=""0"" allow=""autoplay; fullscreen; encrypted-media; picture-in-picture;"" allowfullscreen=""true""&gt;&lt;/iframe&gt;', 'width': 456, 'scrolling': False, 'media_domain_url': 'https://www.redditmedia.com/mediaembed/19egqjx', 'height': 352}",[REQUEST] Playlists / Songs / Artists / Albums ,False,1,,False,False,,False,,[],{},,,False,public,1706101815.0,text,6,,,text,open.spotify.com,False,,,,,,False,True,False,False,False,,[],[],False,b188c2f4-9a2e-11e9-9464-0e9d067aecce,False,False,False,,[],False,,,,t5_2qofj,False,,,,#94e044,19egqjx,True,,react_server,,2,True,all_ads,False,[],False,,/r/spotify/comments/19egqjx/request_help_me_gather_hip_hop_songs_with_a/,all_ads,False,https://open.spotify.com/playlist/4CNVI4XNgjYeT8k0yZBmQ9,1396768,1706101815.0,0,"{'type': 'open.spotify.com', 'oembed': {'provider_url': 'https://spotify.com', 'description': 'Classic Crossover · Playlist · 3 songs', 'title': 'Classic Crossover', 'type': 'rich', 'thumbnail_width': 300, 'height': 352, 'width': 456, 'html': '&lt;iframe class=""embedly-embed"" src=""https://cdn.embedly.com/widgets/media.html?src=https%3A%2F%2Fopen.spotify.com%2Fembed%2Fplaylist%2F4CNVI4XNgjYeT8k0yZBmQ9%3Futm_source%3Doembed&amp;display_name=Spotify&amp;url=https%3A%2F%2Fopen.spotify.com%2Fplaylist%2F4CNVI4XNgjYeT8k0yZBmQ9&amp;image=https%3A%2F%2Fi.scdn.co%2Fimage%2Fab67616d00001e02df132d678e492c2f7e69a24b&amp;key=2aa3c4d5f3de4f5b9120b660ad850dc9&amp;type=text%2Fhtml&amp;schema=spotify"" width=""456"" height=""352"" scrolling=""no"" title=""Spotify embed"" frameborder=""0"" allow=""autoplay; fullscreen; encrypted-media; picture-in-picture;"" allowfullscreen=""true""&gt;&lt;/iframe&gt;', 'version': '1.0', 'provider_name': 'Spotify', 'thumbnail_url': 'https://i.scdn.co/image/ab67616d00001e02df132d678e492c2f7e69a24b', 'thumbnail_height': 300}}",False,https://open.spotify.com/playlist/4CNVI4XNgjYeT8k0yZBmQ9,,,
,spotify,,t2_clo086d71,False,,0,False,GUILTY PLEASURES🥂Undeniable Bops Everyone loves,[],r/spotify,False,6,,0,,,False,,t3_19egp95,False,dark,1.0,,1,0,"{'content': '&lt;iframe class=""embedly-embed"" src=""https://cdn.embedly.com/widgets/media.html?src=https%3A%2F%2Fopen.spotify.com%2Fembed%2Fplaylist%2F4wVcyJHgjY91knq1x2ZIPj%3Futm_source%3Doembed&amp;display_name=Spotify&amp;url=https%3A%2F%2Fopen.spotify.com%2Fplaylist%2F4wVcyJHgjY91knq1x2ZIPj&amp;image=https%3A%2F%2Fi.scdn.co%2Fimage%2Fab67706c0000da8458ea7e63cdbb9c4ffa4489af&amp;key=2aa3c4d5f3de4f5b9120b660ad850dc9&amp;type=text%2Fhtml&amp;schema=spotify"" width=""456"" height=""352"" scrolling=""no"" title=""Spotify embed"" frameborder=""0"" allow=""autoplay; fullscreen; encrypted-media; picture-in-picture;"" allowfullscreen=""true""&gt;&lt;/iframe&gt;', 'width': 456, 'scrolling': False, 'height': 352}",,,False,[],"{'type': 'open.spotify.com', 'oembed': {'provider_url': 'https://spotify.com', 'description': 'GUILTY PLEASURES · Playlist · 40 songs · 1 likes', 'title': 'GUILTY PLEASURES', 'type': 'rich', 'thumbnail_width': 300, 'height': 352, 'width': 456, 'html': '&lt;iframe class=""embedly-embed"" src=""https://cdn.embedly.com/widgets/media.html?src=https%3A%2F%2Fopen.spotify.com%2Fembed%2Fplaylist%2F4wVcyJHgjY91knq1x2ZIPj%3Futm_source%3Doembed&amp;display_name=Spotify&amp;url=https%3A%2F%2Fopen.spotify.com%2Fplaylist%2F4wVcyJHgjY91knq1x2ZIPj&amp;image=https%3A%2F%2Fi.scdn.co%2Fimage%2Fab67706c0000da8458ea7e63cdbb9c4ffa4489af&amp;key=2aa3c4d5f3de4f5b9120b660ad850dc9&amp;type=text%2Fhtml&amp;schema=spotify"" width=""456"" height=""352"" scrolling=""no"" title=""Spotify embed"" frameborder=""0"" allow=""autoplay; fullscreen; encrypted-media; picture-in-picture;"" allowfullscreen=""true""&gt;&lt;/iframe&gt;', 'version': '1.0', 'provider_name': 'Spotify', 'thumbnail_url': 'https://i.scdn.co/image/ab67706c0000da8458ea7e63cdbb9c4ffa4489af', 'thumbnail_height': 300}}",False,False,,"{'content': '&lt;iframe class=""embedly-embed"" src=""https://cdn.embedly.com/widgets/media.html?src=https%3A%2F%2Fopen.spotify.com%2Fembed%2Fplaylist%2F4wVcyJHgjY91knq1x2ZIPj%3Futm_source%3Doembed&amp;display_name=Spotify&amp;url=https%3A%2F%2Fopen.spotify.com%2Fplaylist%2F4wVcyJHgjY91knq1x2ZIPj&amp;image=https%3A%2F%2Fi.scdn.co%2Fimage%2Fab67706c0000da8458ea7e63cdbb9c4ffa4489af&amp;key=2aa3c4d5f3de4f5b9120b660ad850dc9&amp;type=text%2Fhtml&amp;schema=spotify"" width=""456"" height=""352"" scrolling=""no"" title=""Spotify embed"" frameborder=""0"" allow=""autoplay; fullscreen; encrypted-media; picture-in-picture;"" allowfullscreen=""true""&gt;&lt;/iframe&gt;', 'width': 456, 'scrolling': False, 'media_domain_url': 'https://www.redditmedia.com/mediaembed/19egp95', 'height': 352}",Playlist - Throwback/Flashback/Decades,False,1,,False,False,,False,,[],{},,,False,public,1706101702.0,text,6,,,text,open.spotify.com,False,,,,,,False,True,False,False,False,,[],[],False,8f93ff06-9fa5-11ea-8fd9-0e846d182559,False,False,False,,[],False,,,,t5_2qofj,False,,,,#ab672f,19egp95,True,,Musicman2487,,0,True,all_ads,False,[],False,,/r/spotify/comments/19egp95/guilty_pleasuresundeniable_bops_everyone_loves/,all_ads,False,https://open.spotify.com/playlist/4wVcyJHgjY91knq1x2ZIPj?si=tLq6auvVS1Ss7paREbhvPg,1396768,1706101702.0,0,"{'type': 'open.spotify.com', 'oembed': {'provider_url': 'https://spotify.com', 'description': 'GUILTY PLEASURES · Playlist · 40 songs · 1 likes', 'title': 'GUILTY PLEASURES', 'type': 'rich', 'thumbnail_width': 300, 'height': 352, 'width': 456, 'html': '&lt;iframe class=""embedly-embed"" src=""https://cdn.embedly.com/widgets/media.html?src=https%3A%2F%2Fopen.spotify.com%2Fembed%2Fplaylist%2F4wVcyJHgjY91knq1x2ZIPj%3Futm_source%3Doembed&amp;display_name=Spotify&amp;url=https%3A%2F%2Fopen.spotify.com%2Fplaylist%2F4wVcyJHgjY91knq1x2ZIPj&amp;image=https%3A%2F%2Fi.scdn.co%2Fimage%2Fab67706c0000da8458ea7e63cdbb9c4ffa4489af&amp;key=2aa3c4d5f3de4f5b9120b660ad850dc9&amp;type=text%2Fhtml&amp;schema=spotify"" width=""456"" height=""352"" scrolling=""no"" title=""Spotify embed"" frameborder=""0"" allow=""autoplay; fullscreen; encrypted-media; picture-in-picture;"" allowfullscreen=""true""&gt;&lt;/iframe&gt;', 'version': '1.0', 'provider_name': 'Spotify', 'thumbnail_url': 'https://i.scdn.co/image/ab67706c0000da8458ea7e63cdbb9c4ffa4489af', 'thumbnail_height': 300}}",False,https://open.spotify.com/playlist/4wVcyJHgjY91knq1x2ZIPj?si=tLq6auvVS1Ss7paREbhvPg,,,
,spotify,,t2_6tvk4zfbk,False,,0,False,"The angst, the Chucks, &amp; all that flannel courtesy of these 1990’s Grunge classics:",[],r/spotify,False,6,,0,,,False,,t3_19egfg1,False,dark,1.0,,1,0,"{'content': '&lt;iframe class=""embedly-embed"" src=""https://cdn.embedly.com/widgets/media.html?src=https%3A%2F%2Fopen.spotify.com%2Fembed%2Fplaylist%2F2nSp67A8GVs0JXBAMCmYqZ%3Fsi%3Dd12101c8a9be47c4%26utm_source%3Doembed&amp;display_name=Spotify&amp;url=http%3A%2F%2Fopen.spotify.com%2Fplaylist%2F2nSp67A8GVs0JXBAMCmYqZ%3Fsi%3Dd12101c8a9be47c4&amp;image=https%3A%2F%2Fi.scdn.co%2Fimage%2Fab67706c0000da84d2a98341076118af6151d9bc&amp;key=2aa3c4d5f3de4f5b9120b660ad850dc9&amp;type=text%2Fhtml&amp;schema=spotify"" width=""456"" height=""352"" scrolling=""no"" title=""Spotify embed"" frameborder=""0"" allow=""autoplay; fullscreen; encrypted-media; picture-in-picture;"" allowfullscreen=""true""&gt;&lt;/iframe&gt;', 'width': 456, 'scrolling': False, 'height': 352}",,,False,[],"{'type': 'open.spotify.com', 'oembed': {'provider_url': 'https://spotify.com', 'version': '1.0', 'title': ""90's Alternative"", 'thumbnail_width': 300, 'height': 352, 'width': 456, 'html': '&lt;iframe class=""embedly-embed"" src=""https://cdn.embedly.com/widgets/media.html?src=https%3A%2F%2Fopen.spotify.com%2Fembed%2Fplaylist%2F2nSp67A8GVs0JXBAMCmYqZ%3Fsi%3Dd12101c8a9be47c4%26utm_source%3Doembed&amp;display_name=Spotify&amp;url=http%3A%2F%2Fopen.spotify.com%2Fplaylist%2F2nSp67A8GVs0JXBAMCmYqZ%3Fsi%3Dd12101c8a9be47c4&amp;image=https%3A%2F%2Fi.scdn.co%2Fimage%2Fab67706c0000da84d2a98341076118af6151d9bc&amp;key=2aa3c4d5f3de4f5b9120b660ad850dc9&amp;type=text%2Fhtml&amp;schema=spotify"" width=""456"" height=""352"" scrolling=""no"" title=""Spotify embed"" frameborder=""0"" allow=""autoplay; fullscreen; encrypted-media; picture-in-picture;"" allowfullscreen=""true""&gt;&lt;/iframe&gt;', 'provider_name': 'Spotify', 'thumbnail_url': 'https://i.scdn.co/image/ab67706c0000da84d2a98341076118af6151d9bc', 'type': 'rich', 'thumbnail_height': 300}}",False,False,,"{'content': '&lt;iframe class=""embedly-embed"" src=""https://cdn.embedly.com/widgets/media.html?src=https%3A%2F%2Fopen.spotify.com%2Fembed%2Fplaylist%2F2nSp67A8GVs0JXBAMCmYqZ%3Fsi%3Dd12101c8a9be47c4%26utm_source%3Doembed&amp;display_name=Spotify&amp;url=http%3A%2F%2Fopen.spotify.com%2Fplaylist%2F2nSp67A8GVs0JXBAMCmYqZ%3Fsi%3Dd12101c8a9be47c4&amp;image=https%3A%2F%2Fi.scdn.co%2Fimage%2Fab67706c0000da84d2a98341076118af6151d9bc&amp;key=2aa3c4d5f3de4f5b9120b660ad850dc9&amp;type=text%2Fhtml&amp;schema=spotify"" width=""456"" height=""352"" scrolling=""no"" title=""Spotify embed"" frameborder=""0"" allow=""autoplay; fullscreen; encrypted-media; picture-in-picture;"" allowfullscreen=""true""&gt;&lt;/iframe&gt;', 'width': 456, 'scrolling': False, 'media_domain_url': 'https://www.redditmedia.com/mediaembed/19egfg1', 'height': 352}",Playlist - Rock/Metal/Indie/Alt,False,1,,False,False,,False,,[],{},,,False,public,1706100858.0,text,6,,,text,open.spotify.com,False,,,,,,False,True,False,False,False,,[],[],False,d0dbfc3e-9fa0-11ea-9b6c-0e248f77e35b,False,False,False,,[],False,,,,t5_2qofj,False,,,,#fb8f1b,19egfg1,True,,cgraygo,,0,True,all_ads,False,[],False,,/r/spotify/comments/19egfg1/the_angst_the_chucks_all_that_flannel_courtesy_of/,all_ads,False,https://open.spotify.com/playlist/2nSp67A8GVs0JXBAMCmYqZ?si=d12101c8a9be47c4,1396768,1706100858.0,0,"{'type': 'open.spotify.com', 'oembed': {'provider_url': 'https://spotify.com', 'version': '1.0', 'title': ""90's Alternative"", 'thumbnail_width': 300, 'height': 352, 'width': 456, 'html': '&lt;iframe class=""embedly-embed"" src=""https://cdn.embedly.com/widgets/media.html?src=https%3A%2F%2Fopen.spotify.com%2Fembed%2Fplaylist%2F2nSp67A8GVs0JXBAMCmYqZ%3Fsi%3Dd12101c8a9be47c4%26utm_source%3Doembed&amp;display_name=Spotify&amp;url=http%3A%2F%2Fopen.spotify.com%2Fplaylist%2F2nSp67A8GVs0JXBAMCmYqZ%3Fsi%3Dd12101c8a9be47c4&amp;image=https%3A%2F%2Fi.scdn.co%2Fimage%2Fab67706c0000da84d2a98341076118af6151d9bc&amp;key=2aa3c4d5f3de4f5b9120b660ad850dc9&amp;type=text%2Fhtml&amp;schema=spotify"" width=""456"" height=""352"" scrolling=""no"" title=""Spotify embed"" frameborder=""0"" allow=""autoplay; fullscreen; encrypted-media; picture-in-picture;"" allowfullscreen=""true""&gt;&lt;/iframe&gt;', 'provider_name': 'Spotify', 'thumbnail_url': 'https://i.scdn.co/image/ab67706c0000da84d2a98341076118af6151d9bc', 'type': 'rich', 'thumbnail_height': 300}}",False,https://open.spotify.com/playlist/2nSp67A8GVs0JXBAMCmYqZ?si=d12101c8a9be47c4,,,
,spotify,,t2_5lvkzi07,False,,0,False,"Broken &amp; Breaks Techno (Broken, Breakbeat, deconstructed Techno)",[],r/spotify,False,6,,0,,,False,,t3_19ea6pg,False,dark,1.0,,3,0,"{'content': '&lt;iframe class=""embedly-embed"" src=""https://cdn.embedly.com/widgets/media.html?src=https%3A%2F%2Fopen.spotify.com%2Fembed%2Fplaylist%2F2Gc1yyiaBPHA01wzMijrEr%3Futm_source%3Doembed&amp;display_name=Spotify&amp;url=https%3A%2F%2Fopen.spotify.com%2Fplaylist%2F2Gc1yyiaBPHA01wzMijrEr&amp;image=https%3A%2F%2Fi.scdn.co%2Fimage%2Fab67706c0000da84f3c2b85cea7a78c31b238680&amp;key=ed8fa8699ce04833838e66ce79ba05f1&amp;type=text%2Fhtml&amp;schema=spotify"" width=""456"" height=""352"" scrolling=""no"" title=""Spotify embed"" frameborder=""0"" allow=""autoplay; fullscreen; encrypted-media; picture-in-picture;"" allowfullscreen=""true""&gt;&lt;/iframe&gt;', 'width': 456, 'scrolling': False, 'height': 352}",,,False,[],"{'type': 'open.spotify.com', 'oembed': {'provider_url': 'https://spotify.com', 'description': 'Broken &amp; Breaks Techno · Playlist · 673 songs · 217 likes', 'title': 'Broken &amp; Breaks Techno', 'type': 'rich', 'thumbnail_width': 300, 'height': 352, 'width': 456, 'html': '&lt;iframe class=""embedly-embed"" src=""https://cdn.embedly.com/widgets/media.html?src=https%3A%2F%2Fopen.spotify.com%2Fembed%2Fplaylist%2F2Gc1yyiaBPHA01wzMijrEr%3Futm_source%3Doembed&amp;display_name=Spotify&amp;url=https%3A%2F%2Fopen.spotify.com%2Fplaylist%2F2Gc1yyiaBPHA01wzMijrEr&amp;image=https%3A%2F%2Fi.scdn.co%2Fimage%2Fab67706c0000da84f3c2b85cea7a78c31b238680&amp;key=ed8fa8699ce04833838e66ce79ba05f1&amp;type=text%2Fhtml&amp;schema=spotify"" width=""456"" height=""352"" scrolling=""no"" title=""Spotify embed"" frameborder=""0"" allow=""autoplay; fullscreen; encrypted-media; picture-in-picture;"" allowfullscreen=""true""&gt;&lt;/iframe&gt;', 'version': '1.0', 'provider_name': 'Spotify', 'thumbnail_url': 'https://i.scdn.co/image/ab67706c0000da84f3c2b85cea7a78c31b238680', 'thumbnail_height': 300}}",False,False,,"{'content': '&lt;iframe class=""embedly-embed"" src=""https://cdn.embedly.com/widgets/media.html?src=https%3A%2F%2Fopen.spotify.com%2Fembed%2Fplaylist%2F2Gc1yyiaBPHA01wzMijrEr%3Futm_source%3Doembed&amp;display_name=Spotify&amp;url=https%3A%2F%2Fopen.spotify.com%2Fplaylist%2F2Gc1yyiaBPHA01wzMijrEr&amp;image=https%3A%2F%2Fi.scdn.co%2Fimage%2Fab67706c0000da84f3c2b85cea7a78c31b238680&amp;key=ed8fa8699ce04833838e66ce79ba05f1&amp;type=text%2Fhtml&amp;schema=spotify"" width=""456"" height=""352"" scrolling=""no"" title=""Spotify embed"" frameborder=""0"" allow=""autoplay; fullscreen; encrypted-media; picture-in-picture;"" allowfullscreen=""true""&gt;&lt;/iframe&gt;', 'width': 456, 'scrolling': False, 'media_domain_url': 'https://www.redditmedia.com/mediaembed/19ea6pg', 'height': 352}",Playlist - Electronic / EDM / Dance,False,3,,False,False,,False,,[],{},,,False,public,1706075976.0,text,6,,,text,open.spotify.com,False,,,,,,False,False,False,False,False,,[],[],False,0cbd2a8e-9fa1-11ea-8e59-0e59b1c879f3,False,False,False,,[],False,,,,t5_2qofj,False,,,,#7193ff,19ea6pg,True,,beampjotr,,0,True,all_ads,False,[],False,,/r/spotify/comments/19ea6pg/broken_breaks_techno_broken_breakbeat/,all_ads,False,https://open.spotify.com/playlist/2Gc1yyiaBPHA01wzMijrEr?si=L93h0MoiRKCwlT00eHlweQ,1396768,1706075976.0,0,"{'type': 'open.spotify.com', 'oembed': {'provider_url': 'https://spotify.com', 'description': 'Broken &amp; Breaks Techno · Playlist · 673 songs · 217 likes', 'title': 'Broken &amp; Breaks Techno', 'type': 'rich', 'thumbnail_width': 300, 'height': 352, 'width': 456, 'html': '&lt;iframe class=""embedly-embed"" src=""https://cdn.embedly.com/widgets/media.html?src=https%3A%2F%2Fopen.spotify.com%2Fembed%2Fplaylist%2F2Gc1yyiaBPHA01wzMijrEr%3Futm_source%3Doembed&amp;display_name=Spotify&amp;url=https%3A%2F%2Fopen.spotify.com%2Fplaylist%2F2Gc1yyiaBPHA01wzMijrEr&amp;image=https%3A%2F%2Fi.scdn.co%2Fimage%2Fab67706c0000da84f3c2b85cea7a78c31b238680&amp;key=ed8fa8699ce04833838e66ce79ba05f1&amp;type=text%2Fhtml&amp;schema=spotify"" width=""456"" height=""352"" scrolling=""no"" title=""Spotify embed"" frameborder=""0"" allow=""autoplay; fullscreen; encrypted-media; picture-in-picture;"" allowfullscreen=""true""&gt;&lt;/iframe&gt;', 'version': '1.0', 'provider_name': 'Spotify', 'thumbnail_url': 'https://i.scdn.co/image/ab67706c0000da84f3c2b85cea7a78c31b238680', 'thumbnail_height': 300}}",False,https://open.spotify.com/playlist/2Gc1yyiaBPHA01wzMijrEr?si=L93h0MoiRKCwlT00eHlweQ,,,
,spotify,"[Oh! Sweet Nuthin](https://open.spotify.com/track/2FDb4BUchzPoHccUIg9PAk?si=2wGL0-CmRMGb6VReOXvn5Q)

Looking for songs with a similar vibe? 

I like the tangy, almost country guitar in this a lot. I also like that even though it’s a slower song, it feels upbeat/motivating and not sad. I also really enjoy how it feels very musically creative, especially when he sings off beat

Spotify song radios have been kind of sucking lately so reaching out to the people. Thanks in advance!",t2_nggczmnu,False,,0,False,Songs similar to this?,[],r/spotify,False,6,favors,0,,,False,,t3_19dx2mj,False,dark,0.95,,15,0,{},,,False,[],,False,False,,{},[REQUEST] Playlists / Songs / Artists / Albums ,False,15,,False,False,,False,,[],{},,,True,public,1706039159.0,text,6,,,text,self.spotify,False,"&lt;!-- SC_OFF --&gt;&lt;div class=""md""&gt;&lt;p&gt;&lt;a href=""https://open.spotify.com/track/2FDb4BUchzPoHccUIg9PAk?si=2wGL0-CmRMGb6VReOXvn5Q""&gt;Oh! Sweet Nuthin&lt;/a&gt;&lt;/p&gt;

&lt;p&gt;Looking for songs with a similar vibe? &lt;/p&gt;

&lt;p&gt;I like the tangy, almost country guitar in this a lot. I also like that even though it’s a slower song, it feels upbeat/motivating and not sad. I also really enjoy how it feels very musically creative, especially when he sings off beat&lt;/p&gt;

&lt;p&gt;Spotify song radios have been kind of sucking lately so reaching out to the people. Thanks in advance!&lt;/p&gt;
&lt;/div&gt;&lt;!-- SC_ON --&gt;",,,,,False,False,False,False,False,,[],[],False,b188c2f4-9a2e-11e9-9464-0e9d067aecce,False,False,False,,[],False,,,,t5_2qofj,False,,,,#94e044,19dx2mj,True,,Loyal_Toast,,10,True,all_ads,False,[],False,,/r/spotify/comments/19dx2mj/songs_similar_to_this/,all_ads,False,https://www.reddit.com/r/spotify/comments/19dx2mj/songs_similar_to_this/,1396768,1706039159.0,0,,False,,,,
,spotify,"Hello Spotify Community,

I've been a loyal Spotify user for over five years and have recently encountered a challenge that I'm hoping this community might help me address. Over the past couple of years, I've noticed a trend in my listening experience that's becoming increasingly frustrating. It seems that Spotify's algorithm, which initially introduced me to a diverse range of music, has now settled into a pattern of feeding me a very limited selection of about 100-300 songs. These tracks, while initially enjoyable, have become overly repetitive to the point of inducing a sense of nausea every time I hear them.

The issue extends to the auto-continue feature on playlists, where I often find these same songs recurring, even in playlists that are not aligned with their genre. This repetition has unfortunately led to a situation where songs I once loved are now losing their appeal due to overexposure.

I'm reaching out to this community for two reasons: firstly, to see if anyone else has experienced similar issues with their Spotify playlists, and secondly, to seek advice on how to overcome this challenge. Are there settings or methods within Spotify that I might not be aware of that could help diversify my listening experience? Any suggestions or insights would be greatly appreciated.

Looking forward to your thoughts and advice!",t2_wygkd,False,,0,False,Seeking Advice: Overcoming Repetitive Playlists on Spotify,[],r/spotify,False,6,question,0,,,False,,t3_19ee71d,False,light,1.0,,1,0,{},,,False,[],,False,False,,{},Question / Discussion,False,1,,False,False,,False,,[],{},,,True,public,1706092685.0,text,6,,,text,self.spotify,False,"&lt;!-- SC_OFF --&gt;&lt;div class=""md""&gt;&lt;p&gt;Hello Spotify Community,&lt;/p&gt;

&lt;p&gt;I&amp;#39;ve been a loyal Spotify user for over five years and have recently encountered a challenge that I&amp;#39;m hoping this community might help me address. Over the past couple of years, I&amp;#39;ve noticed a trend in my listening experience that&amp;#39;s becoming increasingly frustrating. It seems that Spotify&amp;#39;s algorithm, which initially introduced me to a diverse range of music, has now settled into a pattern of feeding me a very limited selection of about 100-300 songs. These tracks, while initially enjoyable, have become overly repetitive to the point of inducing a sense of nausea every time I hear them.&lt;/p&gt;

&lt;p&gt;The issue extends to the auto-continue feature on playlists, where I often find these same songs recurring, even in playlists that are not aligned with their genre. This repetition has unfortunately led to a situation where songs I once loved are now losing their appeal due to overexposure.&lt;/p&gt;

&lt;p&gt;I&amp;#39;m reaching out to this community for two reasons: firstly, to see if anyone else has experienced similar issues with their Spotify playlists, and secondly, to seek advice on how to overcome this challenge. Are there settings or methods within Spotify that I might not be aware of that could help diversify my listening experience? Any suggestions or insights would be greatly appreciated.&lt;/p&gt;

&lt;p&gt;Looking forward to your thoughts and advice!&lt;/p&gt;
&lt;/div&gt;&lt;!-- SC_ON --&gt;",,,,,False,True,False,False,False,,[],[],False,58828680-99e4-11e9-9cfc-0e6137c47742,False,False,False,,[],False,,,,t5_2qofj,False,,,,#d3d6da,19ee71d,True,,MaxAvatar,,0,True,all_ads,False,[],False,,/r/spotify/comments/19ee71d/seeking_advice_overcoming_repetitive_playlists_on/,all_ads,False,https://www.reddit.com/r/spotify/comments/19ee71d/seeking_advice_overcoming_repetitive_playlists_on/,1396768,1706092685.0,0,,False,,,,
,spotify,,t2_a4ecsbya,False,,0,False,"All That Rocks, now up to 1700+ songs and growing. Try to find a bigger rock list.",[],r/spotify,False,6,,0,,,False,,t3_19ee0gh,False,dark,1.0,,1,0,"{'content': '&lt;iframe class=""embedly-embed"" src=""https://cdn.embedly.com/widgets/media.html?src=https%3A%2F%2Fopen.spotify.com%2Fembed%2Fplaylist%2F0PhPG1orBF6PAcSrdC6i7X%3Futm_source%3Doembed&amp;display_name=Spotify&amp;url=https%3A%2F%2Fopen.spotify.com%2Fplaylist%2F0PhPG1orBF6PAcSrdC6i7X&amp;image=https%3A%2F%2Fmosaic.scdn.co%2F300%2Fab67616d00001e0260bfef50fea806401d24eed2ab67616d00001e02747dcd0ff05d616925c73d0dab67616d00001e027a3d77a6bd0814a5998f7749ab67616d00001e02c418220159462cdd7cfeb9a1&amp;key=2aa3c4d5f3de4f5b9120b660ad850dc9&amp;type=text%2Fhtml&amp;schema=spotify"" width=""456"" height=""352"" scrolling=""no"" title=""Spotify embed"" frameborder=""0"" allow=""autoplay; fullscreen; encrypted-media; picture-in-picture;"" allowfullscreen=""true""&gt;&lt;/iframe&gt;', 'width': 456, 'scrolling': False, 'height': 352}",,,False,[],"{'type': 'open.spotify.com', 'oembed': {'provider_url': 'https://spotify.com', 'description': 'All That Rocks · Playlist · 1723 songs · 16 likes', 'title': 'All That Rocks', 'type': 'rich', 'thumbnail_width': 300, 'height': 352, 'width': 456, 'html': '&lt;iframe class=""embedly-embed"" src=""https://cdn.embedly.com/widgets/media.html?src=https%3A%2F%2Fopen.spotify.com%2Fembed%2Fplaylist%2F0PhPG1orBF6PAcSrdC6i7X%3Futm_source%3Doembed&amp;display_name=Spotify&amp;url=https%3A%2F%2Fopen.spotify.com%2Fplaylist%2F0PhPG1orBF6PAcSrdC6i7X&amp;image=https%3A%2F%2Fmosaic.scdn.co%2F300%2Fab67616d00001e0260bfef50fea806401d24eed2ab67616d00001e02747dcd0ff05d616925c73d0dab67616d00001e027a3d77a6bd0814a5998f7749ab67616d00001e02c418220159462cdd7cfeb9a1&amp;key=2aa3c4d5f3de4f5b9120b660ad850dc9&amp;type=text%2Fhtml&amp;schema=spotify"" width=""456"" height=""352"" scrolling=""no"" title=""Spotify embed"" frameborder=""0"" allow=""autoplay; fullscreen; encrypted-media; picture-in-picture;"" allowfullscreen=""true""&gt;&lt;/iframe&gt;', 'version': '1.0', 'provider_name': 'Spotify', 'thumbnail_url': 'https://mosaic.scdn.co/300/ab67616d00001e0260bfef50fea806401d24eed2ab67616d00001e02747dcd0ff05d616925c73d0dab67616d00001e027a3d77a6bd0814a5998f7749ab67616d00001e02c418220159462cdd7cfeb9a1', 'thumbnail_height': 300}}",False,False,,"{'content': '&lt;iframe class=""embedly-embed"" src=""https://cdn.embedly.com/widgets/media.html?src=https%3A%2F%2Fopen.spotify.com%2Fembed%2Fplaylist%2F0PhPG1orBF6PAcSrdC6i7X%3Futm_source%3Doembed&amp;display_name=Spotify&amp;url=https%3A%2F%2Fopen.spotify.com%2Fplaylist%2F0PhPG1orBF6PAcSrdC6i7X&amp;image=https%3A%2F%2Fmosaic.scdn.co%2F300%2Fab67616d00001e0260bfef50fea806401d24eed2ab67616d00001e02747dcd0ff05d616925c73d0dab67616d00001e027a3d77a6bd0814a5998f7749ab67616d00001e02c418220159462cdd7cfeb9a1&amp;key=2aa3c4d5f3de4f5b9120b660ad850dc9&amp;type=text%2Fhtml&amp;schema=spotify"" width=""456"" height=""352"" scrolling=""no"" title=""Spotify embed"" frameborder=""0"" allow=""autoplay; fullscreen; encrypted-media; picture-in-picture;"" allowfullscreen=""true""&gt;&lt;/iframe&gt;', 'width': 456, 'scrolling': False, 'media_domain_url': 'https://www.redditmedia.com/mediaembed/19ee0gh', 'height': 352}",Playlist - Rock/Metal/Indie/Alt,False,1,,False,False,,False,,[],{},,,False,public,1706091948.0,text,6,,,text,open.spotify.com,False,,,,,,False,True,False,False,False,,[],[],False,d0dbfc3e-9fa0-11ea-9b6c-0e248f77e35b,False,False,False,,[],False,,,,t5_2qofj,False,,,,#fb8f1b,19ee0gh,True,,Purposeful_traveler,,1,True,all_ads,False,[],False,,/r/spotify/comments/19ee0gh/all_that_rocks_now_up_to_1700_songs_and_growing/,all_ads,False,https://open.spotify.com/playlist/0PhPG1orBF6PAcSrdC6i7X?si=WegLlpkfQhKvO_hjII_XPg,1396768,1706091948.0,0,"{'type': 'open.spotify.com', 'oembed': {'provider_url': 'https://spotify.com', 'description': 'All That Rocks · Playlist · 1723 songs · 16 likes', 'title': 'All That Rocks', 'type': 'rich', 'thumbnail_width': 300, 'height': 352, 'width': 456, 'html': '&lt;iframe class=""embedly-embed"" src=""https://cdn.embedly.com/widgets/media.html?src=https%3A%2F%2Fopen.spotify.com%2Fembed%2Fplaylist%2F0PhPG1orBF6PAcSrdC6i7X%3Futm_source%3Doembed&amp;display_name=Spotify&amp;url=https%3A%2F%2Fopen.spotify.com%2Fplaylist%2F0PhPG1orBF6PAcSrdC6i7X&amp;image=https%3A%2F%2Fmosaic.scdn.co%2F300%2Fab67616d00001e0260bfef50fea806401d24eed2ab67616d00001e02747dcd0ff05d616925c73d0dab67616d00001e027a3d77a6bd0814a5998f7749ab67616d00001e02c418220159462cdd7cfeb9a1&amp;key=2aa3c4d5f3de4f5b9120b660ad850dc9&amp;type=text%2Fhtml&amp;schema=spotify"" width=""456"" height=""352"" scrolling=""no"" title=""Spotify embed"" frameborder=""0"" allow=""autoplay; fullscreen; encrypted-media; picture-in-picture;"" allowfullscreen=""true""&gt;&lt;/iframe&gt;', 'version': '1.0', 'provider_name': 'Spotify', 'thumbnail_url': 'https://mosaic.scdn.co/300/ab67616d00001e0260bfef50fea806401d24eed2ab67616d00001e02747dcd0ff05d616925c73d0dab67616d00001e027a3d77a6bd0814a5998f7749ab67616d00001e02c418220159462cdd7cfeb9a1', 'thumbnail_height': 300}}",False,https://open.spotify.com/playlist/0PhPG1orBF6PAcSrdC6i7X?si=WegLlpkfQhKvO_hjII_XPg,,,
,spotify,"So I published a [full breakdown](https://growthmail.substack.com/p/spotifys-emotion-led-ux-growthmail10) of how Spotify planned and executed the 2023 Wrapped this year. 

I got plenty of folks telling me ""oh well, because I have kids my wrapped sucked!"".

So.. what if Spotify did this?

I gather there are many parents for whom this could be a nice addition + it will  make it clear for Spotify how to categorize the session and provide better recommendations over all.

So, what do you think?

&amp;#x200B;

[Adding a Kids Time tab to Spotify's collections](https://preview.redd.it/g1kis7ivx8ec1.png?width=1212&amp;format=png&amp;auto=webp&amp;s=962151fbc63d87ad23c5a16e4ddb14b077c8e1e7)",t2_6l7e9m,False,,0,False,Your 2023 Wrapped got screwed? Spotify could have figured it out,[],r/spotify,False,6,question,0,,,False,"{'g1kis7ivx8ec1': {'status': 'valid', 'e': 'Image', 'm': 'image/png', 'p': [{'y': 112, 'x': 108, 'u': 'https://preview.redd.it/g1kis7ivx8ec1.png?width=108&amp;crop=smart&amp;auto=webp&amp;s=81809023fbfbb319be604e1e3eb56e899f49feff'}, {'y': 225, 'x': 216, 'u': 'https://preview.redd.it/g1kis7ivx8ec1.png?width=216&amp;crop=smart&amp;auto=webp&amp;s=1ee5ad480ee2989f2f16926289294ed5b956b9d5'}, {'y': 334, 'x': 320, 'u': 'https://preview.redd.it/g1kis7ivx8ec1.png?width=320&amp;crop=smart&amp;auto=webp&amp;s=b6b7a4cd372e9e4350eeced63efb687a10102934'}, {'y': 669, 'x': 640, 'u': 'https://preview.redd.it/g1kis7ivx8ec1.png?width=640&amp;crop=smart&amp;auto=webp&amp;s=45098ff5fc77a9af9f8c11cdf113fbe9135ed2f1'}, {'y': 1003, 'x': 960, 'u': 'https://preview.redd.it/g1kis7ivx8ec1.png?width=960&amp;crop=smart&amp;auto=webp&amp;s=4f3cbe4fa3713318374d90dfced1e59840daccaa'}, {'y': 1129, 'x': 1080, 'u': 'https://preview.redd.it/g1kis7ivx8ec1.png?width=1080&amp;crop=smart&amp;auto=webp&amp;s=b9a56aa3e17d13430d919aab0213ae840d5da72a'}], 's': {'y': 1267, 'x': 1212, 'u': 'https://preview.redd.it/g1kis7ivx8ec1.png?width=1212&amp;format=png&amp;auto=webp&amp;s=962151fbc63d87ad23c5a16e4ddb14b077c8e1e7'}, 'id': 'g1kis7ivx8ec1'}}",t3_19dxnj6,False,light,0.68,,11,0,{},,,False,[],,False,False,,{},Question / Discussion,False,11,,False,False,,False,,[],{},,,True,public,1706040609.0,text,6,,,text,self.spotify,False,"&lt;!-- SC_OFF --&gt;&lt;div class=""md""&gt;&lt;p&gt;So I published a &lt;a href=""https://growthmail.substack.com/p/spotifys-emotion-led-ux-growthmail10""&gt;full breakdown&lt;/a&gt; of how Spotify planned and executed the 2023 Wrapped this year. &lt;/p&gt;

&lt;p&gt;I got plenty of folks telling me &amp;quot;oh well, because I have kids my wrapped sucked!&amp;quot;.&lt;/p&gt;

&lt;p&gt;So.. what if Spotify did this?&lt;/p&gt;

&lt;p&gt;I gather there are many parents for whom this could be a nice addition + it will  make it clear for Spotify how to categorize the session and provide better recommendations over all.&lt;/p&gt;

&lt;p&gt;So, what do you think?&lt;/p&gt;

&lt;p&gt;&amp;#x200B;&lt;/p&gt;

&lt;p&gt;&lt;a href=""https://preview.redd.it/g1kis7ivx8ec1.png?width=1212&amp;amp;format=png&amp;amp;auto=webp&amp;amp;s=962151fbc63d87ad23c5a16e4ddb14b077c8e1e7""&gt;Adding a Kids Time tab to Spotify&amp;#39;s collections&lt;/a&gt;&lt;/p&gt;
&lt;/div&gt;&lt;!-- SC_ON --&gt;",,,,,False,True,False,False,False,,[],[],False,58828680-99e4-11e9-9cfc-0e6137c47742,False,False,False,,[],False,,,,t5_2qofj,False,,,,#d3d6da,19dxnj6,True,,oba2311,,11,True,all_ads,False,[],False,,/r/spotify/comments/19dxnj6/your_2023_wrapped_got_screwed_spotify_could_have/,all_ads,False,https://www.reddit.com/r/spotify/comments/19dxnj6/your_2023_wrapped_got_screwed_spotify_could_have/,1396768,1706040609.0,1,,False,,,,
,spotify,A Collection of Some of the Greatest Funk Music of all Time! Enjoy!,t2_9agqqtah,False,,0,False,Funky Music! (Play that Funky Music Right…),[],r/spotify,False,6,,0,,,False,,t3_19ea0hr,False,dark,1.0,,2,0,"{'content': '&lt;iframe class=""embedly-embed"" src=""https://cdn.embedly.com/widgets/media.html?src=https%3A%2F%2Fopen.spotify.com%2Fembed%2Fplaylist%2F7LZSz9j7ZFUuMR0JmjylNN%3Futm_source%3Doembed&amp;display_name=Spotify&amp;url=https%3A%2F%2Fopen.spotify.com%2Fplaylist%2F7LZSz9j7ZFUuMR0JmjylNN&amp;image=https%3A%2F%2Fmosaic.scdn.co%2F300%2Fab67616d00001e024b3787e954c118353100783cab67616d00001e0257b9caec6f92ab2e42816a68ab67616d00001e02a14b08b9a6616e121df5e8b0ab67616d00001e02d419ed4f1e89669ce14bd369&amp;key=2aa3c4d5f3de4f5b9120b660ad850dc9&amp;type=text%2Fhtml&amp;schema=spotify"" width=""456"" height=""352"" scrolling=""no"" title=""Spotify embed"" frameborder=""0"" allow=""autoplay; fullscreen; encrypted-media; picture-in-picture;"" allowfullscreen=""true""&gt;&lt;/iframe&gt;', 'width': 456, 'scrolling': False, 'height': 352}",,,False,[],"{'type': 'open.spotify.com', 'oembed': {'provider_url': 'https://spotify.com', 'description': 'Funky Music!! · Playlist · 70 songs · 10 likes', 'title': 'Funky Music!!', 'type': 'rich', 'thumbnail_width': 300, 'height': 352, 'width': 456, 'html': '&lt;iframe class=""embedly-embed"" src=""https://cdn.embedly.com/widgets/media.html?src=https%3A%2F%2Fopen.spotify.com%2Fembed%2Fplaylist%2F7LZSz9j7ZFUuMR0JmjylNN%3Futm_source%3Doembed&amp;display_name=Spotify&amp;url=https%3A%2F%2Fopen.spotify.com%2Fplaylist%2F7LZSz9j7ZFUuMR0JmjylNN&amp;image=https%3A%2F%2Fmosaic.scdn.co%2F300%2Fab67616d00001e024b3787e954c118353100783cab67616d00001e0257b9caec6f92ab2e42816a68ab67616d00001e02a14b08b9a6616e121df5e8b0ab67616d00001e02d419ed4f1e89669ce14bd369&amp;key=2aa3c4d5f3de4f5b9120b660ad850dc9&amp;type=text%2Fhtml&amp;schema=spotify"" width=""456"" height=""352"" scrolling=""no"" title=""Spotify embed"" frameborder=""0"" allow=""autoplay; fullscreen; encrypted-media; picture-in-picture;"" allowfullscreen=""true""&gt;&lt;/iframe&gt;', 'version': '1.0', 'provider_name': 'Spotify', 'thumbnail_url': 'https://mosaic.scdn.co/300/ab67616d00001e024b3787e954c118353100783cab67616d00001e0257b9caec6f92ab2e42816a68ab67616d00001e02a14b08b9a6616e121df5e8b0ab67616d00001e02d419ed4f1e89669ce14bd369', 'thumbnail_height': 300}}",False,False,,"{'content': '&lt;iframe class=""embedly-embed"" src=""https://cdn.embedly.com/widgets/media.html?src=https%3A%2F%2Fopen.spotify.com%2Fembed%2Fplaylist%2F7LZSz9j7ZFUuMR0JmjylNN%3Futm_source%3Doembed&amp;display_name=Spotify&amp;url=https%3A%2F%2Fopen.spotify.com%2Fplaylist%2F7LZSz9j7ZFUuMR0JmjylNN&amp;image=https%3A%2F%2Fmosaic.scdn.co%2F300%2Fab67616d00001e024b3787e954c118353100783cab67616d00001e0257b9caec6f92ab2e42816a68ab67616d00001e02a14b08b9a6616e121df5e8b0ab67616d00001e02d419ed4f1e89669ce14bd369&amp;key=2aa3c4d5f3de4f5b9120b660ad850dc9&amp;type=text%2Fhtml&amp;schema=spotify"" width=""456"" height=""352"" scrolling=""no"" title=""Spotify embed"" frameborder=""0"" allow=""autoplay; fullscreen; encrypted-media; picture-in-picture;"" allowfullscreen=""true""&gt;&lt;/iframe&gt;', 'width': 456, 'scrolling': False, 'media_domain_url': 'https://www.redditmedia.com/mediaembed/19ea0hr', 'height': 352}","Playlist - Theme  (Party, Beach, Study)",False,2,,False,False,,False,,[],{},,,False,public,1706075331.0,text,6,,,text,open.spotify.com,False,"&lt;!-- SC_OFF --&gt;&lt;div class=""md""&gt;&lt;p&gt;A Collection of Some of the Greatest Funk Music of all Time! Enjoy!&lt;/p&gt;
&lt;/div&gt;&lt;!-- SC_ON --&gt;",,,,,False,False,False,False,False,,[],[],False,64fa8956-9fa3-11ea-ba10-0e669a062341,False,False,False,,[],False,,,,t5_2qofj,False,,,,#ffd635,19ea0hr,True,,BNBluesMasters,,0,True,all_ads,False,[],False,,/r/spotify/comments/19ea0hr/funky_music_play_that_funky_music_right/,all_ads,False,https://open.spotify.com/playlist/7LZSz9j7ZFUuMR0JmjylNN?si=IKze_-aSTrWQTuwGR9_V5Q&amp;pi=u-iiIPoBI7Qb-Z,1396768,1706075331.0,0,"{'type': 'open.spotify.com', 'oembed': {'provider_url': 'https://spotify.com', 'description': 'Funky Music!! · Playlist · 70 songs · 10 likes', 'title': 'Funky Music!!', 'type': 'rich', 'thumbnail_width': 300, 'height': 352, 'width': 456, 'html': '&lt;iframe class=""embedly-embed"" src=""https://cdn.embedly.com/widgets/media.html?src=https%3A%2F%2Fopen.spotify.com%2Fembed%2Fplaylist%2F7LZSz9j7ZFUuMR0JmjylNN%3Futm_source%3Doembed&amp;display_name=Spotify&amp;url=https%3A%2F%2Fopen.spotify.com%2Fplaylist%2F7LZSz9j7ZFUuMR0JmjylNN&amp;image=https%3A%2F%2Fmosaic.scdn.co%2F300%2Fab67616d00001e024b3787e954c118353100783cab67616d00001e0257b9caec6f92ab2e42816a68ab67616d00001e02a14b08b9a6616e121df5e8b0ab67616d00001e02d419ed4f1e89669ce14bd369&amp;key=2aa3c4d5f3de4f5b9120b660ad850dc9&amp;type=text%2Fhtml&amp;schema=spotify"" width=""456"" height=""352"" scrolling=""no"" title=""Spotify embed"" frameborder=""0"" allow=""autoplay; fullscreen; encrypted-media; picture-in-picture;"" allowfullscreen=""true""&gt;&lt;/iframe&gt;', 'version': '1.0', 'provider_name': 'Spotify', 'thumbnail_url': 'https://mosaic.scdn.co/300/ab67616d00001e024b3787e954c118353100783cab67616d00001e0257b9caec6f92ab2e42816a68ab67616d00001e02a14b08b9a6616e121df5e8b0ab67616d00001e02d419ed4f1e89669ce14bd369', 'thumbnail_height': 300}}",False,https://open.spotify.com/playlist/7LZSz9j7ZFUuMR0JmjylNN?si=IKze_-aSTrWQTuwGR9_V5Q&amp;pi=u-iiIPoBI7Qb-Z,,,
,spotify,"If you want you can look at my playlist I’ve made so far. I’m trying to make the ultimate barbecue playlist 

https://open.spotify.com/playlist/5YZa5EbfTJx3W2sUJwvqMU?si=WMpnr63_SPOh4DMtwIRPzA&amp;pi=u-0j0DtmY5Q0m3",t2_a9n7p4tp,False,,0,False,Song recommendations for a cook out,[],r/spotify,False,6,favors,0,,,False,,t3_19ed5n3,False,dark,1.0,,1,0,{},,,False,[],,False,False,,{},[REQUEST] Playlists / Songs / Artists / Albums ,False,1,,False,False,,False,,[],{},,,True,public,1706088149.0,text,6,,,text,self.spotify,False,"&lt;!-- SC_OFF --&gt;&lt;div class=""md""&gt;&lt;p&gt;If you want you can look at my playlist I’ve made so far. I’m trying to make the ultimate barbecue playlist &lt;/p&gt;

&lt;p&gt;&lt;a href=""https://open.spotify.com/playlist/5YZa5EbfTJx3W2sUJwvqMU?si=WMpnr63_SPOh4DMtwIRPzA&amp;amp;pi=u-0j0DtmY5Q0m3""&gt;https://open.spotify.com/playlist/5YZa5EbfTJx3W2sUJwvqMU?si=WMpnr63_SPOh4DMtwIRPzA&amp;amp;pi=u-0j0DtmY5Q0m3&lt;/a&gt;&lt;/p&gt;
&lt;/div&gt;&lt;!-- SC_ON --&gt;",,,,,False,True,False,False,False,,[],[],False,b188c2f4-9a2e-11e9-9464-0e9d067aecce,False,False,False,,[],False,,,,t5_2qofj,False,,,,#94e044,19ed5n3,True,,Annihilation0925,,0,True,all_ads,False,[],False,,/r/spotify/comments/19ed5n3/song_recommendations_for_a_cook_out/,all_ads,False,https://www.reddit.com/r/spotify/comments/19ed5n3/song_recommendations_for_a_cook_out/,1396768,1706088149.0,0,,False,,,,
,spotify,"Bro like I am actually on the verge of switching to apple because of how ass the Spotify shuffle system is. I listen to music 24/7 and Spotify literally makes it hell because they always repeat the same shit. What’s even worse is that their fucking sensors or wtv only start realizing that you like a song after you already listened too it on repeat for a couple weeks. Then after you are already kind of over the song they have the nerve to start fucking spamming it non stop in any way they can whether it is shuffling, smart shuffling, etc. And what gets me even more tight is that it’s literally IMPOSSIBLE to have them stop spamming that song in every shuffle like you have to deliberately skip it for like a month and only then they start recommending it less and less. It’s really sad too because I’m realizing that like so many songs which I could’ve naturally enjoyed for like years I was only able to listen to for 1-2 weeks before I hated them due to Spotify shoving them down my throat all fucking day. (A good example of this was too many night by don and metro. Like I immediately fell in love w the song and couldn’t stop listening to it for like the first week however when I got kind of bored of it and wanted to take a break from listening to it, Spotify decided that, “hey let’s put this after every song he plays for the next 3-4 months”. And now thanks to them I literally despise hearing it because of how much their “shuffle” system played it for me last year. If anyone can pls recommend me like and attachment or app I can download on iOS that would be able to shuffle the songs for me instead of Spotify I would appreciate it. Also before you recommend this, I have already tried the clear cache and apps that permanently mix up the playlist for you but none of that worked. Also side note. Smart shuffle is just as garbage because they just give you a new set of songs and that’s it like they don’t even bother changing the recommended songs they just keep the same “smart” recommendations and you can’t do shit about it.",t2_e8gt8h2o,False,,0,False,Spotify shuffle is making me consider going to Apple Music,[],r/spotify,False,6,,0,,,False,,t3_19dep28,False,light,0.84,,213,0,{},,,False,[],,False,False,,{},Shuffle Complaint,False,213,,False,False,,False,,[],{},,,True,public,1705979967.0,text,6,,,text,self.spotify,False,"&lt;!-- SC_OFF --&gt;&lt;div class=""md""&gt;&lt;p&gt;Bro like I am actually on the verge of switching to apple because of how ass the Spotify shuffle system is. I listen to music 24/7 and Spotify literally makes it hell because they always repeat the same shit. What’s even worse is that their fucking sensors or wtv only start realizing that you like a song after you already listened too it on repeat for a couple weeks. Then after you are already kind of over the song they have the nerve to start fucking spamming it non stop in any way they can whether it is shuffling, smart shuffling, etc. And what gets me even more tight is that it’s literally IMPOSSIBLE to have them stop spamming that song in every shuffle like you have to deliberately skip it for like a month and only then they start recommending it less and less. It’s really sad too because I’m realizing that like so many songs which I could’ve naturally enjoyed for like years I was only able to listen to for 1-2 weeks before I hated them due to Spotify shoving them down my throat all fucking day. (A good example of this was too many night by don and metro. Like I immediately fell in love w the song and couldn’t stop listening to it for like the first week however when I got kind of bored of it and wanted to take a break from listening to it, Spotify decided that, “hey let’s put this after every song he plays for the next 3-4 months”. And now thanks to them I literally despise hearing it because of how much their “shuffle” system played it for me last year. If anyone can pls recommend me like and attachment or app I can download on iOS that would be able to shuffle the songs for me instead of Spotify I would appreciate it. Also before you recommend this, I have already tried the clear cache and apps that permanently mix up the playlist for you but none of that worked. Also side note. Smart shuffle is just as garbage because they just give you a new set of songs and that’s it like they don’t even bother changing the recommended songs they just keep the same “smart” recommendations and you can’t do shit about it.&lt;/p&gt;
&lt;/div&gt;&lt;!-- SC_ON --&gt;",,,,,False,False,False,False,False,,[],[],False,c26db3f0-eaf4-11ea-842b-0e000ead5bdb,False,False,False,,[],False,,,,t5_2qofj,False,,,,,19dep28,True,,Sea-Ad-7031,,138,True,all_ads,False,[],False,,/r/spotify/comments/19dep28/spotify_shuffle_is_making_me_consider_going_to/,all_ads,False,https://www.reddit.com/r/spotify/comments/19dep28/spotify_shuffle_is_making_me_consider_going_to/,1396768,1705979967.0,0,,False,,,,
,spotify,"1. Soundtracks: In the late 90s, and early 2000s, I routinely bought the soundtracks of the movies I went to see. I still do this and I, also, do this for television shows- as well.

2. Music festivals lineups: I use to go to festivals a lot and my fave part was going through the lineup and checking out artists. I still do this even if I don’t plan on going to the festival. 


3. Search by region: while in Australia, I listened to popular Australian bands in my hotel room. And, I thought: I should do this more often and I’ve done it for different regions. I, also, search for certain genres and decades in that region. ( for example: 70s African Rock or 80s Austrian synth pop) 


4. Think of a random word: I just think of a random word and have fun searching it on Spotify to see what comes up 

What are creative ways you try to discover new music???",t2_trqiurxj,False,,0,False,How I discover new music,[],r/spotify,False,6,question,0,,,False,,t3_19drpkm,False,light,1.0,,17,0,{},,,False,[],,False,False,,{},Question / Discussion,False,17,,False,False,,False,,[],{},,,True,public,1706025724.0,text,6,,,text,self.spotify,False,"&lt;!-- SC_OFF --&gt;&lt;div class=""md""&gt;&lt;ol&gt;
&lt;li&gt;&lt;p&gt;Soundtracks: In the late 90s, and early 2000s, I routinely bought the soundtracks of the movies I went to see. I still do this and I, also, do this for television shows- as well.&lt;/p&gt;&lt;/li&gt;
&lt;li&gt;&lt;p&gt;Music festivals lineups: I use to go to festivals a lot and my fave part was going through the lineup and checking out artists. I still do this even if I don’t plan on going to the festival. &lt;/p&gt;&lt;/li&gt;
&lt;li&gt;&lt;p&gt;Search by region: while in Australia, I listened to popular Australian bands in my hotel room. And, I thought: I should do this more often and I’ve done it for different regions. I, also, search for certain genres and decades in that region. ( for example: 70s African Rock or 80s Austrian synth pop) &lt;/p&gt;&lt;/li&gt;
&lt;li&gt;&lt;p&gt;Think of a random word: I just think of a random word and have fun searching it on Spotify to see what comes up &lt;/p&gt;&lt;/li&gt;
&lt;/ol&gt;

&lt;p&gt;What are creative ways you try to discover new music???&lt;/p&gt;
&lt;/div&gt;&lt;!-- SC_ON --&gt;",,,,,False,False,False,False,False,,[],[],False,58828680-99e4-11e9-9cfc-0e6137c47742,False,False,False,,[],False,,,,t5_2qofj,False,,,,#d3d6da,19drpkm,True,,ApprehensivePlum2302,,9,True,all_ads,False,[],False,,/r/spotify/comments/19drpkm/how_i_discover_new_music/,all_ads,False,https://www.reddit.com/r/spotify/comments/19drpkm/how_i_discover_new_music/,1396768,1706025724.0,0,,False,,,,
,spotify,The ones recommended by Spotify aren't very energetic for some reason. Spotify recommendations haven't been good these days. It needs an overhaul in its algorithm I suppose. I need some fast tracks for working out. Something real energetic. Please recommend and share.,t2_d5scz9eq,False,,0,False,Fast beats and energetic workout tracks required,[],r/spotify,False,6,favors,0,,,False,,t3_19e7gbb,False,dark,1.0,,2,0,{},,,False,[],,False,False,,{},[REQUEST] Playlists / Songs / Artists / Albums ,False,2,,False,False,,False,,[],{},,,True,public,1706066851.0,text,6,,,text,self.spotify,False,"&lt;!-- SC_OFF --&gt;&lt;div class=""md""&gt;&lt;p&gt;The ones recommended by Spotify aren&amp;#39;t very energetic for some reason. Spotify recommendations haven&amp;#39;t been good these days. It needs an overhaul in its algorithm I suppose. I need some fast tracks for working out. Something real energetic. Please recommend and share.&lt;/p&gt;
&lt;/div&gt;&lt;!-- SC_ON --&gt;",,,,,False,False,False,False,False,,[],[],False,b188c2f4-9a2e-11e9-9464-0e9d067aecce,False,False,False,,[],False,,,,t5_2qofj,False,,,,#94e044,19e7gbb,True,,powercut_in,,3,True,all_ads,False,[],False,,/r/spotify/comments/19e7gbb/fast_beats_and_energetic_workout_tracks_required/,all_ads,False,https://www.reddit.com/r/spotify/comments/19e7gbb/fast_beats_and_energetic_workout_tracks_required/,1396768,1706066851.0,0,,False,,,,
,spotify, Im a brazillian musician looking for more music to dig into and learn from!,t2_a32ip0qh,False,,0,False,"If I like George Benson, Ray Charles, Stevie Wonder. What’s a playlist Id like?",[],r/spotify,False,6,favors,0,,,False,,t3_19dvakm,False,dark,1.0,,10,0,{},,,False,[],,False,False,,{},[REQUEST] Playlists / Songs / Artists / Albums ,False,10,,False,False,,False,,[],{},,,True,public,1706034779.0,text,6,,,text,self.spotify,False,"&lt;!-- SC_OFF --&gt;&lt;div class=""md""&gt;&lt;p&gt;Im a brazillian musician looking for more music to dig into and learn from!&lt;/p&gt;
&lt;/div&gt;&lt;!-- SC_ON --&gt;",,,,,False,False,False,False,False,,[],[],False,b188c2f4-9a2e-11e9-9464-0e9d067aecce,False,False,False,,[],False,,,,t5_2qofj,False,,,,#94e044,19dvakm,True,,Ok_Property44,,8,True,all_ads,False,[],False,,/r/spotify/comments/19dvakm/if_i_like_george_benson_ray_charles_stevie_wonder/,all_ads,False,https://www.reddit.com/r/spotify/comments/19dvakm/if_i_like_george_benson_ray_charles_stevie_wonder/,1396768,1706034779.0,0,,False,,,,
,spotify,Surprised no one is talking about this but the official version of Electric Avenue by Eddie Grant has notoriously never been available on Spotify... Until now! Let us rejoice!,t2_nirie9it,False,,0,False,Electric Avenue by Eddie Grant is finally on Spotify!,[],r/spotify,False,6,news,0,,,False,,t3_19dwzmp,False,light,0.91,,8,0,"{'content': '&lt;iframe class=""embedly-embed"" src=""https://cdn.embedly.com/widgets/media.html?src=https%3A%2F%2Fopen.spotify.com%2Fembed%2Ftrack%2F55AMcB2JAUr7wmM3Z9Vgqc%3Futm_source%3Doembed&amp;display_name=Spotify&amp;url=https%3A%2F%2Fopen.spotify.com%2Ftrack%2F55AMcB2JAUr7wmM3Z9Vgqc&amp;image=https%3A%2F%2Fi.scdn.co%2Fimage%2Fab67616d00001e02b0838fd7a8ebccc85174b734&amp;key=2aa3c4d5f3de4f5b9120b660ad850dc9&amp;type=text%2Fhtml&amp;schema=spotify"" width=""456"" height=""152"" scrolling=""no"" title=""Spotify embed"" frameborder=""0"" allow=""autoplay; fullscreen; encrypted-media; picture-in-picture;"" allowfullscreen=""true""&gt;&lt;/iframe&gt;', 'width': 456, 'scrolling': False, 'height': 152}",,,False,[],"{'type': 'open.spotify.com', 'oembed': {'provider_url': 'https://spotify.com', 'description': 'Listen to Electric Avenue on Spotify. Eddy Grant · Song · 2024.', 'title': 'Electric Avenue', 'type': 'rich', 'thumbnail_width': 300, 'height': 152, 'width': 456, 'html': '&lt;iframe class=""embedly-embed"" src=""https://cdn.embedly.com/widgets/media.html?src=https%3A%2F%2Fopen.spotify.com%2Fembed%2Ftrack%2F55AMcB2JAUr7wmM3Z9Vgqc%3Futm_source%3Doembed&amp;display_name=Spotify&amp;url=https%3A%2F%2Fopen.spotify.com%2Ftrack%2F55AMcB2JAUr7wmM3Z9Vgqc&amp;image=https%3A%2F%2Fi.scdn.co%2Fimage%2Fab67616d00001e02b0838fd7a8ebccc85174b734&amp;key=2aa3c4d5f3de4f5b9120b660ad850dc9&amp;type=text%2Fhtml&amp;schema=spotify"" width=""456"" height=""152"" scrolling=""no"" title=""Spotify embed"" frameborder=""0"" allow=""autoplay; fullscreen; encrypted-media; picture-in-picture;"" allowfullscreen=""true""&gt;&lt;/iframe&gt;', 'version': '1.0', 'provider_name': 'Spotify', 'thumbnail_url': 'https://i.scdn.co/image/ab67616d00001e02b0838fd7a8ebccc85174b734', 'thumbnail_height': 300}}",False,False,,"{'content': '&lt;iframe class=""embedly-embed"" src=""https://cdn.embedly.com/widgets/media.html?src=https%3A%2F%2Fopen.spotify.com%2Fembed%2Ftrack%2F55AMcB2JAUr7wmM3Z9Vgqc%3Futm_source%3Doembed&amp;display_name=Spotify&amp;url=https%3A%2F%2Fopen.spotify.com%2Ftrack%2F55AMcB2JAUr7wmM3Z9Vgqc&amp;image=https%3A%2F%2Fi.scdn.co%2Fimage%2Fab67616d00001e02b0838fd7a8ebccc85174b734&amp;key=2aa3c4d5f3de4f5b9120b660ad850dc9&amp;type=text%2Fhtml&amp;schema=spotify"" width=""456"" height=""152"" scrolling=""no"" title=""Spotify embed"" frameborder=""0"" allow=""autoplay; fullscreen; encrypted-media; picture-in-picture;"" allowfullscreen=""true""&gt;&lt;/iframe&gt;', 'width': 456, 'scrolling': False, 'media_domain_url': 'https://www.redditmedia.com/mediaembed/19dwzmp', 'height': 152}",News,False,8,,False,False,,False,,[],{},,,False,public,1706038956.0,text,6,,,text,open.spotify.com,False,"&lt;!-- SC_OFF --&gt;&lt;div class=""md""&gt;&lt;p&gt;Surprised no one is talking about this but the official version of Electric Avenue by Eddie Grant has notoriously never been available on Spotify... Until now! Let us rejoice!&lt;/p&gt;
&lt;/div&gt;&lt;!-- SC_ON --&gt;",,,,,False,False,False,False,False,,[],[],False,52667f40-99e4-11e9-b3ba-0e0cbb8576cc,False,False,False,,[],False,,,,t5_2qofj,False,,,,,19dwzmp,True,,Rob_on_Sunday,,2,True,all_ads,False,[],False,,/r/spotify/comments/19dwzmp/electric_avenue_by_eddie_grant_is_finally_on/,all_ads,False,https://open.spotify.com/track/55AMcB2JAUr7wmM3Z9Vgqc?si=m8F1_V38RLinFavXJJIBGg,1396768,1706038956.0,0,"{'type': 'open.spotify.com', 'oembed': {'provider_url': 'https://spotify.com', 'description': 'Listen to Electric Avenue on Spotify. Eddy Grant · Song · 2024.', 'title': 'Electric Avenue', 'type': 'rich', 'thumbnail_width': 300, 'height': 152, 'width': 456, 'html': '&lt;iframe class=""embedly-embed"" src=""https://cdn.embedly.com/widgets/media.html?src=https%3A%2F%2Fopen.spotify.com%2Fembed%2Ftrack%2F55AMcB2JAUr7wmM3Z9Vgqc%3Futm_source%3Doembed&amp;display_name=Spotify&amp;url=https%3A%2F%2Fopen.spotify.com%2Ftrack%2F55AMcB2JAUr7wmM3Z9Vgqc&amp;image=https%3A%2F%2Fi.scdn.co%2Fimage%2Fab67616d00001e02b0838fd7a8ebccc85174b734&amp;key=2aa3c4d5f3de4f5b9120b660ad850dc9&amp;type=text%2Fhtml&amp;schema=spotify"" width=""456"" height=""152"" scrolling=""no"" title=""Spotify embed"" frameborder=""0"" allow=""autoplay; fullscreen; encrypted-media; picture-in-picture;"" allowfullscreen=""true""&gt;&lt;/iframe&gt;', 'version': '1.0', 'provider_name': 'Spotify', 'thumbnail_url': 'https://i.scdn.co/image/ab67616d00001e02b0838fd7a8ebccc85174b734', 'thumbnail_height': 300}}",False,https://open.spotify.com/track/55AMcB2JAUr7wmM3Z9Vgqc?si=m8F1_V38RLinFavXJJIBGg,,,
,spotify,,t2_fyy81zw1,False,,0,False,overwhelmed,[],r/spotify,False,6,,0,,,False,,t3_19e9wj4,False,dark,1.0,,1,0,"{'content': '&lt;iframe class=""embedly-embed"" src=""https://cdn.embedly.com/widgets/media.html?src=https%3A%2F%2Fopen.spotify.com%2Fembed%2Fplaylist%2F2qpY3BzwepcAi1WOn2miVI%3Futm_source%3Doembed&amp;display_name=Spotify&amp;url=https%3A%2F%2Fopen.spotify.com%2Fplaylist%2F2qpY3BzwepcAi1WOn2miVI&amp;image=https%3A%2F%2Fi.scdn.co%2Fimage%2Fab67706c0000da840e0f64f4763f9c55914adb84&amp;key=2aa3c4d5f3de4f5b9120b660ad850dc9&amp;type=text%2Fhtml&amp;schema=spotify"" width=""456"" height=""352"" scrolling=""no"" title=""Spotify embed"" frameborder=""0"" allow=""autoplay; fullscreen; encrypted-media; picture-in-picture;"" allowfullscreen=""true""&gt;&lt;/iframe&gt;', 'width': 456, 'scrolling': False, 'height': 352}",,,False,[],"{'type': 'open.spotify.com', 'oembed': {'provider_url': 'https://spotify.com', 'description': 'overwhelmed · Playlist · 40 songs', 'title': 'overwhelmed', 'type': 'rich', 'thumbnail_width': 300, 'height': 352, 'width': 456, 'html': '&lt;iframe class=""embedly-embed"" src=""https://cdn.embedly.com/widgets/media.html?src=https%3A%2F%2Fopen.spotify.com%2Fembed%2Fplaylist%2F2qpY3BzwepcAi1WOn2miVI%3Futm_source%3Doembed&amp;display_name=Spotify&amp;url=https%3A%2F%2Fopen.spotify.com%2Fplaylist%2F2qpY3BzwepcAi1WOn2miVI&amp;image=https%3A%2F%2Fi.scdn.co%2Fimage%2Fab67706c0000da840e0f64f4763f9c55914adb84&amp;key=2aa3c4d5f3de4f5b9120b660ad850dc9&amp;type=text%2Fhtml&amp;schema=spotify"" width=""456"" height=""352"" scrolling=""no"" title=""Spotify embed"" frameborder=""0"" allow=""autoplay; fullscreen; encrypted-media; picture-in-picture;"" allowfullscreen=""true""&gt;&lt;/iframe&gt;', 'version': '1.0', 'provider_name': 'Spotify', 'thumbnail_url': 'https://i.scdn.co/image/ab67706c0000da840e0f64f4763f9c55914adb84', 'thumbnail_height': 245}}",False,False,,"{'content': '&lt;iframe class=""embedly-embed"" src=""https://cdn.embedly.com/widgets/media.html?src=https%3A%2F%2Fopen.spotify.com%2Fembed%2Fplaylist%2F2qpY3BzwepcAi1WOn2miVI%3Futm_source%3Doembed&amp;display_name=Spotify&amp;url=https%3A%2F%2Fopen.spotify.com%2Fplaylist%2F2qpY3BzwepcAi1WOn2miVI&amp;image=https%3A%2F%2Fi.scdn.co%2Fimage%2Fab67706c0000da840e0f64f4763f9c55914adb84&amp;key=2aa3c4d5f3de4f5b9120b660ad850dc9&amp;type=text%2Fhtml&amp;schema=spotify"" width=""456"" height=""352"" scrolling=""no"" title=""Spotify embed"" frameborder=""0"" allow=""autoplay; fullscreen; encrypted-media; picture-in-picture;"" allowfullscreen=""true""&gt;&lt;/iframe&gt;', 'width': 456, 'scrolling': False, 'media_domain_url': 'https://www.redditmedia.com/mediaembed/19e9wj4', 'height': 352}",Playlist - Pop / R&amp;B / Top 40,False,1,,False,False,,False,,[],{},,,False,public,1706074941.0,text,6,,,text,open.spotify.com,False,,,,,,False,False,False,False,False,,[],[],False,e5554224-9fa0-11ea-8d77-0ef74412130d,False,False,False,,[],False,,,,t5_2qofj,False,,,,#39c3de,19e9wj4,True,,UniqueBodybuilder674,,0,True,all_ads,False,[],False,,/r/spotify/comments/19e9wj4/overwhelmed/,all_ads,False,https://open.spotify.com/playlist/2qpY3BzwepcAi1WOn2miVI?si=TCe8xAClQceZqo3dLhDWwA&amp;pi=e-igXOf2o1Th-C,1396768,1706074941.0,0,"{'type': 'open.spotify.com', 'oembed': {'provider_url': 'https://spotify.com', 'description': 'overwhelmed · Playlist · 40 songs', 'title': 'overwhelmed', 'type': 'rich', 'thumbnail_width': 300, 'height': 352, 'width': 456, 'html': '&lt;iframe class=""embedly-embed"" src=""https://cdn.embedly.com/widgets/media.html?src=https%3A%2F%2Fopen.spotify.com%2Fembed%2Fplaylist%2F2qpY3BzwepcAi1WOn2miVI%3Futm_source%3Doembed&amp;display_name=Spotify&amp;url=https%3A%2F%2Fopen.spotify.com%2Fplaylist%2F2qpY3BzwepcAi1WOn2miVI&amp;image=https%3A%2F%2Fi.scdn.co%2Fimage%2Fab67706c0000da840e0f64f4763f9c55914adb84&amp;key=2aa3c4d5f3de4f5b9120b660ad850dc9&amp;type=text%2Fhtml&amp;schema=spotify"" width=""456"" height=""352"" scrolling=""no"" title=""Spotify embed"" frameborder=""0"" allow=""autoplay; fullscreen; encrypted-media; picture-in-picture;"" allowfullscreen=""true""&gt;&lt;/iframe&gt;', 'version': '1.0', 'provider_name': 'Spotify', 'thumbnail_url': 'https://i.scdn.co/image/ab67706c0000da840e0f64f4763f9c55914adb84', 'thumbnail_height': 245}}",False,https://open.spotify.com/playlist/2qpY3BzwepcAi1WOn2miVI?si=TCe8xAClQceZqo3dLhDWwA&amp;pi=e-igXOf2o1Th-C,,,
,spotify,,t2_h063ezwb,False,,0,False,"How wacky is this playlist, and be honest.",[],r/spotify,False,6,playlist,0,,,False,,t3_19e9nq3,False,dark,0.5,,0,0,"{'content': '&lt;iframe class=""embedly-embed"" src=""https://cdn.embedly.com/widgets/media.html?src=https%3A%2F%2Fopen.spotify.com%2Fembed%2Fplaylist%2F7zVIT1W3MzUfNTKFA5wee3%3Futm_source%3Doembed&amp;display_name=Spotify&amp;url=https%3A%2F%2Fopen.spotify.com%2Fplaylist%2F7zVIT1W3MzUfNTKFA5wee3&amp;image=https%3A%2F%2Fi.scdn.co%2Fimage%2Fab67706c0000da840263a02f0e5a37bd03de542a&amp;key=2aa3c4d5f3de4f5b9120b660ad850dc9&amp;type=text%2Fhtml&amp;schema=spotify"" width=""456"" height=""352"" scrolling=""no"" title=""Spotify embed"" frameborder=""0"" allow=""autoplay; fullscreen; encrypted-media; picture-in-picture;"" allowfullscreen=""true""&gt;&lt;/iframe&gt;', 'width': 456, 'scrolling': False, 'height': 352}",,,False,[],"{'type': 'open.spotify.com', 'oembed': {'provider_url': 'https://spotify.com', 'description': 'Groovy🕺🎶 · Playlist · 116 songs · 1 likes', 'title': 'Groovy🕺🎶', 'type': 'rich', 'thumbnail_width': 300, 'height': 352, 'width': 456, 'html': '&lt;iframe class=""embedly-embed"" src=""https://cdn.embedly.com/widgets/media.html?src=https%3A%2F%2Fopen.spotify.com%2Fembed%2Fplaylist%2F7zVIT1W3MzUfNTKFA5wee3%3Futm_source%3Doembed&amp;display_name=Spotify&amp;url=https%3A%2F%2Fopen.spotify.com%2Fplaylist%2F7zVIT1W3MzUfNTKFA5wee3&amp;image=https%3A%2F%2Fi.scdn.co%2Fimage%2Fab67706c0000da840263a02f0e5a37bd03de542a&amp;key=2aa3c4d5f3de4f5b9120b660ad850dc9&amp;type=text%2Fhtml&amp;schema=spotify"" width=""456"" height=""352"" scrolling=""no"" title=""Spotify embed"" frameborder=""0"" allow=""autoplay; fullscreen; encrypted-media; picture-in-picture;"" allowfullscreen=""true""&gt;&lt;/iframe&gt;', 'version': '1.0', 'provider_name': 'Spotify', 'thumbnail_url': 'https://i.scdn.co/image/ab67706c0000da840263a02f0e5a37bd03de542a', 'thumbnail_height': 293}}",False,False,,"{'content': '&lt;iframe class=""embedly-embed"" src=""https://cdn.embedly.com/widgets/media.html?src=https%3A%2F%2Fopen.spotify.com%2Fembed%2Fplaylist%2F7zVIT1W3MzUfNTKFA5wee3%3Futm_source%3Doembed&amp;display_name=Spotify&amp;url=https%3A%2F%2Fopen.spotify.com%2Fplaylist%2F7zVIT1W3MzUfNTKFA5wee3&amp;image=https%3A%2F%2Fi.scdn.co%2Fimage%2Fab67706c0000da840263a02f0e5a37bd03de542a&amp;key=2aa3c4d5f3de4f5b9120b660ad850dc9&amp;type=text%2Fhtml&amp;schema=spotify"" width=""456"" height=""352"" scrolling=""no"" title=""Spotify embed"" frameborder=""0"" allow=""autoplay; fullscreen; encrypted-media; picture-in-picture;"" allowfullscreen=""true""&gt;&lt;/iframe&gt;', 'width': 456, 'scrolling': False, 'media_domain_url': 'https://www.redditmedia.com/mediaembed/19e9nq3', 'height': 352}",Playlist - Random / Other / No Theme,False,0,,False,False,,False,,[],{},,,False,public,1706074079.0,text,6,,,text,open.spotify.com,False,,,,,,False,False,False,False,False,,[],[],False,5fb11b10-99e4-11e9-afa4-0e71ebf0abb0,False,False,False,,[],False,,,,t5_2qofj,False,,,,#46d160,19e9nq3,True,,Help_MeFindThisGame,,2,True,all_ads,False,[],False,,/r/spotify/comments/19e9nq3/how_wacky_is_this_playlist_and_be_honest/,all_ads,False,https://open.spotify.com/playlist/7zVIT1W3MzUfNTKFA5wee3?si=096e72bf31cf4842,1396769,1706074079.0,0,"{'type': 'open.spotify.com', 'oembed': {'provider_url': 'https://spotify.com', 'description': 'Groovy🕺🎶 · Playlist · 116 songs · 1 likes', 'title': 'Groovy🕺🎶', 'type': 'rich', 'thumbnail_width': 300, 'height': 352, 'width': 456, 'html': '&lt;iframe class=""embedly-embed"" src=""https://cdn.embedly.com/widgets/media.html?src=https%3A%2F%2Fopen.spotify.com%2Fembed%2Fplaylist%2F7zVIT1W3MzUfNTKFA5wee3%3Futm_source%3Doembed&amp;display_name=Spotify&amp;url=https%3A%2F%2Fopen.spotify.com%2Fplaylist%2F7zVIT1W3MzUfNTKFA5wee3&amp;image=https%3A%2F%2Fi.scdn.co%2Fimage%2Fab67706c0000da840263a02f0e5a37bd03de542a&amp;key=2aa3c4d5f3de4f5b9120b660ad850dc9&amp;type=text%2Fhtml&amp;schema=spotify"" width=""456"" height=""352"" scrolling=""no"" title=""Spotify embed"" frameborder=""0"" allow=""autoplay; fullscreen; encrypted-media; picture-in-picture;"" allowfullscreen=""true""&gt;&lt;/iframe&gt;', 'version': '1.0', 'provider_name': 'Spotify', 'thumbnail_url': 'https://i.scdn.co/image/ab67706c0000da840263a02f0e5a37bd03de542a', 'thumbnail_height': 293}}",False,https://open.spotify.com/playlist/7zVIT1W3MzUfNTKFA5wee3?si=096e72bf31cf4842,,,
,spotify,,t2_c2rs1qfa,False,,0,False,Beats and instrumental playlist! Likes are appreciated,[],r/spotify,False,6,,0,,,False,,t3_19e9j89,False,dark,1.0,,1,0,"{'content': '&lt;iframe class=""embedly-embed"" src=""https://cdn.embedly.com/widgets/media.html?src=https%3A%2F%2Fopen.spotify.com%2Fembed%2Fplaylist%2F3ecdLDjtf62wSEYxNGlLAc%3Futm_source%3Doembed&amp;display_name=Spotify&amp;url=https%3A%2F%2Fopen.spotify.com%2Fplaylist%2F3ecdLDjtf62wSEYxNGlLAc&amp;image=https%3A%2F%2Fi.scdn.co%2Fimage%2Fab67706c0000da84b55f753decd0668f083dd83e&amp;key=2aa3c4d5f3de4f5b9120b660ad850dc9&amp;type=text%2Fhtml&amp;schema=spotify"" width=""456"" height=""352"" scrolling=""no"" title=""Spotify embed"" frameborder=""0"" allow=""autoplay; fullscreen; encrypted-media; picture-in-picture;"" allowfullscreen=""true""&gt;&lt;/iframe&gt;', 'width': 456, 'scrolling': False, 'height': 352}",,,False,[],"{'type': 'open.spotify.com', 'oembed': {'provider_url': 'https://spotify.com', 'description': 'Cosmic Chillout · Playlist · 560 songs · 22 likes', 'title': 'Cosmic Chillout', 'type': 'rich', 'thumbnail_width': 300, 'height': 352, 'width': 456, 'html': '&lt;iframe class=""embedly-embed"" src=""https://cdn.embedly.com/widgets/media.html?src=https%3A%2F%2Fopen.spotify.com%2Fembed%2Fplaylist%2F3ecdLDjtf62wSEYxNGlLAc%3Futm_source%3Doembed&amp;display_name=Spotify&amp;url=https%3A%2F%2Fopen.spotify.com%2Fplaylist%2F3ecdLDjtf62wSEYxNGlLAc&amp;image=https%3A%2F%2Fi.scdn.co%2Fimage%2Fab67706c0000da84b55f753decd0668f083dd83e&amp;key=2aa3c4d5f3de4f5b9120b660ad850dc9&amp;type=text%2Fhtml&amp;schema=spotify"" width=""456"" height=""352"" scrolling=""no"" title=""Spotify embed"" frameborder=""0"" allow=""autoplay; fullscreen; encrypted-media; picture-in-picture;"" allowfullscreen=""true""&gt;&lt;/iframe&gt;', 'version': '1.0', 'provider_name': 'Spotify', 'thumbnail_url': 'https://i.scdn.co/image/ab67706c0000da84b55f753decd0668f083dd83e', 'thumbnail_height': 230}}",False,False,,"{'content': '&lt;iframe class=""embedly-embed"" src=""https://cdn.embedly.com/widgets/media.html?src=https%3A%2F%2Fopen.spotify.com%2Fembed%2Fplaylist%2F3ecdLDjtf62wSEYxNGlLAc%3Futm_source%3Doembed&amp;display_name=Spotify&amp;url=https%3A%2F%2Fopen.spotify.com%2Fplaylist%2F3ecdLDjtf62wSEYxNGlLAc&amp;image=https%3A%2F%2Fi.scdn.co%2Fimage%2Fab67706c0000da84b55f753decd0668f083dd83e&amp;key=2aa3c4d5f3de4f5b9120b660ad850dc9&amp;type=text%2Fhtml&amp;schema=spotify"" width=""456"" height=""352"" scrolling=""no"" title=""Spotify embed"" frameborder=""0"" allow=""autoplay; fullscreen; encrypted-media; picture-in-picture;"" allowfullscreen=""true""&gt;&lt;/iframe&gt;', 'width': 456, 'scrolling': False, 'media_domain_url': 'https://www.redditmedia.com/mediaembed/19e9j89', 'height': 352}","Playlist - Mood/Feeling (Chill, Lofi, Uplifting)",False,1,,False,False,,False,,[],{},,,False,public,1706073640.0,text,6,,,text,open.spotify.com,False,,,,,,False,False,False,False,False,,[],[],False,ede46e42-9fa0-11ea-8c94-0e70d5715363,False,False,False,,[],False,,,,t5_2qofj,False,,,,#c300c1,19e9j89,True,,Dr__panda,,0,True,all_ads,False,[],False,,/r/spotify/comments/19e9j89/beats_and_instrumental_playlist_likes_are/,all_ads,False,https://open.spotify.com/playlist/3ecdLDjtf62wSEYxNGlLAc?si=dl9Zqt-DRg-traeusvCiDg&amp;pi=u-2l_9SzYlQf-P,1396769,1706073640.0,0,"{'type': 'open.spotify.com', 'oembed': {'provider_url': 'https://spotify.com', 'description': 'Cosmic Chillout · Playlist · 560 songs · 22 likes', 'title': 'Cosmic Chillout', 'type': 'rich', 'thumbnail_width': 300, 'height': 352, 'width': 456, 'html': '&lt;iframe class=""embedly-embed"" src=""https://cdn.embedly.com/widgets/media.html?src=https%3A%2F%2Fopen.spotify.com%2Fembed%2Fplaylist%2F3ecdLDjtf62wSEYxNGlLAc%3Futm_source%3Doembed&amp;display_name=Spotify&amp;url=https%3A%2F%2Fopen.spotify.com%2Fplaylist%2F3ecdLDjtf62wSEYxNGlLAc&amp;image=https%3A%2F%2Fi.scdn.co%2Fimage%2Fab67706c0000da84b55f753decd0668f083dd83e&amp;key=2aa3c4d5f3de4f5b9120b660ad850dc9&amp;type=text%2Fhtml&amp;schema=spotify"" width=""456"" height=""352"" scrolling=""no"" title=""Spotify embed"" frameborder=""0"" allow=""autoplay; fullscreen; encrypted-media; picture-in-picture;"" allowfullscreen=""true""&gt;&lt;/iframe&gt;', 'version': '1.0', 'provider_name': 'Spotify', 'thumbnail_url': 'https://i.scdn.co/image/ab67706c0000da84b55f753decd0668f083dd83e', 'thumbnail_height': 230}}",False,https://open.spotify.com/playlist/3ecdLDjtf62wSEYxNGlLAc?si=dl9Zqt-DRg-traeusvCiDg&amp;pi=u-2l_9SzYlQf-P,,,
,spotify,"This is a project I've been working on for the past 2 months, however the songs chosen are personal highlights over several years of my music listening life. The playlist is divided in 4 parts, covering 25 years of history, roughly 3-4 songs per year (5 for some exceptions). I hope this can be a good experience for a case study and just for discovering more music that maybe you haven't heard yet. Some songs are extremely famous and important others are more niche and obscure. I wanted the mix to be balanced in that regard. And overall take you through a trip in the 20th century. Here's the links to the 4 parts of my list.

Part I : The Grand Ol' Rag (1900-1924) uses a mix of modern recordings and original recordings since recording technology was just emerging at the time, all songs were hits at the time.

https://open.spotify.com/playlist/1lJEOshMw0dsJDyzN8S5Mp?si=H6_h1s2JRzOe9K9nBLeQiA



Part II: The Jazz Age (1925-1949) all original recordings, mixing mostly jazz songs but also combined with some blues, folk, RnB and Rock n roll recordings that pioneered those genres.

https://open.spotify.com/playlist/0bHLULZDnw7eEsnCgGwaL0?si=FsAtYfPSSzuVHM5gw05n4Q



Part III: Rock 'N Roll (1950-1974) all original recordings, mixing both popular and more niche and obscure songs that were very genre bending at the time.

https://open.spotify.com/playlist/0N2HjaG0E8RQ9xCKKV9MIZ?si=a_yVXeoTRDWrEEJApHy5Tg



Part IV: Digital Airwaves (1975-1999)
All original recordings, mixing both hit songs as well as some more niche bands that over the years gained cult status.

https://open.spotify.com/playlist/66IJM0MK0G5KNricnscZOG?si=4byWM-SsTlW57oh0FO1CKA

Thank you all for taking the time to read this post and keep on listening! 🎧",t2_2wrl4k11,False,,0,False,A Trip Through The 20th Century (1900-1999) (4 Part Playlist),[],r/spotify,False,6,,0,,,False,,t3_19dzsy3,False,dark,1.0,,4,0,{},,,False,[],,False,False,,{},Playlist - Throwback/Flashback/Decades,False,4,,False,False,,False,,[],{},,,True,public,1706045952.0,text,6,,,text,self.spotify,False,"&lt;!-- SC_OFF --&gt;&lt;div class=""md""&gt;&lt;p&gt;This is a project I&amp;#39;ve been working on for the past 2 months, however the songs chosen are personal highlights over several years of my music listening life. The playlist is divided in 4 parts, covering 25 years of history, roughly 3-4 songs per year (5 for some exceptions). I hope this can be a good experience for a case study and just for discovering more music that maybe you haven&amp;#39;t heard yet. Some songs are extremely famous and important others are more niche and obscure. I wanted the mix to be balanced in that regard. And overall take you through a trip in the 20th century. Here&amp;#39;s the links to the 4 parts of my list.&lt;/p&gt;

&lt;p&gt;Part I : The Grand Ol&amp;#39; Rag (1900-1924) uses a mix of modern recordings and original recordings since recording technology was just emerging at the time, all songs were hits at the time.&lt;/p&gt;

&lt;p&gt;&lt;a href=""https://open.spotify.com/playlist/1lJEOshMw0dsJDyzN8S5Mp?si=H6_h1s2JRzOe9K9nBLeQiA""&gt;https://open.spotify.com/playlist/1lJEOshMw0dsJDyzN8S5Mp?si=H6_h1s2JRzOe9K9nBLeQiA&lt;/a&gt;&lt;/p&gt;

&lt;p&gt;Part II: The Jazz Age (1925-1949) all original recordings, mixing mostly jazz songs but also combined with some blues, folk, RnB and Rock n roll recordings that pioneered those genres.&lt;/p&gt;

&lt;p&gt;&lt;a href=""https://open.spotify.com/playlist/0bHLULZDnw7eEsnCgGwaL0?si=FsAtYfPSSzuVHM5gw05n4Q""&gt;https://open.spotify.com/playlist/0bHLULZDnw7eEsnCgGwaL0?si=FsAtYfPSSzuVHM5gw05n4Q&lt;/a&gt;&lt;/p&gt;

&lt;p&gt;Part III: Rock &amp;#39;N Roll (1950-1974) all original recordings, mixing both popular and more niche and obscure songs that were very genre bending at the time.&lt;/p&gt;

&lt;p&gt;&lt;a href=""https://open.spotify.com/playlist/0N2HjaG0E8RQ9xCKKV9MIZ?si=a_yVXeoTRDWrEEJApHy5Tg""&gt;https://open.spotify.com/playlist/0N2HjaG0E8RQ9xCKKV9MIZ?si=a_yVXeoTRDWrEEJApHy5Tg&lt;/a&gt;&lt;/p&gt;

&lt;p&gt;Part IV: Digital Airwaves (1975-1999)
All original recordings, mixing both hit songs as well as some more niche bands that over the years gained cult status.&lt;/p&gt;

&lt;p&gt;&lt;a href=""https://open.spotify.com/playlist/66IJM0MK0G5KNricnscZOG?si=4byWM-SsTlW57oh0FO1CKA""&gt;https://open.spotify.com/playlist/66IJM0MK0G5KNricnscZOG?si=4byWM-SsTlW57oh0FO1CKA&lt;/a&gt;&lt;/p&gt;

&lt;p&gt;Thank you all for taking the time to read this post and keep on listening! 🎧&lt;/p&gt;
&lt;/div&gt;&lt;!-- SC_ON --&gt;",,,,,False,False,False,False,False,,[],[],False,8f93ff06-9fa5-11ea-8fd9-0e846d182559,False,False,False,,[],False,,,,t5_2qofj,False,,,,#ab672f,19dzsy3,True,,Ikesters97,,0,True,all_ads,False,[],False,,/r/spotify/comments/19dzsy3/a_trip_through_the_20th_century_19001999_4_part/,all_ads,False,https://www.reddit.com/r/spotify/comments/19dzsy3/a_trip_through_the_20th_century_19001999_4_part/,1396769,1706045952.0,0,,False,,,,
,spotify,,t2_ng6mmrpkc,False,,0,False,No Vocals • No Words • No Lyrics,[],r/spotify,False,6,,0,,,False,,t3_19e8wdj,False,dark,1.0,,1,0,"{'content': '&lt;iframe class=""embedly-embed"" src=""https://cdn.embedly.com/widgets/media.html?src=https%3A%2F%2Fopen.spotify.com%2Fembed%2Fplaylist%2F3FksK2Zm9LUyfjjJbX6ITX%3Futm_source%3Doembed&amp;display_name=Spotify&amp;url=https%3A%2F%2Fopen.spotify.com%2Fplaylist%2F3FksK2Zm9LUyfjjJbX6ITX&amp;image=https%3A%2F%2Fi.scdn.co%2Fimage%2Fab67706c0000da84838d9214a88f819a88dedbd0&amp;key=2aa3c4d5f3de4f5b9120b660ad850dc9&amp;type=text%2Fhtml&amp;schema=spotify"" width=""456"" height=""352"" scrolling=""no"" title=""Spotify embed"" frameborder=""0"" allow=""autoplay; fullscreen; encrypted-media; picture-in-picture;"" allowfullscreen=""true""&gt;&lt;/iframe&gt;', 'width': 456, 'scrolling': False, 'height': 352}",,,False,[],"{'type': 'open.spotify.com', 'oembed': {'provider_url': 'https://spotify.com', 'description': 'No Vocals * No Words * No Lyrics · Playlist · 176 songs · 122 likes', 'title': 'No Vocals * No Words * No Lyrics', 'type': 'rich', 'thumbnail_width': 300, 'height': 352, 'width': 456, 'html': '&lt;iframe class=""embedly-embed"" src=""https://cdn.embedly.com/widgets/media.html?src=https%3A%2F%2Fopen.spotify.com%2Fembed%2Fplaylist%2F3FksK2Zm9LUyfjjJbX6ITX%3Futm_source%3Doembed&amp;display_name=Spotify&amp;url=https%3A%2F%2Fopen.spotify.com%2Fplaylist%2F3FksK2Zm9LUyfjjJbX6ITX&amp;image=https%3A%2F%2Fi.scdn.co%2Fimage%2Fab67706c0000da84838d9214a88f819a88dedbd0&amp;key=2aa3c4d5f3de4f5b9120b660ad850dc9&amp;type=text%2Fhtml&amp;schema=spotify"" width=""456"" height=""352"" scrolling=""no"" title=""Spotify embed"" frameborder=""0"" allow=""autoplay; fullscreen; encrypted-media; picture-in-picture;"" allowfullscreen=""true""&gt;&lt;/iframe&gt;', 'version': '1.0', 'provider_name': 'Spotify', 'thumbnail_url': 'https://i.scdn.co/image/ab67706c0000da84838d9214a88f819a88dedbd0', 'thumbnail_height': 300}}",False,False,,"{'content': '&lt;iframe class=""embedly-embed"" src=""https://cdn.embedly.com/widgets/media.html?src=https%3A%2F%2Fopen.spotify.com%2Fembed%2Fplaylist%2F3FksK2Zm9LUyfjjJbX6ITX%3Futm_source%3Doembed&amp;display_name=Spotify&amp;url=https%3A%2F%2Fopen.spotify.com%2Fplaylist%2F3FksK2Zm9LUyfjjJbX6ITX&amp;image=https%3A%2F%2Fi.scdn.co%2Fimage%2Fab67706c0000da84838d9214a88f819a88dedbd0&amp;key=2aa3c4d5f3de4f5b9120b660ad850dc9&amp;type=text%2Fhtml&amp;schema=spotify"" width=""456"" height=""352"" scrolling=""no"" title=""Spotify embed"" frameborder=""0"" allow=""autoplay; fullscreen; encrypted-media; picture-in-picture;"" allowfullscreen=""true""&gt;&lt;/iframe&gt;', 'width': 456, 'scrolling': False, 'media_domain_url': 'https://www.redditmedia.com/mediaembed/19e8wdj', 'height': 352}","Playlist - Mood/Feeling (Chill, Lofi, Uplifting)",False,1,,False,False,,False,,[],{},,,False,public,1706071490.0,text,6,,,text,open.spotify.com,False,,,,,,False,False,False,False,False,,[],[],False,ede46e42-9fa0-11ea-8c94-0e70d5715363,False,False,False,,[],False,,,,t5_2qofj,False,,,,#c300c1,19e8wdj,True,,remarkable-cheese,,0,False,all_ads,False,[],False,,/r/spotify/comments/19e8wdj/no_vocals_no_words_no_lyrics/,all_ads,False,https://open.spotify.com/playlist/3FksK2Zm9LUyfjjJbX6ITX,1396769,1706071490.0,0,"{'type': 'open.spotify.com', 'oembed': {'provider_url': 'https://spotify.com', 'description': 'No Vocals * No Words * No Lyrics · Playlist · 176 songs · 122 likes', 'title': 'No Vocals * No Words * No Lyrics', 'type': 'rich', 'thumbnail_width': 300, 'height': 352, 'width': 456, 'html': '&lt;iframe class=""embedly-embed"" src=""https://cdn.embedly.com/widgets/media.html?src=https%3A%2F%2Fopen.spotify.com%2Fembed%2Fplaylist%2F3FksK2Zm9LUyfjjJbX6ITX%3Futm_source%3Doembed&amp;display_name=Spotify&amp;url=https%3A%2F%2Fopen.spotify.com%2Fplaylist%2F3FksK2Zm9LUyfjjJbX6ITX&amp;image=https%3A%2F%2Fi.scdn.co%2Fimage%2Fab67706c0000da84838d9214a88f819a88dedbd0&amp;key=2aa3c4d5f3de4f5b9120b660ad850dc9&amp;type=text%2Fhtml&amp;schema=spotify"" width=""456"" height=""352"" scrolling=""no"" title=""Spotify embed"" frameborder=""0"" allow=""autoplay; fullscreen; encrypted-media; picture-in-picture;"" allowfullscreen=""true""&gt;&lt;/iframe&gt;', 'version': '1.0', 'provider_name': 'Spotify', 'thumbnail_url': 'https://i.scdn.co/image/ab67706c0000da84838d9214a88f819a88dedbd0', 'thumbnail_height': 300}}",False,https://open.spotify.com/playlist/3FksK2Zm9LUyfjjJbX6ITX,,,
,spotify,Don't ask☺️,t2_spszsxlpc,False,,0,False,Playlist for when im/your thinking about Shrek!,[],r/spotify,False,6,playlist,0,,,False,,t3_19e8o7i,False,dark,1.0,,1,0,"{'content': '&lt;iframe class=""embedly-embed"" src=""https://cdn.embedly.com/widgets/media.html?src=https%3A%2F%2Fopen.spotify.com%2Fembed%2Fplaylist%2F6sSrmQ5ZPr3WCKHsJhLpNI%3Futm_source%3Doembed&amp;display_name=Spotify&amp;url=https%3A%2F%2Fopen.spotify.com%2Fplaylist%2F6sSrmQ5ZPr3WCKHsJhLpNI&amp;image=https%3A%2F%2Fmosaic.scdn.co%2F300%2Fab67616d00001e02232711f7d66a1e19e89e28c5ab67616d00001e02288883647008cefba0db5402ab67616d00001e025ef878a782c987d38d82b605ab67616d00001e02937af329667311f4b2831616&amp;key=ed8fa8699ce04833838e66ce79ba05f1&amp;type=text%2Fhtml&amp;schema=spotify"" width=""456"" height=""352"" scrolling=""no"" title=""Spotify embed"" frameborder=""0"" allow=""autoplay; fullscreen; encrypted-media; picture-in-picture;"" allowfullscreen=""true""&gt;&lt;/iframe&gt;', 'width': 456, 'scrolling': False, 'height': 352}",,,False,[],"{'type': 'open.spotify.com', 'oembed': {'provider_url': 'https://spotify.com', 'description': ""When I'm thinking about Shrek🥹😍 · Playlist · 6 songs"", 'title': ""When I'm thinking about Shrek🥹😍"", 'type': 'rich', 'thumbnail_width': 300, 'height': 352, 'width': 456, 'html': '&lt;iframe class=""embedly-embed"" src=""https://cdn.embedly.com/widgets/media.html?src=https%3A%2F%2Fopen.spotify.com%2Fembed%2Fplaylist%2F6sSrmQ5ZPr3WCKHsJhLpNI%3Futm_source%3Doembed&amp;display_name=Spotify&amp;url=https%3A%2F%2Fopen.spotify.com%2Fplaylist%2F6sSrmQ5ZPr3WCKHsJhLpNI&amp;image=https%3A%2F%2Fmosaic.scdn.co%2F300%2Fab67616d00001e02232711f7d66a1e19e89e28c5ab67616d00001e02288883647008cefba0db5402ab67616d00001e025ef878a782c987d38d82b605ab67616d00001e02937af329667311f4b2831616&amp;key=ed8fa8699ce04833838e66ce79ba05f1&amp;type=text%2Fhtml&amp;schema=spotify"" width=""456"" height=""352"" scrolling=""no"" title=""Spotify embed"" frameborder=""0"" allow=""autoplay; fullscreen; encrypted-media; picture-in-picture;"" allowfullscreen=""true""&gt;&lt;/iframe&gt;', 'version': '1.0', 'provider_name': 'Spotify', 'thumbnail_url': 'https://mosaic.scdn.co/300/ab67616d00001e02232711f7d66a1e19e89e28c5ab67616d00001e02288883647008cefba0db5402ab67616d00001e025ef878a782c987d38d82b605ab67616d00001e02937af329667311f4b2831616', 'thumbnail_height': 300}}",False,False,,"{'content': '&lt;iframe class=""embedly-embed"" src=""https://cdn.embedly.com/widgets/media.html?src=https%3A%2F%2Fopen.spotify.com%2Fembed%2Fplaylist%2F6sSrmQ5ZPr3WCKHsJhLpNI%3Futm_source%3Doembed&amp;display_name=Spotify&amp;url=https%3A%2F%2Fopen.spotify.com%2Fplaylist%2F6sSrmQ5ZPr3WCKHsJhLpNI&amp;image=https%3A%2F%2Fmosaic.scdn.co%2F300%2Fab67616d00001e02232711f7d66a1e19e89e28c5ab67616d00001e02288883647008cefba0db5402ab67616d00001e025ef878a782c987d38d82b605ab67616d00001e02937af329667311f4b2831616&amp;key=ed8fa8699ce04833838e66ce79ba05f1&amp;type=text%2Fhtml&amp;schema=spotify"" width=""456"" height=""352"" scrolling=""no"" title=""Spotify embed"" frameborder=""0"" allow=""autoplay; fullscreen; encrypted-media; picture-in-picture;"" allowfullscreen=""true""&gt;&lt;/iframe&gt;', 'width': 456, 'scrolling': False, 'media_domain_url': 'https://www.redditmedia.com/mediaembed/19e8o7i', 'height': 352}",Playlist - Random / Other / No Theme,False,1,,False,False,,False,,[],{},,,False,public,1706070746.0,text,6,,,text,open.spotify.com,False,"&lt;!-- SC_OFF --&gt;&lt;div class=""md""&gt;&lt;p&gt;Don&amp;#39;t ask☺️&lt;/p&gt;
&lt;/div&gt;&lt;!-- SC_ON --&gt;",,,,,False,False,False,False,False,,[],[],False,5fb11b10-99e4-11e9-afa4-0e71ebf0abb0,False,False,False,,[],False,,,,t5_2qofj,False,,,,#46d160,19e8o7i,True,,nonononopleasenope,,0,True,all_ads,False,[],False,,/r/spotify/comments/19e8o7i/playlist_for_when_imyour_thinking_about_shrek/,all_ads,False,https://open.spotify.com/playlist/6sSrmQ5ZPr3WCKHsJhLpNI?si=lkxXdYjCSja1E7PeDoXj2Q,1396769,1706070746.0,0,"{'type': 'open.spotify.com', 'oembed': {'provider_url': 'https://spotify.com', 'description': ""When I'm thinking about Shrek🥹😍 · Playlist · 6 songs"", 'title': ""When I'm thinking about Shrek🥹😍"", 'type': 'rich', 'thumbnail_width': 300, 'height': 352, 'width': 456, 'html': '&lt;iframe class=""embedly-embed"" src=""https://cdn.embedly.com/widgets/media.html?src=https%3A%2F%2Fopen.spotify.com%2Fembed%2Fplaylist%2F6sSrmQ5ZPr3WCKHsJhLpNI%3Futm_source%3Doembed&amp;display_name=Spotify&amp;url=https%3A%2F%2Fopen.spotify.com%2Fplaylist%2F6sSrmQ5ZPr3WCKHsJhLpNI&amp;image=https%3A%2F%2Fmosaic.scdn.co%2F300%2Fab67616d00001e02232711f7d66a1e19e89e28c5ab67616d00001e02288883647008cefba0db5402ab67616d00001e025ef878a782c987d38d82b605ab67616d00001e02937af329667311f4b2831616&amp;key=ed8fa8699ce04833838e66ce79ba05f1&amp;type=text%2Fhtml&amp;schema=spotify"" width=""456"" height=""352"" scrolling=""no"" title=""Spotify embed"" frameborder=""0"" allow=""autoplay; fullscreen; encrypted-media; picture-in-picture;"" allowfullscreen=""true""&gt;&lt;/iframe&gt;', 'version': '1.0', 'provider_name': 'Spotify', 'thumbnail_url': 'https://mosaic.scdn.co/300/ab67616d00001e02232711f7d66a1e19e89e28c5ab67616d00001e02288883647008cefba0db5402ab67616d00001e025ef878a782c987d38d82b605ab67616d00001e02937af329667311f4b2831616', 'thumbnail_height': 300}}",False,https://open.spotify.com/playlist/6sSrmQ5ZPr3WCKHsJhLpNI?si=lkxXdYjCSja1E7PeDoXj2Q,,,
,spotify,,t2_jz1smvux9,False,,0,False,That 70's Soul for when you're on the go and just want the music to flow,[],r/spotify,False,6,,0,,,False,,t3_19e7y68,False,dark,1.0,,1,0,"{'content': '&lt;iframe class=""embedly-embed"" src=""https://cdn.embedly.com/widgets/media.html?src=https%3A%2F%2Fopen.spotify.com%2Fembed%2Fplaylist%2F4xvZyrWdSnbsFXMrJggiHf%3Futm_source%3Doembed&amp;display_name=Spotify&amp;url=https%3A%2F%2Fopen.spotify.com%2Fplaylist%2F4xvZyrWdSnbsFXMrJggiHf&amp;image=https%3A%2F%2Fi.scdn.co%2Fimage%2Fab67706c0000da84f165d38e5135f668a6089044&amp;key=2aa3c4d5f3de4f5b9120b660ad850dc9&amp;type=text%2Fhtml&amp;schema=spotify"" width=""456"" height=""352"" scrolling=""no"" title=""Spotify embed"" frameborder=""0"" allow=""autoplay; fullscreen; encrypted-media; picture-in-picture;"" allowfullscreen=""true""&gt;&lt;/iframe&gt;', 'width': 456, 'scrolling': False, 'height': 352}",,,False,[],"{'type': 'open.spotify.com', 'oembed': {'provider_url': 'https://spotify.com', 'description': ""That 70's Soul · Playlist · 41 songs · 9 likes"", 'title': ""That 70's Soul"", 'type': 'rich', 'thumbnail_width': 300, 'height': 352, 'width': 456, 'html': '&lt;iframe class=""embedly-embed"" src=""https://cdn.embedly.com/widgets/media.html?src=https%3A%2F%2Fopen.spotify.com%2Fembed%2Fplaylist%2F4xvZyrWdSnbsFXMrJggiHf%3Futm_source%3Doembed&amp;display_name=Spotify&amp;url=https%3A%2F%2Fopen.spotify.com%2Fplaylist%2F4xvZyrWdSnbsFXMrJggiHf&amp;image=https%3A%2F%2Fi.scdn.co%2Fimage%2Fab67706c0000da84f165d38e5135f668a6089044&amp;key=2aa3c4d5f3de4f5b9120b660ad850dc9&amp;type=text%2Fhtml&amp;schema=spotify"" width=""456"" height=""352"" scrolling=""no"" title=""Spotify embed"" frameborder=""0"" allow=""autoplay; fullscreen; encrypted-media; picture-in-picture;"" allowfullscreen=""true""&gt;&lt;/iframe&gt;', 'version': '1.0', 'provider_name': 'Spotify', 'thumbnail_url': 'https://i.scdn.co/image/ab67706c0000da84f165d38e5135f668a6089044', 'thumbnail_height': 300}}",False,False,,"{'content': '&lt;iframe class=""embedly-embed"" src=""https://cdn.embedly.com/widgets/media.html?src=https%3A%2F%2Fopen.spotify.com%2Fembed%2Fplaylist%2F4xvZyrWdSnbsFXMrJggiHf%3Futm_source%3Doembed&amp;display_name=Spotify&amp;url=https%3A%2F%2Fopen.spotify.com%2Fplaylist%2F4xvZyrWdSnbsFXMrJggiHf&amp;image=https%3A%2F%2Fi.scdn.co%2Fimage%2Fab67706c0000da84f165d38e5135f668a6089044&amp;key=2aa3c4d5f3de4f5b9120b660ad850dc9&amp;type=text%2Fhtml&amp;schema=spotify"" width=""456"" height=""352"" scrolling=""no"" title=""Spotify embed"" frameborder=""0"" allow=""autoplay; fullscreen; encrypted-media; picture-in-picture;"" allowfullscreen=""true""&gt;&lt;/iframe&gt;', 'width': 456, 'scrolling': False, 'media_domain_url': 'https://www.redditmedia.com/mediaembed/19e7y68', 'height': 352}",Playlist - Throwback/Flashback/Decades,False,1,,False,False,,False,,[],{},,,False,public,1706068412.0,text,6,,,text,open.spotify.com,False,,,,,,False,False,False,False,False,,[],[],False,8f93ff06-9fa5-11ea-8fd9-0e846d182559,False,False,False,,[],False,,,,t5_2qofj,False,,,,#ab672f,19e7y68,True,,VatoSafado,,0,True,all_ads,False,[],False,,/r/spotify/comments/19e7y68/that_70s_soul_for_when_youre_on_the_go_and_just/,all_ads,False,https://open.spotify.com/playlist/4xvZyrWdSnbsFXMrJggiHf?si=W76ssjQIRIKpVmR2CsRUGQ,1396769,1706068412.0,0,"{'type': 'open.spotify.com', 'oembed': {'provider_url': 'https://spotify.com', 'description': ""That 70's Soul · Playlist · 41 songs · 9 likes"", 'title': ""That 70's Soul"", 'type': 'rich', 'thumbnail_width': 300, 'height': 352, 'width': 456, 'html': '&lt;iframe class=""embedly-embed"" src=""https://cdn.embedly.com/widgets/media.html?src=https%3A%2F%2Fopen.spotify.com%2Fembed%2Fplaylist%2F4xvZyrWdSnbsFXMrJggiHf%3Futm_source%3Doembed&amp;display_name=Spotify&amp;url=https%3A%2F%2Fopen.spotify.com%2Fplaylist%2F4xvZyrWdSnbsFXMrJggiHf&amp;image=https%3A%2F%2Fi.scdn.co%2Fimage%2Fab67706c0000da84f165d38e5135f668a6089044&amp;key=2aa3c4d5f3de4f5b9120b660ad850dc9&amp;type=text%2Fhtml&amp;schema=spotify"" width=""456"" height=""352"" scrolling=""no"" title=""Spotify embed"" frameborder=""0"" allow=""autoplay; fullscreen; encrypted-media; picture-in-picture;"" allowfullscreen=""true""&gt;&lt;/iframe&gt;', 'version': '1.0', 'provider_name': 'Spotify', 'thumbnail_url': 'https://i.scdn.co/image/ab67706c0000da84f165d38e5135f668a6089044', 'thumbnail_height': 300}}",False,https://open.spotify.com/playlist/4xvZyrWdSnbsFXMrJggiHf?si=W76ssjQIRIKpVmR2CsRUGQ,,,
,spotify,"To not rehash the dozens of other threads on how generally broken Spotify's shuffle feature is, one of the recent updates has done something to push me to the brink of switching to Apple music more than ever before. Following Spotify breaking the shuffle feature in 2018 or whenever that main update was, my method of still getting a random feel was to hit shuffle, find a song I knew ""lived"" in area of my 3000+ liked songs that had other music chronologically added above and below that I wanted to listen to again, and then I would hit the shuffle button to go back to ordered play, and go back and forth from that song, then reshuffling as desired to ""land"" in other places in time on my liked songs list.

I am not sure when exactly this started or if it is a bug or intentional update, but I noticed a few months ago that when you hit the shuffle button again to ""unshuffle"", the next song that plays, whether hitting previous song or next song, is a random song somewhere from my recent library. 

Has anyone noticed this/had their favorite method of mitigating the crappiness of shuffle stolen away from them as well? Or is this just a bug?",t2_4j13kfa,False,,0,False,Is this latest shuffle issue I'm noticing a bug or part of an intentional update?,[],r/spotify,False,6,,0,,,False,,t3_19e0mbk,False,light,0.76,,2,0,{},,,False,[],,False,False,,{},Shuffle Complaint,False,2,,False,False,,False,,[],{},,,True,public,1706047960.0,text,6,,,text,self.spotify,False,"&lt;!-- SC_OFF --&gt;&lt;div class=""md""&gt;&lt;p&gt;To not rehash the dozens of other threads on how generally broken Spotify&amp;#39;s shuffle feature is, one of the recent updates has done something to push me to the brink of switching to Apple music more than ever before. Following Spotify breaking the shuffle feature in 2018 or whenever that main update was, my method of still getting a random feel was to hit shuffle, find a song I knew &amp;quot;lived&amp;quot; in area of my 3000+ liked songs that had other music chronologically added above and below that I wanted to listen to again, and then I would hit the shuffle button to go back to ordered play, and go back and forth from that song, then reshuffling as desired to &amp;quot;land&amp;quot; in other places in time on my liked songs list.&lt;/p&gt;

&lt;p&gt;I am not sure when exactly this started or if it is a bug or intentional update, but I noticed a few months ago that when you hit the shuffle button again to &amp;quot;unshuffle&amp;quot;, the next song that plays, whether hitting previous song or next song, is a random song somewhere from my recent library. &lt;/p&gt;

&lt;p&gt;Has anyone noticed this/had their favorite method of mitigating the crappiness of shuffle stolen away from them as well? Or is this just a bug?&lt;/p&gt;
&lt;/div&gt;&lt;!-- SC_ON --&gt;",,,,,False,False,False,False,False,,[],[],False,c26db3f0-eaf4-11ea-842b-0e000ead5bdb,False,False,False,,[],False,,,,t5_2qofj,False,,,,,19e0mbk,True,,DeviantCarcosa,,0,True,all_ads,False,[],False,,/r/spotify/comments/19e0mbk/is_this_latest_shuffle_issue_im_noticing_a_bug_or/,all_ads,False,https://www.reddit.com/r/spotify/comments/19e0mbk/is_this_latest_shuffle_issue_im_noticing_a_bug_or/,1396769,1706047960.0,0,,False,,,,
,spotify,"Do y’all have any recommendations for artists like Currents, We Came as Romans, Motionless in White, or Imminence? I’ve been trying to find some good artists/songs, but I listen to a lot of other genres, which messes with Spotify’s algorithm. 

The playlist above shows sorta the vibe I’m looking for, but I’m always happy for something new.",t2_a6bum84rx,False,,0,False,Any alt/rock metal recs?,[],r/spotify,False,6,favors,0,,,False,,t3_19dqwis,False,dark,1.0,,5,0,"{'content': '&lt;iframe class=""embedly-embed"" src=""https://cdn.embedly.com/widgets/media.html?src=https%3A%2F%2Fopen.spotify.com%2Fembed%2Fplaylist%2F4RRMEaXyXZJkx2VI7LxYUh%3Futm_source%3Doembed&amp;display_name=Spotify&amp;url=https%3A%2F%2Fopen.spotify.com%2Fplaylist%2F4RRMEaXyXZJkx2VI7LxYUh&amp;image=https%3A%2F%2Fmosaic.scdn.co%2F300%2Fab67616d00001e0220bfa6114be3fcada3b5b3e3ab67616d00001e023bead7dd5b1883cb7f33f238ab67616d00001e02d55b4aa69f38d9a27179cec9ab67616d00001e02d95df8ab5382d116e021959c&amp;key=2aa3c4d5f3de4f5b9120b660ad850dc9&amp;type=text%2Fhtml&amp;schema=spotify"" width=""456"" height=""352"" scrolling=""no"" title=""Spotify embed"" frameborder=""0"" allow=""autoplay; fullscreen; encrypted-media; picture-in-picture;"" allowfullscreen=""true""&gt;&lt;/iframe&gt;', 'width': 456, 'scrolling': False, 'height': 352}",,,False,[],"{'type': 'open.spotify.com', 'oembed': {'provider_url': 'https://spotify.com', 'description': 'Metal songs · Playlist · 12 songs', 'title': 'Metal songs', 'type': 'rich', 'thumbnail_width': 300, 'height': 352, 'width': 456, 'html': '&lt;iframe class=""embedly-embed"" src=""https://cdn.embedly.com/widgets/media.html?src=https%3A%2F%2Fopen.spotify.com%2Fembed%2Fplaylist%2F4RRMEaXyXZJkx2VI7LxYUh%3Futm_source%3Doembed&amp;display_name=Spotify&amp;url=https%3A%2F%2Fopen.spotify.com%2Fplaylist%2F4RRMEaXyXZJkx2VI7LxYUh&amp;image=https%3A%2F%2Fmosaic.scdn.co%2F300%2Fab67616d00001e0220bfa6114be3fcada3b5b3e3ab67616d00001e023bead7dd5b1883cb7f33f238ab67616d00001e02d55b4aa69f38d9a27179cec9ab67616d00001e02d95df8ab5382d116e021959c&amp;key=2aa3c4d5f3de4f5b9120b660ad850dc9&amp;type=text%2Fhtml&amp;schema=spotify"" width=""456"" height=""352"" scrolling=""no"" title=""Spotify embed"" frameborder=""0"" allow=""autoplay; fullscreen; encrypted-media; picture-in-picture;"" allowfullscreen=""true""&gt;&lt;/iframe&gt;', 'version': '1.0', 'provider_name': 'Spotify', 'thumbnail_url': 'https://mosaic.scdn.co/300/ab67616d00001e0220bfa6114be3fcada3b5b3e3ab67616d00001e023bead7dd5b1883cb7f33f238ab67616d00001e02d55b4aa69f38d9a27179cec9ab67616d00001e02d95df8ab5382d116e021959c', 'thumbnail_height': 300}}",False,False,,"{'content': '&lt;iframe class=""embedly-embed"" src=""https://cdn.embedly.com/widgets/media.html?src=https%3A%2F%2Fopen.spotify.com%2Fembed%2Fplaylist%2F4RRMEaXyXZJkx2VI7LxYUh%3Futm_source%3Doembed&amp;display_name=Spotify&amp;url=https%3A%2F%2Fopen.spotify.com%2Fplaylist%2F4RRMEaXyXZJkx2VI7LxYUh&amp;image=https%3A%2F%2Fmosaic.scdn.co%2F300%2Fab67616d00001e0220bfa6114be3fcada3b5b3e3ab67616d00001e023bead7dd5b1883cb7f33f238ab67616d00001e02d55b4aa69f38d9a27179cec9ab67616d00001e02d95df8ab5382d116e021959c&amp;key=2aa3c4d5f3de4f5b9120b660ad850dc9&amp;type=text%2Fhtml&amp;schema=spotify"" width=""456"" height=""352"" scrolling=""no"" title=""Spotify embed"" frameborder=""0"" allow=""autoplay; fullscreen; encrypted-media; picture-in-picture;"" allowfullscreen=""true""&gt;&lt;/iframe&gt;', 'width': 456, 'scrolling': False, 'media_domain_url': 'https://www.redditmedia.com/mediaembed/19dqwis', 'height': 352}",[REQUEST] Playlists / Songs / Artists / Albums ,False,5,,False,False,,False,,[],{},,,False,public,1706023634.0,text,6,,,text,open.spotify.com,False,"&lt;!-- SC_OFF --&gt;&lt;div class=""md""&gt;&lt;p&gt;Do y’all have any recommendations for artists like Currents, We Came as Romans, Motionless in White, or Imminence? I’ve been trying to find some good artists/songs, but I listen to a lot of other genres, which messes with Spotify’s algorithm. &lt;/p&gt;

&lt;p&gt;The playlist above shows sorta the vibe I’m looking for, but I’m always happy for something new.&lt;/p&gt;
&lt;/div&gt;&lt;!-- SC_ON --&gt;",,,,,False,False,False,False,False,,[],[],False,b188c2f4-9a2e-11e9-9464-0e9d067aecce,False,False,False,,[],False,,,,t5_2qofj,False,,,,#94e044,19dqwis,True,,ExplosionsGoBOOOOOM,,20,True,all_ads,False,[],False,,/r/spotify/comments/19dqwis/any_altrock_metal_recs/,all_ads,False,https://open.spotify.com/playlist/4RRMEaXyXZJkx2VI7LxYUh?si=ZauE06a6TKiZxCbVqnu-Sw,1396769,1706023634.0,0,"{'type': 'open.spotify.com', 'oembed': {'provider_url': 'https://spotify.com', 'description': 'Metal songs · Playlist · 12 songs', 'title': 'Metal songs', 'type': 'rich', 'thumbnail_width': 300, 'height': 352, 'width': 456, 'html': '&lt;iframe class=""embedly-embed"" src=""https://cdn.embedly.com/widgets/media.html?src=https%3A%2F%2Fopen.spotify.com%2Fembed%2Fplaylist%2F4RRMEaXyXZJkx2VI7LxYUh%3Futm_source%3Doembed&amp;display_name=Spotify&amp;url=https%3A%2F%2Fopen.spotify.com%2Fplaylist%2F4RRMEaXyXZJkx2VI7LxYUh&amp;image=https%3A%2F%2Fmosaic.scdn.co%2F300%2Fab67616d00001e0220bfa6114be3fcada3b5b3e3ab67616d00001e023bead7dd5b1883cb7f33f238ab67616d00001e02d55b4aa69f38d9a27179cec9ab67616d00001e02d95df8ab5382d116e021959c&amp;key=2aa3c4d5f3de4f5b9120b660ad850dc9&amp;type=text%2Fhtml&amp;schema=spotify"" width=""456"" height=""352"" scrolling=""no"" title=""Spotify embed"" frameborder=""0"" allow=""autoplay; fullscreen; encrypted-media; picture-in-picture;"" allowfullscreen=""true""&gt;&lt;/iframe&gt;', 'version': '1.0', 'provider_name': 'Spotify', 'thumbnail_url': 'https://mosaic.scdn.co/300/ab67616d00001e0220bfa6114be3fcada3b5b3e3ab67616d00001e023bead7dd5b1883cb7f33f238ab67616d00001e02d55b4aa69f38d9a27179cec9ab67616d00001e02d95df8ab5382d116e021959c', 'thumbnail_height': 300}}",False,https://open.spotify.com/playlist/4RRMEaXyXZJkx2VI7LxYUh?si=ZauE06a6TKiZxCbVqnu-Sw,,,
,spotify,"What is a song your listen to that makes you feel happy. A song that makes you want to sing to all day long. 

Mine is Love the Day by Fox Stevenson 

It is about stopping craving confirmation, stop worrying too much about the future and start loving the present day. Giving yourself time to learn. 

Here’s the link of you want to listen https://open.spotify.com/track/3zlbxvqrfQdCcoEJCiGAMO?si=p1S4u4d_QcCBBPbNroA5Ag",t2_ii69bpjxm,False,,0,False,What is your happy song?,[],r/spotify,False,6,favors,0,,,False,,t3_19ddc5y,False,dark,0.97,,56,0,{},,,False,[],,False,False,,{},[REQUEST] Playlists / Songs / Artists / Albums ,False,56,,False,False,,False,,[],{},,,True,public,1705975870.0,text,6,,,text,self.spotify,False,"&lt;!-- SC_OFF --&gt;&lt;div class=""md""&gt;&lt;p&gt;What is a song your listen to that makes you feel happy. A song that makes you want to sing to all day long. &lt;/p&gt;

&lt;p&gt;Mine is Love the Day by Fox Stevenson &lt;/p&gt;

&lt;p&gt;It is about stopping craving confirmation, stop worrying too much about the future and start loving the present day. Giving yourself time to learn. &lt;/p&gt;

&lt;p&gt;Here’s the link of you want to listen &lt;a href=""https://open.spotify.com/track/3zlbxvqrfQdCcoEJCiGAMO?si=p1S4u4d_QcCBBPbNroA5Ag""&gt;https://open.spotify.com/track/3zlbxvqrfQdCcoEJCiGAMO?si=p1S4u4d_QcCBBPbNroA5Ag&lt;/a&gt;&lt;/p&gt;
&lt;/div&gt;&lt;!-- SC_ON --&gt;",,,,,False,False,False,False,False,,[],[],False,b188c2f4-9a2e-11e9-9464-0e9d067aecce,False,False,False,,[],False,,,,t5_2qofj,False,,,,#94e044,19ddc5y,True,,HappyHayden_07,,119,True,all_ads,False,[],False,,/r/spotify/comments/19ddc5y/what_is_your_happy_song/,all_ads,False,https://www.reddit.com/r/spotify/comments/19ddc5y/what_is_your_happy_song/,1396769,1705975870.0,0,,False,,,,
,spotify,,t2_53883501,False,,0,False,Chilled Pop - Relax with these smooth chilled Pop hits (pop),[],r/spotify,False,6,,0,,,False,,t3_19e2i3n,False,dark,1.0,,1,0,"{'content': '&lt;iframe class=""embedly-embed"" src=""https://cdn.embedly.com/widgets/media.html?src=https%3A%2F%2Fopen.spotify.com%2Fembed%2Fplaylist%2F1DWbcAuh1DsLUrkshn3ltZ%3Futm_source%3Doembed&amp;display_name=Spotify&amp;url=https%3A%2F%2Fopen.spotify.com%2Fplaylist%2F1DWbcAuh1DsLUrkshn3ltZ&amp;image=https%3A%2F%2Fi.scdn.co%2Fimage%2Fab67706c0000da844e027e217c5cf4bea349fc0a&amp;key=2aa3c4d5f3de4f5b9120b660ad850dc9&amp;type=text%2Fhtml&amp;schema=spotify"" width=""456"" height=""352"" scrolling=""no"" title=""Spotify embed"" frameborder=""0"" allow=""autoplay; fullscreen; encrypted-media; picture-in-picture;"" allowfullscreen=""true""&gt;&lt;/iframe&gt;', 'width': 456, 'scrolling': False, 'height': 352}",,,False,[],"{'type': 'open.spotify.com', 'oembed': {'provider_url': 'https://spotify.com', 'description': 'Chilled Pop 2024 · Playlist · 351 songs · 23 likes', 'title': 'Chilled Pop 2024', 'type': 'rich', 'thumbnail_width': 300, 'height': 352, 'width': 456, 'html': '&lt;iframe class=""embedly-embed"" src=""https://cdn.embedly.com/widgets/media.html?src=https%3A%2F%2Fopen.spotify.com%2Fembed%2Fplaylist%2F1DWbcAuh1DsLUrkshn3ltZ%3Futm_source%3Doembed&amp;display_name=Spotify&amp;url=https%3A%2F%2Fopen.spotify.com%2Fplaylist%2F1DWbcAuh1DsLUrkshn3ltZ&amp;image=https%3A%2F%2Fi.scdn.co%2Fimage%2Fab67706c0000da844e027e217c5cf4bea349fc0a&amp;key=2aa3c4d5f3de4f5b9120b660ad850dc9&amp;type=text%2Fhtml&amp;schema=spotify"" width=""456"" height=""352"" scrolling=""no"" title=""Spotify embed"" frameborder=""0"" allow=""autoplay; fullscreen; encrypted-media; picture-in-picture;"" allowfullscreen=""true""&gt;&lt;/iframe&gt;', 'version': '1.0', 'provider_name': 'Spotify', 'thumbnail_url': 'https://i.scdn.co/image/ab67706c0000da844e027e217c5cf4bea349fc0a', 'thumbnail_height': 300}}",False,False,,"{'content': '&lt;iframe class=""embedly-embed"" src=""https://cdn.embedly.com/widgets/media.html?src=https%3A%2F%2Fopen.spotify.com%2Fembed%2Fplaylist%2F1DWbcAuh1DsLUrkshn3ltZ%3Futm_source%3Doembed&amp;display_name=Spotify&amp;url=https%3A%2F%2Fopen.spotify.com%2Fplaylist%2F1DWbcAuh1DsLUrkshn3ltZ&amp;image=https%3A%2F%2Fi.scdn.co%2Fimage%2Fab67706c0000da844e027e217c5cf4bea349fc0a&amp;key=2aa3c4d5f3de4f5b9120b660ad850dc9&amp;type=text%2Fhtml&amp;schema=spotify"" width=""456"" height=""352"" scrolling=""no"" title=""Spotify embed"" frameborder=""0"" allow=""autoplay; fullscreen; encrypted-media; picture-in-picture;"" allowfullscreen=""true""&gt;&lt;/iframe&gt;', 'width': 456, 'scrolling': False, 'media_domain_url': 'https://www.redditmedia.com/mediaembed/19e2i3n', 'height': 352}",Playlist - Pop / R&amp;B / Top 40,False,1,,False,False,,False,,[],{},,,False,public,1706052783.0,text,6,,,text,open.spotify.com,False,,,,,,False,False,False,False,False,,[],[],False,e5554224-9fa0-11ea-8d77-0ef74412130d,False,False,False,,[],False,,,,t5_2qofj,False,,,,#39c3de,19e2i3n,True,,jmcarlos27,,0,True,all_ads,False,[],False,,/r/spotify/comments/19e2i3n/chilled_pop_relax_with_these_smooth_chilled_pop/,all_ads,False,https://open.spotify.com/playlist/1DWbcAuh1DsLUrkshn3ltZ?si=1Ldef1YERgGVQoCx223Yjw,1396769,1706052783.0,0,"{'type': 'open.spotify.com', 'oembed': {'provider_url': 'https://spotify.com', 'description': 'Chilled Pop 2024 · Playlist · 351 songs · 23 likes', 'title': 'Chilled Pop 2024', 'type': 'rich', 'thumbnail_width': 300, 'height': 352, 'width': 456, 'html': '&lt;iframe class=""embedly-embed"" src=""https://cdn.embedly.com/widgets/media.html?src=https%3A%2F%2Fopen.spotify.com%2Fembed%2Fplaylist%2F1DWbcAuh1DsLUrkshn3ltZ%3Futm_source%3Doembed&amp;display_name=Spotify&amp;url=https%3A%2F%2Fopen.spotify.com%2Fplaylist%2F1DWbcAuh1DsLUrkshn3ltZ&amp;image=https%3A%2F%2Fi.scdn.co%2Fimage%2Fab67706c0000da844e027e217c5cf4bea349fc0a&amp;key=2aa3c4d5f3de4f5b9120b660ad850dc9&amp;type=text%2Fhtml&amp;schema=spotify"" width=""456"" height=""352"" scrolling=""no"" title=""Spotify embed"" frameborder=""0"" allow=""autoplay; fullscreen; encrypted-media; picture-in-picture;"" allowfullscreen=""true""&gt;&lt;/iframe&gt;', 'version': '1.0', 'provider_name': 'Spotify', 'thumbnail_url': 'https://i.scdn.co/image/ab67706c0000da844e027e217c5cf4bea349fc0a', 'thumbnail_height': 300}}",False,https://open.spotify.com/playlist/1DWbcAuh1DsLUrkshn3ltZ?si=1Ldef1YERgGVQoCx223Yjw,,,
,spotify,https://open.spotify.com/track/4BgVyehSOg0jIzjisHaW0a?si=0V72wkCVQiuymJchHiPhoQ,t2_9edfu433,False,,0,False,New song,[],r/spotify,False,6,playlist,0,,,False,,t3_19e2h8y,False,dark,1.0,,1,0,{},,,False,[],,False,False,,{},Playlist - Random / Other / No Theme,False,1,,False,False,,False,,[],{},,,True,public,1706052721.0,text,6,,,text,self.spotify,False,"&lt;!-- SC_OFF --&gt;&lt;div class=""md""&gt;&lt;p&gt;&lt;a href=""https://open.spotify.com/track/4BgVyehSOg0jIzjisHaW0a?si=0V72wkCVQiuymJchHiPhoQ""&gt;https://open.spotify.com/track/4BgVyehSOg0jIzjisHaW0a?si=0V72wkCVQiuymJchHiPhoQ&lt;/a&gt;&lt;/p&gt;
&lt;/div&gt;&lt;!-- SC_ON --&gt;",,,,,False,False,False,False,False,,[],[],False,5fb11b10-99e4-11e9-afa4-0e71ebf0abb0,False,False,False,,[],False,,,,t5_2qofj,False,,,,#46d160,19e2h8y,True,,Clean_Pen_9735,,0,True,all_ads,False,[],False,,/r/spotify/comments/19e2h8y/new_song/,all_ads,False,https://www.reddit.com/r/spotify/comments/19e2h8y/new_song/,1396769,1706052721.0,0,,False,,,,
,spotify,,t2_g2ngdn1e,False,,0,False,"Dark Pop Playlist - Follow, Stream and comment your suggestions",[],r/spotify,False,6,,0,,,False,,t3_19dx0du,False,dark,1.0,,2,0,"{'content': '&lt;iframe class=""embedly-embed"" src=""https://cdn.embedly.com/widgets/media.html?src=https%3A%2F%2Fopen.spotify.com%2Fembed%2Fplaylist%2F29sUunoB9C5pjkou1i5nsQ%3Futm_source%3Doembed&amp;display_name=Spotify&amp;url=https%3A%2F%2Fopen.spotify.com%2Fplaylist%2F29sUunoB9C5pjkou1i5nsQ&amp;image=https%3A%2F%2Fi.scdn.co%2Fimage%2Fab67706c0000da8422feee4abb4629021be03e00&amp;key=2aa3c4d5f3de4f5b9120b660ad850dc9&amp;type=text%2Fhtml&amp;schema=spotify"" width=""456"" height=""352"" scrolling=""no"" title=""Spotify embed"" frameborder=""0"" allow=""autoplay; fullscreen; encrypted-media; picture-in-picture;"" allowfullscreen=""true""&gt;&lt;/iframe&gt;', 'width': 456, 'scrolling': False, 'height': 352}",,,False,[],"{'type': 'open.spotify.com', 'oembed': {'provider_url': 'https://spotify.com', 'description': 'DARKEST HOUR PLAYLIST 🖤 (The Weeknd - Call Out My Name, Billie Eilish - Bored, Chase Atlantic -Swim) · Playlist · 100 songs · 288 likes', 'title': 'DARKEST HOUR PLAYLIST 🖤 (The Weeknd - Call Out My Name, Billie Eilish - Bored, Chase Atlantic -Swim)', 'type': 'rich', 'thumbnail_width': 300, 'height': 352, 'width': 456, 'html': '&lt;iframe class=""embedly-embed"" src=""https://cdn.embedly.com/widgets/media.html?src=https%3A%2F%2Fopen.spotify.com%2Fembed%2Fplaylist%2F29sUunoB9C5pjkou1i5nsQ%3Futm_source%3Doembed&amp;display_name=Spotify&amp;url=https%3A%2F%2Fopen.spotify.com%2Fplaylist%2F29sUunoB9C5pjkou1i5nsQ&amp;image=https%3A%2F%2Fi.scdn.co%2Fimage%2Fab67706c0000da8422feee4abb4629021be03e00&amp;key=2aa3c4d5f3de4f5b9120b660ad850dc9&amp;type=text%2Fhtml&amp;schema=spotify"" width=""456"" height=""352"" scrolling=""no"" title=""Spotify embed"" frameborder=""0"" allow=""autoplay; fullscreen; encrypted-media; picture-in-picture;"" allowfullscreen=""true""&gt;&lt;/iframe&gt;', 'version': '1.0', 'provider_name': 'Spotify', 'thumbnail_url': 'https://i.scdn.co/image/ab67706c0000da8422feee4abb4629021be03e00', 'thumbnail_height': 300}}",False,False,,"{'content': '&lt;iframe class=""embedly-embed"" src=""https://cdn.embedly.com/widgets/media.html?src=https%3A%2F%2Fopen.spotify.com%2Fembed%2Fplaylist%2F29sUunoB9C5pjkou1i5nsQ%3Futm_source%3Doembed&amp;display_name=Spotify&amp;url=https%3A%2F%2Fopen.spotify.com%2Fplaylist%2F29sUunoB9C5pjkou1i5nsQ&amp;image=https%3A%2F%2Fi.scdn.co%2Fimage%2Fab67706c0000da8422feee4abb4629021be03e00&amp;key=2aa3c4d5f3de4f5b9120b660ad850dc9&amp;type=text%2Fhtml&amp;schema=spotify"" width=""456"" height=""352"" scrolling=""no"" title=""Spotify embed"" frameborder=""0"" allow=""autoplay; fullscreen; encrypted-media; picture-in-picture;"" allowfullscreen=""true""&gt;&lt;/iframe&gt;', 'width': 456, 'scrolling': False, 'media_domain_url': 'https://www.redditmedia.com/mediaembed/19dx0du', 'height': 352}",Playlist - Pop / R&amp;B / Top 40,False,2,,False,False,,False,,[],{},,,False,public,1706039007.0,text,6,,,text,open.spotify.com,False,,,,,,False,False,False,False,False,,[],[],False,e5554224-9fa0-11ea-8d77-0ef74412130d,False,False,False,,[],False,,,,t5_2qofj,False,,,,#39c3de,19dx0du,True,,jockelarsson,,1,True,all_ads,False,[],False,,/r/spotify/comments/19dx0du/dark_pop_playlist_follow_stream_and_comment_your/,all_ads,False,https://open.spotify.com/playlist/29sUunoB9C5pjkou1i5nsQ?si=c92a695fe09647d6,1396769,1706039007.0,0,"{'type': 'open.spotify.com', 'oembed': {'provider_url': 'https://spotify.com', 'description': 'DARKEST HOUR PLAYLIST 🖤 (The Weeknd - Call Out My Name, Billie Eilish - Bored, Chase Atlantic -Swim) · Playlist · 100 songs · 288 likes', 'title': 'DARKEST HOUR PLAYLIST 🖤 (The Weeknd - Call Out My Name, Billie Eilish - Bored, Chase Atlantic -Swim)', 'type': 'rich', 'thumbnail_width': 300, 'height': 352, 'width': 456, 'html': '&lt;iframe class=""embedly-embed"" src=""https://cdn.embedly.com/widgets/media.html?src=https%3A%2F%2Fopen.spotify.com%2Fembed%2Fplaylist%2F29sUunoB9C5pjkou1i5nsQ%3Futm_source%3Doembed&amp;display_name=Spotify&amp;url=https%3A%2F%2Fopen.spotify.com%2Fplaylist%2F29sUunoB9C5pjkou1i5nsQ&amp;image=https%3A%2F%2Fi.scdn.co%2Fimage%2Fab67706c0000da8422feee4abb4629021be03e00&amp;key=2aa3c4d5f3de4f5b9120b660ad850dc9&amp;type=text%2Fhtml&amp;schema=spotify"" width=""456"" height=""352"" scrolling=""no"" title=""Spotify embed"" frameborder=""0"" allow=""autoplay; fullscreen; encrypted-media; picture-in-picture;"" allowfullscreen=""true""&gt;&lt;/iframe&gt;', 'version': '1.0', 'provider_name': 'Spotify', 'thumbnail_url': 'https://i.scdn.co/image/ab67706c0000da8422feee4abb4629021be03e00', 'thumbnail_height': 300}}",False,https://open.spotify.com/playlist/29sUunoB9C5pjkou1i5nsQ?si=c92a695fe09647d6,,,
,spotify,,t2_c20yfr57,False,,0,False,Get S**t Done! Motivational playlist,[],r/spotify,False,6,,0,,,False,,t3_19dwj9n,False,dark,1.0,,2,0,"{'content': '&lt;iframe class=""embedly-embed"" src=""https://cdn.embedly.com/widgets/media.html?src=https%3A%2F%2Fopen.spotify.com%2Fembed%2Fplaylist%2F0drCFm7Cc6YCyuY82sOXiP%3Futm_source%3Doembed&amp;display_name=Spotify&amp;url=https%3A%2F%2Fopen.spotify.com%2Fplaylist%2F0drCFm7Cc6YCyuY82sOXiP&amp;image=https%3A%2F%2Fi.scdn.co%2Fimage%2Fab67706c0000da84acd0a652096bc7a4681a831a&amp;key=2aa3c4d5f3de4f5b9120b660ad850dc9&amp;type=text%2Fhtml&amp;schema=spotify"" width=""456"" height=""352"" scrolling=""no"" title=""Spotify embed"" frameborder=""0"" allow=""autoplay; fullscreen; encrypted-media; picture-in-picture;"" allowfullscreen=""true""&gt;&lt;/iframe&gt;', 'width': 456, 'scrolling': False, 'height': 352}",,,False,[],"{'type': 'open.spotify.com', 'oembed': {'provider_url': 'https://spotify.com', 'description': 'Get S**t Done! · Playlist · 32 songs', 'title': 'Get S**t Done!', 'type': 'rich', 'thumbnail_width': 300, 'height': 352, 'width': 456, 'html': '&lt;iframe class=""embedly-embed"" src=""https://cdn.embedly.com/widgets/media.html?src=https%3A%2F%2Fopen.spotify.com%2Fembed%2Fplaylist%2F0drCFm7Cc6YCyuY82sOXiP%3Futm_source%3Doembed&amp;display_name=Spotify&amp;url=https%3A%2F%2Fopen.spotify.com%2Fplaylist%2F0drCFm7Cc6YCyuY82sOXiP&amp;image=https%3A%2F%2Fi.scdn.co%2Fimage%2Fab67706c0000da84acd0a652096bc7a4681a831a&amp;key=2aa3c4d5f3de4f5b9120b660ad850dc9&amp;type=text%2Fhtml&amp;schema=spotify"" width=""456"" height=""352"" scrolling=""no"" title=""Spotify embed"" frameborder=""0"" allow=""autoplay; fullscreen; encrypted-media; picture-in-picture;"" allowfullscreen=""true""&gt;&lt;/iframe&gt;', 'version': '1.0', 'provider_name': 'Spotify', 'thumbnail_url': 'https://i.scdn.co/image/ab67706c0000da84acd0a652096bc7a4681a831a', 'thumbnail_height': 300}}",False,False,,"{'content': '&lt;iframe class=""embedly-embed"" src=""https://cdn.embedly.com/widgets/media.html?src=https%3A%2F%2Fopen.spotify.com%2Fembed%2Fplaylist%2F0drCFm7Cc6YCyuY82sOXiP%3Futm_source%3Doembed&amp;display_name=Spotify&amp;url=https%3A%2F%2Fopen.spotify.com%2Fplaylist%2F0drCFm7Cc6YCyuY82sOXiP&amp;image=https%3A%2F%2Fi.scdn.co%2Fimage%2Fab67706c0000da84acd0a652096bc7a4681a831a&amp;key=2aa3c4d5f3de4f5b9120b660ad850dc9&amp;type=text%2Fhtml&amp;schema=spotify"" width=""456"" height=""352"" scrolling=""no"" title=""Spotify embed"" frameborder=""0"" allow=""autoplay; fullscreen; encrypted-media; picture-in-picture;"" allowfullscreen=""true""&gt;&lt;/iframe&gt;', 'width': 456, 'scrolling': False, 'media_domain_url': 'https://www.redditmedia.com/mediaembed/19dwj9n', 'height': 352}","Playlist - Mood/Feeling (Chill, Lofi, Uplifting)",False,2,,False,False,,False,,[],{},,,False,public,1706037838.0,text,6,,,text,open.spotify.com,False,,,,,,False,False,False,False,False,,[],[],False,ede46e42-9fa0-11ea-8c94-0e70d5715363,False,False,False,,[],False,,,,t5_2qofj,False,,,,#c300c1,19dwj9n,True,,supermoon_,,0,True,all_ads,False,[],False,,/r/spotify/comments/19dwj9n/get_st_done_motivational_playlist/,all_ads,False,https://open.spotify.com/playlist/0drCFm7Cc6YCyuY82sOXiP?si=qVi8bH38ReOOp_1xTXfWmw&amp;nd=1&amp;utm_medium=organic&amp;_branch_referrer=H4sIAAAAAAAAA72N3QqCMACFn2Zeam5hEkiEId0ZEaVXsuaWw7mt%2FVC%2BfTPoFYJzcTgfH2dwTtttklitHGdzjLWOBZdjstNG9Z64QmkqIwDXzAvReSOKYVEA2gNYhSw4%2FtlETWHSAs%2BCWxfqqjdlNW1KkrXl7Nsc2rrhJ4AqywE6PK88vx9RfqZ1rbv0fWnYbXp9z7AQd0zGvxwCmMk%2B0DRiFDtvaKHMA0tOPvyoX00dAQAA&amp;product=open&amp;%24full_url=https%3A%2F%2Fopen.spotify.com%2Fplaylist%2F0drCFm7Cc6YCyuY82sOXiP%3Fsi%3DqVi8bH38ReOOp_1xTXfWmw&amp;feature=organic&amp;_branch_match_id=1278421916959024820,1396769,1706037838.0,0,"{'type': 'open.spotify.com', 'oembed': {'provider_url': 'https://spotify.com', 'description': 'Get S**t Done! · Playlist · 32 songs', 'title': 'Get S**t Done!', 'type': 'rich', 'thumbnail_width': 300, 'height': 352, 'width': 456, 'html': '&lt;iframe class=""embedly-embed"" src=""https://cdn.embedly.com/widgets/media.html?src=https%3A%2F%2Fopen.spotify.com%2Fembed%2Fplaylist%2F0drCFm7Cc6YCyuY82sOXiP%3Futm_source%3Doembed&amp;display_name=Spotify&amp;url=https%3A%2F%2Fopen.spotify.com%2Fplaylist%2F0drCFm7Cc6YCyuY82sOXiP&amp;image=https%3A%2F%2Fi.scdn.co%2Fimage%2Fab67706c0000da84acd0a652096bc7a4681a831a&amp;key=2aa3c4d5f3de4f5b9120b660ad850dc9&amp;type=text%2Fhtml&amp;schema=spotify"" width=""456"" height=""352"" scrolling=""no"" title=""Spotify embed"" frameborder=""0"" allow=""autoplay; fullscreen; encrypted-media; picture-in-picture;"" allowfullscreen=""true""&gt;&lt;/iframe&gt;', 'version': '1.0', 'provider_name': 'Spotify', 'thumbnail_url': 'https://i.scdn.co/image/ab67706c0000da84acd0a652096bc7a4681a831a', 'thumbnail_height': 300}}",False,https://open.spotify.com/playlist/0drCFm7Cc6YCyuY82sOXiP?si=qVi8bH38ReOOp_1xTXfWmw&amp;nd=1&amp;utm_medium=organic&amp;_branch_referrer=H4sIAAAAAAAAA72N3QqCMACFn2Zeam5hEkiEId0ZEaVXsuaWw7mt%2FVC%2BfTPoFYJzcTgfH2dwTtttklitHGdzjLWOBZdjstNG9Z64QmkqIwDXzAvReSOKYVEA2gNYhSw4%2FtlETWHSAs%2BCWxfqqjdlNW1KkrXl7Nsc2rrhJ4AqywE6PK88vx9RfqZ1rbv0fWnYbXp9z7AQd0zGvxwCmMk%2B0DRiFDtvaKHMA0tOPvyoX00dAQAA&amp;product=open&amp;%24full_url=https%3A%2F%2Fopen.spotify.com%2Fplaylist%2F0drCFm7Cc6YCyuY82sOXiP%3Fsi%3DqVi8bH38ReOOp_1xTXfWmw&amp;feature=organic&amp;_branch_match_id=1278421916959024820,,,
,spotify,,t2_vea0wxpz,False,,0,False,SlySpitter Vs Plain Sight,[],r/spotify,False,6,,0,,,False,,t3_19e1eqg,False,dark,1.0,,1,0,"{'content': '&lt;iframe class=""embedly-embed"" src=""https://cdn.embedly.com/widgets/media.html?src=https%3A%2F%2Fopen.spotify.com%2Fembed%2Ftrack%2F0nyrgW8LLErlEkMpgBaNvx%3Futm_source%3Doembed&amp;display_name=Spotify&amp;url=https%3A%2F%2Fopen.spotify.com%2Ftrack%2F0nyrgW8LLErlEkMpgBaNvx&amp;image=https%3A%2F%2Fi.scdn.co%2Fimage%2Fab67616d00001e028e96d9db1406771b2aed0096&amp;key=2aa3c4d5f3de4f5b9120b660ad850dc9&amp;type=text%2Fhtml&amp;schema=spotify"" width=""456"" height=""152"" scrolling=""no"" title=""Spotify embed"" frameborder=""0"" allow=""autoplay; fullscreen; encrypted-media; picture-in-picture;"" allowfullscreen=""true""&gt;&lt;/iframe&gt;', 'width': 456, 'scrolling': False, 'height': 152}",,,False,[],"{'type': 'open.spotify.com', 'oembed': {'provider_url': 'https://spotify.com', 'description': 'Listen to SlySpitter Vs Plain Sight on Spotify. NightHart · Song · 2024.', 'title': 'SlySpitter Vs Plain Sight', 'type': 'rich', 'thumbnail_width': 300, 'height': 152, 'width': 456, 'html': '&lt;iframe class=""embedly-embed"" src=""https://cdn.embedly.com/widgets/media.html?src=https%3A%2F%2Fopen.spotify.com%2Fembed%2Ftrack%2F0nyrgW8LLErlEkMpgBaNvx%3Futm_source%3Doembed&amp;display_name=Spotify&amp;url=https%3A%2F%2Fopen.spotify.com%2Ftrack%2F0nyrgW8LLErlEkMpgBaNvx&amp;image=https%3A%2F%2Fi.scdn.co%2Fimage%2Fab67616d00001e028e96d9db1406771b2aed0096&amp;key=2aa3c4d5f3de4f5b9120b660ad850dc9&amp;type=text%2Fhtml&amp;schema=spotify"" width=""456"" height=""152"" scrolling=""no"" title=""Spotify embed"" frameborder=""0"" allow=""autoplay; fullscreen; encrypted-media; picture-in-picture;"" allowfullscreen=""true""&gt;&lt;/iframe&gt;', 'version': '1.0', 'provider_name': 'Spotify', 'thumbnail_url': 'https://i.scdn.co/image/ab67616d00001e028e96d9db1406771b2aed0096', 'thumbnail_height': 300}}",False,False,,"{'content': '&lt;iframe class=""embedly-embed"" src=""https://cdn.embedly.com/widgets/media.html?src=https%3A%2F%2Fopen.spotify.com%2Fembed%2Ftrack%2F0nyrgW8LLErlEkMpgBaNvx%3Futm_source%3Doembed&amp;display_name=Spotify&amp;url=https%3A%2F%2Fopen.spotify.com%2Ftrack%2F0nyrgW8LLErlEkMpgBaNvx&amp;image=https%3A%2F%2Fi.scdn.co%2Fimage%2Fab67616d00001e028e96d9db1406771b2aed0096&amp;key=2aa3c4d5f3de4f5b9120b660ad850dc9&amp;type=text%2Fhtml&amp;schema=spotify"" width=""456"" height=""152"" scrolling=""no"" title=""Spotify embed"" frameborder=""0"" allow=""autoplay; fullscreen; encrypted-media; picture-in-picture;"" allowfullscreen=""true""&gt;&lt;/iframe&gt;', 'width': 456, 'scrolling': False, 'media_domain_url': 'https://www.redditmedia.com/mediaembed/19e1eqg', 'height': 152}",Playlist - Rap / Hip Hop,False,1,,False,False,,False,,[],{},,,False,public,1706049924.0,text,6,,,text,open.spotify.com,False,,,,,,False,False,False,False,False,,[],[],False,dbc1d8d0-9fa0-11ea-982a-0e836220e083,False,False,False,,[],False,,,,t5_2qofj,False,,,,#e82638,19e1eqg,True,,No_Structure_3317,,0,True,all_ads,False,[],False,,/r/spotify/comments/19e1eqg/slyspitter_vs_plain_sight/,all_ads,False,https://open.spotify.com/track/0nyrgW8LLErlEkMpgBaNvx?si=hwFoNx0xTCaqUqlud_HK-Q,1396769,1706049924.0,0,"{'type': 'open.spotify.com', 'oembed': {'provider_url': 'https://spotify.com', 'description': 'Listen to SlySpitter Vs Plain Sight on Spotify. NightHart · Song · 2024.', 'title': 'SlySpitter Vs Plain Sight', 'type': 'rich', 'thumbnail_width': 300, 'height': 152, 'width': 456, 'html': '&lt;iframe class=""embedly-embed"" src=""https://cdn.embedly.com/widgets/media.html?src=https%3A%2F%2Fopen.spotify.com%2Fembed%2Ftrack%2F0nyrgW8LLErlEkMpgBaNvx%3Futm_source%3Doembed&amp;display_name=Spotify&amp;url=https%3A%2F%2Fopen.spotify.com%2Ftrack%2F0nyrgW8LLErlEkMpgBaNvx&amp;image=https%3A%2F%2Fi.scdn.co%2Fimage%2Fab67616d00001e028e96d9db1406771b2aed0096&amp;key=2aa3c4d5f3de4f5b9120b660ad850dc9&amp;type=text%2Fhtml&amp;schema=spotify"" width=""456"" height=""152"" scrolling=""no"" title=""Spotify embed"" frameborder=""0"" allow=""autoplay; fullscreen; encrypted-media; picture-in-picture;"" allowfullscreen=""true""&gt;&lt;/iframe&gt;', 'version': '1.0', 'provider_name': 'Spotify', 'thumbnail_url': 'https://i.scdn.co/image/ab67616d00001e028e96d9db1406771b2aed0096', 'thumbnail_height': 300}}",False,https://open.spotify.com/track/0nyrgW8LLErlEkMpgBaNvx?si=hwFoNx0xTCaqUqlud_HK-Q,,,
,spotify,,t2_d4gh9vgt,False,,0,False,floating - dreamy songs that create a serene and weightless atmosphere,[],r/spotify,False,6,,0,,,False,,t3_19e0d0c,False,dark,1.0,,1,0,{},,,False,[],,False,False,,{},"Playlist - Mood/Feeling (Chill, Lofi, Uplifting)",False,1,,False,False,,False,,[],{},,,False,public,1706047323.0,text,6,,,text,open.spotify.com,False,,,,,,False,False,False,False,False,,[],[],False,ede46e42-9fa0-11ea-8c94-0e70d5715363,False,False,False,,[],False,,,,t5_2qofj,False,,,,#c300c1,19e0d0c,True,,PeterSoeskov,,0,True,all_ads,False,[],False,,/r/spotify/comments/19e0d0c/floating_dreamy_songs_that_create_a_serene_and/,all_ads,False,https://open.spotify.com/playlist/0CQS6aGOczVRnl231m8FOu?si=t-NjJF3NRfexaIl3b1354w&amp;pi=e-oAvdyGg4TQmo,1396769,1706047323.0,0,,False,https://open.spotify.com/playlist/0CQS6aGOczVRnl231m8FOu?si=t-NjJF3NRfexaIl3b1354w&amp;pi=e-oAvdyGg4TQmo,,,
,spotify,"I want songs with an organ and vocals that are like: 

Paradise Lost by Gain 

Mother Mary by Mr.Kitty",t2_nku0zvnl9,False,,0,False,"I’m looking for songs like these two, but for some reason I can’t really find any.",[],r/spotify,False,6,favors,0,,,False,,t3_19e02b3,False,dark,0.67,,1,0,{},,,False,[],,False,False,,{},[REQUEST] Playlists / Songs / Artists / Albums ,False,1,,False,False,,False,,[],{},,,True,public,1706046591.0,text,6,,,text,self.spotify,False,"&lt;!-- SC_OFF --&gt;&lt;div class=""md""&gt;&lt;p&gt;I want songs with an organ and vocals that are like: &lt;/p&gt;

&lt;p&gt;Paradise Lost by Gain &lt;/p&gt;

&lt;p&gt;Mother Mary by Mr.Kitty&lt;/p&gt;
&lt;/div&gt;&lt;!-- SC_ON --&gt;",,,,,False,False,False,False,False,,[],[],False,b188c2f4-9a2e-11e9-9464-0e9d067aecce,False,False,False,,[],False,,,,t5_2qofj,False,,,,#94e044,19e02b3,True,,Saifyre-Lion,,1,True,all_ads,False,[],False,,/r/spotify/comments/19e02b3/im_looking_for_songs_like_these_two_but_for_some/,all_ads,False,https://www.reddit.com/r/spotify/comments/19e02b3/im_looking_for_songs_like_these_two_but_for_some/,1396769,1706046591.0,0,,False,,,,
,spotify,Enjoy :),t2_mrup0l3h,False,,0,False,RAP PHONK PLAYLIST,[],r/spotify,False,6,,0,,,False,,t3_19duk8p,False,dark,1.0,,2,0,"{'content': '&lt;iframe class=""embedly-embed"" src=""https://cdn.embedly.com/widgets/media.html?src=https%3A%2F%2Fopen.spotify.com%2Fembed%2Fplaylist%2F33s6PeKqRtHpcHkUD3Ez37%3Futm_source%3Doembed&amp;display_name=Spotify&amp;url=https%3A%2F%2Fopen.spotify.com%2Fplaylist%2F33s6PeKqRtHpcHkUD3Ez37&amp;image=https%3A%2F%2Fi.scdn.co%2Fimage%2Fab67706c0000da8409b43f714fbdfbfc48ccbcef&amp;key=2aa3c4d5f3de4f5b9120b660ad850dc9&amp;type=text%2Fhtml&amp;schema=spotify"" width=""456"" height=""352"" scrolling=""no"" title=""Spotify embed"" frameborder=""0"" allow=""autoplay; fullscreen; encrypted-media; picture-in-picture;"" allowfullscreen=""true""&gt;&lt;/iframe&gt;', 'width': 456, 'scrolling': False, 'height': 352}",,,False,[],"{'type': 'open.spotify.com', 'oembed': {'provider_url': 'https://spotify.com', 'description': 'AGRESSIVE RAP PHONK | VIRAL TIKTOK 2024 · Playlist · 50 songs · 3 likes', 'title': 'AGRESSIVE RAP PHONK | VIRAL TIKTOK 2024', 'type': 'rich', 'thumbnail_width': 300, 'height': 352, 'width': 456, 'html': '&lt;iframe class=""embedly-embed"" src=""https://cdn.embedly.com/widgets/media.html?src=https%3A%2F%2Fopen.spotify.com%2Fembed%2Fplaylist%2F33s6PeKqRtHpcHkUD3Ez37%3Futm_source%3Doembed&amp;display_name=Spotify&amp;url=https%3A%2F%2Fopen.spotify.com%2Fplaylist%2F33s6PeKqRtHpcHkUD3Ez37&amp;image=https%3A%2F%2Fi.scdn.co%2Fimage%2Fab67706c0000da8409b43f714fbdfbfc48ccbcef&amp;key=2aa3c4d5f3de4f5b9120b660ad850dc9&amp;type=text%2Fhtml&amp;schema=spotify"" width=""456"" height=""352"" scrolling=""no"" title=""Spotify embed"" frameborder=""0"" allow=""autoplay; fullscreen; encrypted-media; picture-in-picture;"" allowfullscreen=""true""&gt;&lt;/iframe&gt;', 'version': '1.0', 'provider_name': 'Spotify', 'thumbnail_url': 'https://i.scdn.co/image/ab67706c0000da8409b43f714fbdfbfc48ccbcef', 'thumbnail_height': 300}}",False,False,,"{'content': '&lt;iframe class=""embedly-embed"" src=""https://cdn.embedly.com/widgets/media.html?src=https%3A%2F%2Fopen.spotify.com%2Fembed%2Fplaylist%2F33s6PeKqRtHpcHkUD3Ez37%3Futm_source%3Doembed&amp;display_name=Spotify&amp;url=https%3A%2F%2Fopen.spotify.com%2Fplaylist%2F33s6PeKqRtHpcHkUD3Ez37&amp;image=https%3A%2F%2Fi.scdn.co%2Fimage%2Fab67706c0000da8409b43f714fbdfbfc48ccbcef&amp;key=2aa3c4d5f3de4f5b9120b660ad850dc9&amp;type=text%2Fhtml&amp;schema=spotify"" width=""456"" height=""352"" scrolling=""no"" title=""Spotify embed"" frameborder=""0"" allow=""autoplay; fullscreen; encrypted-media; picture-in-picture;"" allowfullscreen=""true""&gt;&lt;/iframe&gt;', 'width': 456, 'scrolling': False, 'media_domain_url': 'https://www.redditmedia.com/mediaembed/19duk8p', 'height': 352}",Playlist - Rap / Hip Hop,False,2,,False,False,,False,,[],{},,,False,public,1706033018.0,text,6,,,text,open.spotify.com,False,"&lt;!-- SC_OFF --&gt;&lt;div class=""md""&gt;&lt;p&gt;Enjoy :)&lt;/p&gt;
&lt;/div&gt;&lt;!-- SC_ON --&gt;",,,,,False,False,False,False,False,,[],[],False,dbc1d8d0-9fa0-11ea-982a-0e836220e083,False,False,False,,[],False,,,,t5_2qofj,False,,,,#e82638,19duk8p,True,,Flame-Runner,,0,True,all_ads,False,[],False,,/r/spotify/comments/19duk8p/rap_phonk_playlist/,all_ads,False,https://open.spotify.com/playlist/33s6PeKqRtHpcHkUD3Ez37?si=OM0pNjXmR4CN6J0z5o_bAA,1396769,1706033018.0,0,"{'type': 'open.spotify.com', 'oembed': {'provider_url': 'https://spotify.com', 'description': 'AGRESSIVE RAP PHONK | VIRAL TIKTOK 2024 · Playlist · 50 songs · 3 likes', 'title': 'AGRESSIVE RAP PHONK | VIRAL TIKTOK 2024', 'type': 'rich', 'thumbnail_width': 300, 'height': 352, 'width': 456, 'html': '&lt;iframe class=""embedly-embed"" src=""https://cdn.embedly.com/widgets/media.html?src=https%3A%2F%2Fopen.spotify.com%2Fembed%2Fplaylist%2F33s6PeKqRtHpcHkUD3Ez37%3Futm_source%3Doembed&amp;display_name=Spotify&amp;url=https%3A%2F%2Fopen.spotify.com%2Fplaylist%2F33s6PeKqRtHpcHkUD3Ez37&amp;image=https%3A%2F%2Fi.scdn.co%2Fimage%2Fab67706c0000da8409b43f714fbdfbfc48ccbcef&amp;key=2aa3c4d5f3de4f5b9120b660ad850dc9&amp;type=text%2Fhtml&amp;schema=spotify"" width=""456"" height=""352"" scrolling=""no"" title=""Spotify embed"" frameborder=""0"" allow=""autoplay; fullscreen; encrypted-media; picture-in-picture;"" allowfullscreen=""true""&gt;&lt;/iframe&gt;', 'version': '1.0', 'provider_name': 'Spotify', 'thumbnail_url': 'https://i.scdn.co/image/ab67706c0000da8409b43f714fbdfbfc48ccbcef', 'thumbnail_height': 300}}",False,https://open.spotify.com/playlist/33s6PeKqRtHpcHkUD3Ez37?si=OM0pNjXmR4CN6J0z5o_bAA,,,
,spotify,"Pretty high right now need some good songs suggestion for a trippy night. 
Currently listening to Daydreaming.

Edit - thank you sooo much guys, found some really amazing songs. ",t2_ixgv9zby8,False,,0,False,High songs,[],r/spotify,False,6,favors,0,,,False,,t3_19d2hlt,False,dark,0.94,,157,0,{},,,False,[],,False,False,,{},[REQUEST] Playlists / Songs / Artists / Albums ,False,157,,False,False,,1706077311.0,,[],{},,,True,public,1705947997.0,text,6,,,text,self.spotify,False,"&lt;!-- SC_OFF --&gt;&lt;div class=""md""&gt;&lt;p&gt;Pretty high right now need some good songs suggestion for a trippy night. 
Currently listening to Daydreaming.&lt;/p&gt;

&lt;p&gt;Edit - thank you sooo much guys, found some really amazing songs. &lt;/p&gt;
&lt;/div&gt;&lt;!-- SC_ON --&gt;",,,,,False,False,False,False,False,,[],[],False,b188c2f4-9a2e-11e9-9464-0e9d067aecce,False,False,False,,[],False,,,,t5_2qofj,False,,,,#94e044,19d2hlt,True,,starrlord__,,251,True,all_ads,False,[],False,,/r/spotify/comments/19d2hlt/high_songs/,all_ads,False,https://www.reddit.com/r/spotify/comments/19d2hlt/high_songs/,1396769,1705947997.0,0,,False,,,,
,spotify,,t2_lf0yg02ej,False,,0,False,Bossa Nova Lounge 2024,[],r/spotify,False,6,,0,,,False,,t3_19dyqc0,False,dark,1.0,,1,0,"{'content': '&lt;iframe class=""embedly-embed"" src=""https://cdn.embedly.com/widgets/media.html?src=https%3A%2F%2Fopen.spotify.com%2Fembed%2Fplaylist%2F4Vzs501UUaXQIsTgQQsJRB%3Futm_source%3Doembed&amp;display_name=Spotify&amp;url=https%3A%2F%2Fopen.spotify.com%2Fplaylist%2F4Vzs501UUaXQIsTgQQsJRB&amp;image=https%3A%2F%2Fi.scdn.co%2Fimage%2Fab67706c0000da84bfb4d12319b9ae08a4d942aa&amp;key=2aa3c4d5f3de4f5b9120b660ad850dc9&amp;type=text%2Fhtml&amp;schema=spotify"" width=""456"" height=""352"" scrolling=""no"" title=""Spotify embed"" frameborder=""0"" allow=""autoplay; fullscreen; encrypted-media; picture-in-picture;"" allowfullscreen=""true""&gt;&lt;/iframe&gt;', 'width': 456, 'scrolling': False, 'height': 352}",,,False,[],"{'type': 'open.spotify.com', 'oembed': {'provider_url': 'https://spotify.com', 'description': 'Bossa Nova Lounge 2024 - Bossa Nova Covers · Playlist · 226 songs · 2.5K likes', 'title': 'Bossa Nova Lounge 2024 - Bossa Nova Covers', 'type': 'rich', 'thumbnail_width': 300, 'height': 352, 'width': 456, 'html': '&lt;iframe class=""embedly-embed"" src=""https://cdn.embedly.com/widgets/media.html?src=https%3A%2F%2Fopen.spotify.com%2Fembed%2Fplaylist%2F4Vzs501UUaXQIsTgQQsJRB%3Futm_source%3Doembed&amp;display_name=Spotify&amp;url=https%3A%2F%2Fopen.spotify.com%2Fplaylist%2F4Vzs501UUaXQIsTgQQsJRB&amp;image=https%3A%2F%2Fi.scdn.co%2Fimage%2Fab67706c0000da84bfb4d12319b9ae08a4d942aa&amp;key=2aa3c4d5f3de4f5b9120b660ad850dc9&amp;type=text%2Fhtml&amp;schema=spotify"" width=""456"" height=""352"" scrolling=""no"" title=""Spotify embed"" frameborder=""0"" allow=""autoplay; fullscreen; encrypted-media; picture-in-picture;"" allowfullscreen=""true""&gt;&lt;/iframe&gt;', 'version': '1.0', 'provider_name': 'Spotify', 'thumbnail_url': 'https://i.scdn.co/image/ab67706c0000da84bfb4d12319b9ae08a4d942aa', 'thumbnail_height': 300}}",False,False,,"{'content': '&lt;iframe class=""embedly-embed"" src=""https://cdn.embedly.com/widgets/media.html?src=https%3A%2F%2Fopen.spotify.com%2Fembed%2Fplaylist%2F4Vzs501UUaXQIsTgQQsJRB%3Futm_source%3Doembed&amp;display_name=Spotify&amp;url=https%3A%2F%2Fopen.spotify.com%2Fplaylist%2F4Vzs501UUaXQIsTgQQsJRB&amp;image=https%3A%2F%2Fi.scdn.co%2Fimage%2Fab67706c0000da84bfb4d12319b9ae08a4d942aa&amp;key=2aa3c4d5f3de4f5b9120b660ad850dc9&amp;type=text%2Fhtml&amp;schema=spotify"" width=""456"" height=""352"" scrolling=""no"" title=""Spotify embed"" frameborder=""0"" allow=""autoplay; fullscreen; encrypted-media; picture-in-picture;"" allowfullscreen=""true""&gt;&lt;/iframe&gt;', 'width': 456, 'scrolling': False, 'media_domain_url': 'https://www.redditmedia.com/mediaembed/19dyqc0', 'height': 352}","Playlist - Theme  (Party, Beach, Study)",False,1,,False,False,,False,,[],{},,,False,public,1706043319.0,text,6,,,text,open.spotify.com,False,,,,,,False,False,False,False,False,,[],[],False,64fa8956-9fa3-11ea-ba10-0e669a062341,False,False,False,,[],False,,,,t5_2qofj,False,,,,#ffd635,19dyqc0,True,,NoelleMusic,,0,True,all_ads,False,[],False,,/r/spotify/comments/19dyqc0/bossa_nova_lounge_2024/,all_ads,False,https://open.spotify.com/playlist/4Vzs501UUaXQIsTgQQsJRB?si=67078cc8ada540c4,1396769,1706043319.0,0,"{'type': 'open.spotify.com', 'oembed': {'provider_url': 'https://spotify.com', 'description': 'Bossa Nova Lounge 2024 - Bossa Nova Covers · Playlist · 226 songs · 2.5K likes', 'title': 'Bossa Nova Lounge 2024 - Bossa Nova Covers', 'type': 'rich', 'thumbnail_width': 300, 'height': 352, 'width': 456, 'html': '&lt;iframe class=""embedly-embed"" src=""https://cdn.embedly.com/widgets/media.html?src=https%3A%2F%2Fopen.spotify.com%2Fembed%2Fplaylist%2F4Vzs501UUaXQIsTgQQsJRB%3Futm_source%3Doembed&amp;display_name=Spotify&amp;url=https%3A%2F%2Fopen.spotify.com%2Fplaylist%2F4Vzs501UUaXQIsTgQQsJRB&amp;image=https%3A%2F%2Fi.scdn.co%2Fimage%2Fab67706c0000da84bfb4d12319b9ae08a4d942aa&amp;key=2aa3c4d5f3de4f5b9120b660ad850dc9&amp;type=text%2Fhtml&amp;schema=spotify"" width=""456"" height=""352"" scrolling=""no"" title=""Spotify embed"" frameborder=""0"" allow=""autoplay; fullscreen; encrypted-media; picture-in-picture;"" allowfullscreen=""true""&gt;&lt;/iframe&gt;', 'version': '1.0', 'provider_name': 'Spotify', 'thumbnail_url': 'https://i.scdn.co/image/ab67706c0000da84bfb4d12319b9ae08a4d942aa', 'thumbnail_height': 300}}",False,https://open.spotify.com/playlist/4Vzs501UUaXQIsTgQQsJRB?si=67078cc8ada540c4,,,
,spotify,,t2_fyuyxkhu3,False,,0,False,Lofi - Evening Mix,[],r/spotify,False,6,,0,,,False,,t3_19dypf3,False,dark,1.0,,1,0,"{'content': '&lt;iframe class=""embedly-embed"" src=""https://cdn.embedly.com/widgets/media.html?src=https%3A%2F%2Fopen.spotify.com%2Fembed%2Fplaylist%2F0lq6RuCI50vmMja0YRiv6o%3Futm_source%3Doembed&amp;display_name=Spotify&amp;url=https%3A%2F%2Fopen.spotify.com%2Fplaylist%2F0lq6RuCI50vmMja0YRiv6o&amp;image=https%3A%2F%2Fi.scdn.co%2Fimage%2Fab67706c0000da84c2a453700aadcc27cbedc666&amp;key=2aa3c4d5f3de4f5b9120b660ad850dc9&amp;type=text%2Fhtml&amp;schema=spotify"" width=""456"" height=""352"" scrolling=""no"" title=""Spotify embed"" frameborder=""0"" allow=""autoplay; fullscreen; encrypted-media; picture-in-picture;"" allowfullscreen=""true""&gt;&lt;/iframe&gt;', 'width': 456, 'scrolling': False, 'height': 352}",,,False,[],"{'type': 'open.spotify.com', 'oembed': {'provider_url': 'https://spotify.com', 'description': 'Lofi - Evening Mix · Playlist · 634 songs · 13 likes', 'title': 'Lofi - Evening Mix', 'type': 'rich', 'thumbnail_width': 300, 'height': 352, 'width': 456, 'html': '&lt;iframe class=""embedly-embed"" src=""https://cdn.embedly.com/widgets/media.html?src=https%3A%2F%2Fopen.spotify.com%2Fembed%2Fplaylist%2F0lq6RuCI50vmMja0YRiv6o%3Futm_source%3Doembed&amp;display_name=Spotify&amp;url=https%3A%2F%2Fopen.spotify.com%2Fplaylist%2F0lq6RuCI50vmMja0YRiv6o&amp;image=https%3A%2F%2Fi.scdn.co%2Fimage%2Fab67706c0000da84c2a453700aadcc27cbedc666&amp;key=2aa3c4d5f3de4f5b9120b660ad850dc9&amp;type=text%2Fhtml&amp;schema=spotify"" width=""456"" height=""352"" scrolling=""no"" title=""Spotify embed"" frameborder=""0"" allow=""autoplay; fullscreen; encrypted-media; picture-in-picture;"" allowfullscreen=""true""&gt;&lt;/iframe&gt;', 'version': '1.0', 'provider_name': 'Spotify', 'thumbnail_url': 'https://i.scdn.co/image/ab67706c0000da84c2a453700aadcc27cbedc666', 'thumbnail_height': 300}}",False,False,,"{'content': '&lt;iframe class=""embedly-embed"" src=""https://cdn.embedly.com/widgets/media.html?src=https%3A%2F%2Fopen.spotify.com%2Fembed%2Fplaylist%2F0lq6RuCI50vmMja0YRiv6o%3Futm_source%3Doembed&amp;display_name=Spotify&amp;url=https%3A%2F%2Fopen.spotify.com%2Fplaylist%2F0lq6RuCI50vmMja0YRiv6o&amp;image=https%3A%2F%2Fi.scdn.co%2Fimage%2Fab67706c0000da84c2a453700aadcc27cbedc666&amp;key=2aa3c4d5f3de4f5b9120b660ad850dc9&amp;type=text%2Fhtml&amp;schema=spotify"" width=""456"" height=""352"" scrolling=""no"" title=""Spotify embed"" frameborder=""0"" allow=""autoplay; fullscreen; encrypted-media; picture-in-picture;"" allowfullscreen=""true""&gt;&lt;/iframe&gt;', 'width': 456, 'scrolling': False, 'media_domain_url': 'https://www.redditmedia.com/mediaembed/19dypf3', 'height': 352}","Playlist - Mood/Feeling (Chill, Lofi, Uplifting)",False,1,,False,False,,False,,[],{},,,False,public,1706043253.0,text,6,,,text,open.spotify.com,False,,,,,,False,False,False,False,False,,[],[],False,ede46e42-9fa0-11ea-8c94-0e70d5715363,False,False,False,,[],False,,,,t5_2qofj,False,,,,#c300c1,19dypf3,True,,HumanCartoon420,,0,True,all_ads,False,[],False,,/r/spotify/comments/19dypf3/lofi_evening_mix/,all_ads,False,https://open.spotify.com/playlist/0lq6RuCI50vmMja0YRiv6o?si=rFOtiXD8Qli6Pd5F3IzIOA&amp;pi=u-MrbQCBymT4Wm&amp;nd=1&amp;utm_medium=organic&amp;product=open&amp;%24full_url=https%3A%2F%2Fopen.spotify.com%2Fplaylist%2F0lq6RuCI50vmMja0YRiv6o%3Fsi%3DrFOtiXD8Qli6Pd5F3IzIOA%26pi%3Du-MrbQCBymT4Wm&amp;feature=organic&amp;_branch_match_id=1217519179280697867&amp;_branch_referrer=H4sIAAAAAAAAA8WOzQqCQBzEn2a9peYXEUiUIngQM4LqFOuqufnX3dZdwZ6%2BNegZgjkMv2GGaaXk49ayRs4kbWYTc24CHTprxwWrFJEh4%2FVgIMdrFMBdCQjbpYLcPXISrSU2f23Ceo044BnoKLW14RWcVJT69tRnT2zfTnQKGHKTkSI3Fkku6TXeFECDY%2BUnbvpOc70b8CVVq0yURXSY%2B7N36b8XMECJSffHG5oOlaZro6mxVKIOmXjggZIPXycwmkkBAAA%3D,1396769,1706043253.0,0,"{'type': 'open.spotify.com', 'oembed': {'provider_url': 'https://spotify.com', 'description': 'Lofi - Evening Mix · Playlist · 634 songs · 13 likes', 'title': 'Lofi - Evening Mix', 'type': 'rich', 'thumbnail_width': 300, 'height': 352, 'width': 456, 'html': '&lt;iframe class=""embedly-embed"" src=""https://cdn.embedly.com/widgets/media.html?src=https%3A%2F%2Fopen.spotify.com%2Fembed%2Fplaylist%2F0lq6RuCI50vmMja0YRiv6o%3Futm_source%3Doembed&amp;display_name=Spotify&amp;url=https%3A%2F%2Fopen.spotify.com%2Fplaylist%2F0lq6RuCI50vmMja0YRiv6o&amp;image=https%3A%2F%2Fi.scdn.co%2Fimage%2Fab67706c0000da84c2a453700aadcc27cbedc666&amp;key=2aa3c4d5f3de4f5b9120b660ad850dc9&amp;type=text%2Fhtml&amp;schema=spotify"" width=""456"" height=""352"" scrolling=""no"" title=""Spotify embed"" frameborder=""0"" allow=""autoplay; fullscreen; encrypted-media; picture-in-picture;"" allowfullscreen=""true""&gt;&lt;/iframe&gt;', 'version': '1.0', 'provider_name': 'Spotify', 'thumbnail_url': 'https://i.scdn.co/image/ab67706c0000da84c2a453700aadcc27cbedc666', 'thumbnail_height': 300}}",False,https://open.spotify.com/playlist/0lq6RuCI50vmMja0YRiv6o?si=rFOtiXD8Qli6Pd5F3IzIOA&amp;pi=u-MrbQCBymT4Wm&amp;nd=1&amp;utm_medium=organic&amp;product=open&amp;%24full_url=https%3A%2F%2Fopen.spotify.com%2Fplaylist%2F0lq6RuCI50vmMja0YRiv6o%3Fsi%3DrFOtiXD8Qli6Pd5F3IzIOA%26pi%3Du-MrbQCBymT4Wm&amp;feature=organic&amp;_branch_match_id=1217519179280697867&amp;_branch_referrer=H4sIAAAAAAAAA8WOzQqCQBzEn2a9peYXEUiUIngQM4LqFOuqufnX3dZdwZ6%2BNegZgjkMv2GGaaXk49ayRs4kbWYTc24CHTprxwWrFJEh4%2FVgIMdrFMBdCQjbpYLcPXISrSU2f23Ceo044BnoKLW14RWcVJT69tRnT2zfTnQKGHKTkSI3Fkku6TXeFECDY%2BUnbvpOc70b8CVVq0yURXSY%2B7N36b8XMECJSffHG5oOlaZro6mxVKIOmXjggZIPXycwmkkBAAA%3D,,,
,spotify,,t2_16c3o7,False,,0,False,"𝐏𝐫𝐞𝐦𝐢𝐮𝐦 - a collection of the best songs I know (hip hop, alt rnb, psychedelic rock)",[],r/spotify,False,6,playlist,0,,,False,,t3_19dyi7e,False,dark,1.0,,1,0,{},,,False,[],,False,False,,{},Playlist - Random / Other / No Theme,False,1,,False,False,,False,,[],{},,,False,public,1706042742.0,text,6,,,text,open.spotify.com,False,,,,,,False,True,False,False,False,,[],[],False,5fb11b10-99e4-11e9-afa4-0e71ebf0abb0,False,False,False,,[],False,,,,t5_2qofj,False,,,,#46d160,19dyi7e,True,,ale_xxx99,,0,True,all_ads,False,[],False,,/r/spotify/comments/19dyi7e/𝐏𝐫𝐞𝐦𝐢𝐮𝐦_a_collection_of_the_best_songs_i_know_hip/,all_ads,False,https://open.spotify.com/playlist/3JOeSp5XDRL0Yihy88JFNY?si=b47f87230c764605,1396769,1706042742.0,0,,False,https://open.spotify.com/playlist/3JOeSp5XDRL0Yihy88JFNY?si=b47f87230c764605,,,
,spotify,,t2_7sh2bkabv,False,,0,False,"vibe to this playlist with disco, funk, soul, and groovy music from around the world",[],r/spotify,False,6,suggestion,0,,,False,,t3_19dt302,False,dark,1.0,,2,0,"{'content': '&lt;iframe class=""embedly-embed"" src=""https://cdn.embedly.com/widgets/media.html?src=https%3A%2F%2Fopen.spotify.com%2Fembed%2Fplaylist%2F6StNoOdwiLdbmOHcDZjeI5%3Futm_source%3Doembed&amp;display_name=Spotify&amp;url=https%3A%2F%2Fopen.spotify.com%2Fplaylist%2F6StNoOdwiLdbmOHcDZjeI5&amp;image=https%3A%2F%2Fi.scdn.co%2Fimage%2Fab67706c0000da84f1fa72cadde07c8861a5b2b2&amp;key=2aa3c4d5f3de4f5b9120b660ad850dc9&amp;type=text%2Fhtml&amp;schema=spotify"" width=""456"" height=""352"" scrolling=""no"" title=""Spotify embed"" frameborder=""0"" allow=""autoplay; fullscreen; encrypted-media; picture-in-picture;"" allowfullscreen=""true""&gt;&lt;/iframe&gt;', 'width': 456, 'scrolling': False, 'height': 352}",,,False,[],"{'type': 'open.spotify.com', 'oembed': {'provider_url': 'https://spotify.com', 'description': 'boogie · Playlist · 842 songs · 55 likes', 'title': 'boogie', 'type': 'rich', 'thumbnail_width': 300, 'height': 352, 'width': 456, 'html': '&lt;iframe class=""embedly-embed"" src=""https://cdn.embedly.com/widgets/media.html?src=https%3A%2F%2Fopen.spotify.com%2Fembed%2Fplaylist%2F6StNoOdwiLdbmOHcDZjeI5%3Futm_source%3Doembed&amp;display_name=Spotify&amp;url=https%3A%2F%2Fopen.spotify.com%2Fplaylist%2F6StNoOdwiLdbmOHcDZjeI5&amp;image=https%3A%2F%2Fi.scdn.co%2Fimage%2Fab67706c0000da84f1fa72cadde07c8861a5b2b2&amp;key=2aa3c4d5f3de4f5b9120b660ad850dc9&amp;type=text%2Fhtml&amp;schema=spotify"" width=""456"" height=""352"" scrolling=""no"" title=""Spotify embed"" frameborder=""0"" allow=""autoplay; fullscreen; encrypted-media; picture-in-picture;"" allowfullscreen=""true""&gt;&lt;/iframe&gt;', 'version': '1.0', 'provider_name': 'Spotify', 'thumbnail_url': 'https://i.scdn.co/image/ab67706c0000da84f1fa72cadde07c8861a5b2b2', 'thumbnail_height': 300}}",False,False,,"{'content': '&lt;iframe class=""embedly-embed"" src=""https://cdn.embedly.com/widgets/media.html?src=https%3A%2F%2Fopen.spotify.com%2Fembed%2Fplaylist%2F6StNoOdwiLdbmOHcDZjeI5%3Futm_source%3Doembed&amp;display_name=Spotify&amp;url=https%3A%2F%2Fopen.spotify.com%2Fplaylist%2F6StNoOdwiLdbmOHcDZjeI5&amp;image=https%3A%2F%2Fi.scdn.co%2Fimage%2Fab67706c0000da84f1fa72cadde07c8861a5b2b2&amp;key=2aa3c4d5f3de4f5b9120b660ad850dc9&amp;type=text%2Fhtml&amp;schema=spotify"" width=""456"" height=""352"" scrolling=""no"" title=""Spotify embed"" frameborder=""0"" allow=""autoplay; fullscreen; encrypted-media; picture-in-picture;"" allowfullscreen=""true""&gt;&lt;/iframe&gt;', 'width': 456, 'scrolling': False, 'media_domain_url': 'https://www.redditmedia.com/mediaembed/19dt302', 'height': 352}","Playlist - World (Latin, Cultural)",False,2,,False,False,,False,,[],{},,,False,public,1706029188.0,text,6,,,text,open.spotify.com,False,,,,,,False,False,False,False,False,,[],[],False,37f50e72-99e6-11e9-a66d-0ed6813ef9d4,False,False,False,,[],False,,,,t5_2qofj,False,,,,#ff4500,19dt302,True,,full_variant,,1,True,all_ads,False,[],False,,/r/spotify/comments/19dt302/vibe_to_this_playlist_with_disco_funk_soul_and/,all_ads,False,https://open.spotify.com/playlist/6StNoOdwiLdbmOHcDZjeI5?si=e2e20c6ae37b4c15,1396769,1706029188.0,0,"{'type': 'open.spotify.com', 'oembed': {'provider_url': 'https://spotify.com', 'description': 'boogie · Playlist · 842 songs · 55 likes', 'title': 'boogie', 'type': 'rich', 'thumbnail_width': 300, 'height': 352, 'width': 456, 'html': '&lt;iframe class=""embedly-embed"" src=""https://cdn.embedly.com/widgets/media.html?src=https%3A%2F%2Fopen.spotify.com%2Fembed%2Fplaylist%2F6StNoOdwiLdbmOHcDZjeI5%3Futm_source%3Doembed&amp;display_name=Spotify&amp;url=https%3A%2F%2Fopen.spotify.com%2Fplaylist%2F6StNoOdwiLdbmOHcDZjeI5&amp;image=https%3A%2F%2Fi.scdn.co%2Fimage%2Fab67706c0000da84f1fa72cadde07c8861a5b2b2&amp;key=2aa3c4d5f3de4f5b9120b660ad850dc9&amp;type=text%2Fhtml&amp;schema=spotify"" width=""456"" height=""352"" scrolling=""no"" title=""Spotify embed"" frameborder=""0"" allow=""autoplay; fullscreen; encrypted-media; picture-in-picture;"" allowfullscreen=""true""&gt;&lt;/iframe&gt;', 'version': '1.0', 'provider_name': 'Spotify', 'thumbnail_url': 'https://i.scdn.co/image/ab67706c0000da84f1fa72cadde07c8861a5b2b2', 'thumbnail_height': 300}}",False,https://open.spotify.com/playlist/6StNoOdwiLdbmOHcDZjeI5?si=e2e20c6ae37b4c15,,,
,spotify,I have a playlist of about 950 songs and for some reason spotify keeps playing the same songs. I'll skip over them but they'll come back up 5 songs later as if I don't have any other songs to play. It's really annoying especially because I miss out on a bunch of good songs because of this,t2_9bqcuze3,False,,0,False,Spotify keeps playing the same songs,[],r/spotify,False,6,,0,,,False,,t3_19do16w,False,light,1.0,,5,0,{},,,False,[],,False,False,,{},Shuffle Complaint,False,5,,False,False,,False,,[],{},,,True,public,1706015277.0,text,6,,,text,self.spotify,False,"&lt;!-- SC_OFF --&gt;&lt;div class=""md""&gt;&lt;p&gt;I have a playlist of about 950 songs and for some reason spotify keeps playing the same songs. I&amp;#39;ll skip over them but they&amp;#39;ll come back up 5 songs later as if I don&amp;#39;t have any other songs to play. It&amp;#39;s really annoying especially because I miss out on a bunch of good songs because of this&lt;/p&gt;
&lt;/div&gt;&lt;!-- SC_ON --&gt;",,,,,False,False,False,False,False,,[],[],False,c26db3f0-eaf4-11ea-842b-0e000ead5bdb,False,False,False,,[],False,,,,t5_2qofj,False,,,,,19do16w,True,,OkMountain9032,,4,True,all_ads,False,[],False,,/r/spotify/comments/19do16w/spotify_keeps_playing_the_same_songs/,all_ads,False,https://www.reddit.com/r/spotify/comments/19do16w/spotify_keeps_playing_the_same_songs/,1396769,1706015277.0,0,,False,,,,
,spotify,"This playlist is about 1007 Years long 
You can’t listen to it 
I just made it out of boredom 

https://open.spotify.com/playlist/2kImQO0Oh1QJZRq4LEkMsn?si=bp6VRk8DQ9ymK3VTO5cbRg",t2_4cc0byut,False,,0,False,Longest playlist,[],r/spotify,False,6,playlist,0,,,False,,t3_19dmpeh,False,dark,0.73,,5,0,{},,,False,[],,False,False,,{},Playlist - Random / Other / No Theme,False,5,,False,False,,False,,[],{},,,True,public,1706010679.0,text,6,,,text,self.spotify,False,"&lt;!-- SC_OFF --&gt;&lt;div class=""md""&gt;&lt;p&gt;This playlist is about 1007 Years long 
You can’t listen to it 
I just made it out of boredom &lt;/p&gt;

&lt;p&gt;&lt;a href=""https://open.spotify.com/playlist/2kImQO0Oh1QJZRq4LEkMsn?si=bp6VRk8DQ9ymK3VTO5cbRg""&gt;https://open.spotify.com/playlist/2kImQO0Oh1QJZRq4LEkMsn?si=bp6VRk8DQ9ymK3VTO5cbRg&lt;/a&gt;&lt;/p&gt;
&lt;/div&gt;&lt;!-- SC_ON --&gt;",,,,,False,True,False,False,False,,[],[],False,5fb11b10-99e4-11e9-afa4-0e71ebf0abb0,False,False,False,,[],False,,,,t5_2qofj,False,,,,#46d160,19dmpeh,True,,Shi3104,,8,True,all_ads,False,[],False,,/r/spotify/comments/19dmpeh/longest_playlist/,all_ads,False,https://www.reddit.com/r/spotify/comments/19dmpeh/longest_playlist/,1396769,1706010679.0,0,,False,,,,
,spotify,,t2_bvk19ppi,False,,0,False,POPSALT | underground alternative pop,[],r/spotify,False,6,playlist,0,,,False,,t3_19drmoz,False,dark,1.0,,2,0,"{'content': '&lt;iframe class=""embedly-embed"" src=""https://cdn.embedly.com/widgets/media.html?src=https%3A%2F%2Fopen.spotify.com%2Fembed%2Fplaylist%2F6iFDTY15KYgFIOoBAjHw4O%3Futm_source%3Doembed&amp;display_name=Spotify&amp;url=https%3A%2F%2Fopen.spotify.com%2Fplaylist%2F6iFDTY15KYgFIOoBAjHw4O&amp;image=https%3A%2F%2Fi.scdn.co%2Fimage%2Fab67706c0000da8486835589aa0ba100c4004893&amp;key=2aa3c4d5f3de4f5b9120b660ad850dc9&amp;type=text%2Fhtml&amp;schema=spotify"" width=""456"" height=""352"" scrolling=""no"" title=""Spotify embed"" frameborder=""0"" allow=""autoplay; fullscreen; encrypted-media; picture-in-picture;"" allowfullscreen=""true""&gt;&lt;/iframe&gt;', 'width': 456, 'scrolling': False, 'height': 352}",,,False,[],"{'type': 'open.spotify.com', 'oembed': {'provider_url': 'https://spotify.com', 'description': 'POPSALT | underground alternative pop · Playlist · 31 songs · 41 likes', 'title': 'POPSALT | underground alternative pop', 'type': 'rich', 'thumbnail_width': 300, 'height': 352, 'width': 456, 'html': '&lt;iframe class=""embedly-embed"" src=""https://cdn.embedly.com/widgets/media.html?src=https%3A%2F%2Fopen.spotify.com%2Fembed%2Fplaylist%2F6iFDTY15KYgFIOoBAjHw4O%3Futm_source%3Doembed&amp;display_name=Spotify&amp;url=https%3A%2F%2Fopen.spotify.com%2Fplaylist%2F6iFDTY15KYgFIOoBAjHw4O&amp;image=https%3A%2F%2Fi.scdn.co%2Fimage%2Fab67706c0000da8486835589aa0ba100c4004893&amp;key=2aa3c4d5f3de4f5b9120b660ad850dc9&amp;type=text%2Fhtml&amp;schema=spotify"" width=""456"" height=""352"" scrolling=""no"" title=""Spotify embed"" frameborder=""0"" allow=""autoplay; fullscreen; encrypted-media; picture-in-picture;"" allowfullscreen=""true""&gt;&lt;/iframe&gt;', 'version': '1.0', 'provider_name': 'Spotify', 'thumbnail_url': 'https://i.scdn.co/image/ab67706c0000da8486835589aa0ba100c4004893', 'thumbnail_height': 299}}",False,False,,"{'content': '&lt;iframe class=""embedly-embed"" src=""https://cdn.embedly.com/widgets/media.html?src=https%3A%2F%2Fopen.spotify.com%2Fembed%2Fplaylist%2F6iFDTY15KYgFIOoBAjHw4O%3Futm_source%3Doembed&amp;display_name=Spotify&amp;url=https%3A%2F%2Fopen.spotify.com%2Fplaylist%2F6iFDTY15KYgFIOoBAjHw4O&amp;image=https%3A%2F%2Fi.scdn.co%2Fimage%2Fab67706c0000da8486835589aa0ba100c4004893&amp;key=2aa3c4d5f3de4f5b9120b660ad850dc9&amp;type=text%2Fhtml&amp;schema=spotify"" width=""456"" height=""352"" scrolling=""no"" title=""Spotify embed"" frameborder=""0"" allow=""autoplay; fullscreen; encrypted-media; picture-in-picture;"" allowfullscreen=""true""&gt;&lt;/iframe&gt;', 'width': 456, 'scrolling': False, 'media_domain_url': 'https://www.redditmedia.com/mediaembed/19drmoz', 'height': 352}",Playlist - Random / Other / No Theme,False,2,,False,False,,False,,[],{},,,False,public,1706025534.0,text,6,,,text,open.spotify.com,False,,,,,,False,True,False,False,False,,[],[],False,5fb11b10-99e4-11e9-afa4-0e71ebf0abb0,False,False,False,,[],False,,,,t5_2qofj,False,,,,#46d160,19drmoz,True,,leyline_gg,,1,True,all_ads,False,[],False,,/r/spotify/comments/19drmoz/popsalt_underground_alternative_pop/,all_ads,False,https://open.spotify.com/playlist/6iFDTY15KYgFIOoBAjHw4O?si=6b000efb73a44642,1396769,1706025534.0,0,"{'type': 'open.spotify.com', 'oembed': {'provider_url': 'https://spotify.com', 'description': 'POPSALT | underground alternative pop · Playlist · 31 songs · 41 likes', 'title': 'POPSALT | underground alternative pop', 'type': 'rich', 'thumbnail_width': 300, 'height': 352, 'width': 456, 'html': '&lt;iframe class=""embedly-embed"" src=""https://cdn.embedly.com/widgets/media.html?src=https%3A%2F%2Fopen.spotify.com%2Fembed%2Fplaylist%2F6iFDTY15KYgFIOoBAjHw4O%3Futm_source%3Doembed&amp;display_name=Spotify&amp;url=https%3A%2F%2Fopen.spotify.com%2Fplaylist%2F6iFDTY15KYgFIOoBAjHw4O&amp;image=https%3A%2F%2Fi.scdn.co%2Fimage%2Fab67706c0000da8486835589aa0ba100c4004893&amp;key=2aa3c4d5f3de4f5b9120b660ad850dc9&amp;type=text%2Fhtml&amp;schema=spotify"" width=""456"" height=""352"" scrolling=""no"" title=""Spotify embed"" frameborder=""0"" allow=""autoplay; fullscreen; encrypted-media; picture-in-picture;"" allowfullscreen=""true""&gt;&lt;/iframe&gt;', 'version': '1.0', 'provider_name': 'Spotify', 'thumbnail_url': 'https://i.scdn.co/image/ab67706c0000da8486835589aa0ba100c4004893', 'thumbnail_height': 299}}",False,https://open.spotify.com/playlist/6iFDTY15KYgFIOoBAjHw4O?si=6b000efb73a44642,,,
,spotify,I sometimes come across people of Spotify who have like 5-6 million listeners but I have no clue about them. was curious if you have any such examples too,t2_kfftwl5q,False,,0,False,any artists that have millions of monthly listeners but no one is talking about?,[],r/spotify,False,6,favors,0,,,False,,t3_19d6mqz,False,dark,0.96,,59,0,{},,,False,[],,False,False,,{},[REQUEST] Playlists / Songs / Artists / Albums ,False,59,,False,False,,False,,[],{},,,True,public,1705958237.0,text,6,,,text,self.spotify,False,"&lt;!-- SC_OFF --&gt;&lt;div class=""md""&gt;&lt;p&gt;I sometimes come across people of Spotify who have like 5-6 million listeners but I have no clue about them. was curious if you have any such examples too&lt;/p&gt;
&lt;/div&gt;&lt;!-- SC_ON --&gt;",,,,,False,False,False,False,False,,[],[],False,b188c2f4-9a2e-11e9-9464-0e9d067aecce,False,False,False,,[],False,,,,t5_2qofj,False,,,,#94e044,19d6mqz,True,,cranberryjuice666,,87,True,all_ads,False,[],False,,/r/spotify/comments/19d6mqz/any_artists_that_have_millions_of_monthly/,all_ads,False,https://www.reddit.com/r/spotify/comments/19d6mqz/any_artists_that_have_millions_of_monthly/,1396770,1705958237.0,0,,False,,,,
,spotify,"Thanks? Lol 

[All The Songs](https://open.spotify.com/playlist/5XGu7S3pOc49HDUpTut7My?si=kckENK9lRbOH5Ov5xHErfg)",t2_6lp1l,False,,0,False,"I have ADHD, eclectic taste, and a single Spotify playlist I've been adding to for almost 10 years. It's five days long. Let me know what you think?",[],r/spotify,False,6,playlist,0,,,False,,t3_19d99id,False,dark,0.92,,41,0,{},,,False,[],,False,False,,{},Playlist - Random / Other / No Theme,False,41,,False,False,,False,,[],{},,,True,public,1705964650.0,text,6,,,text,self.spotify,False,"&lt;!-- SC_OFF --&gt;&lt;div class=""md""&gt;&lt;p&gt;Thanks? Lol &lt;/p&gt;

&lt;p&gt;&lt;a href=""https://open.spotify.com/playlist/5XGu7S3pOc49HDUpTut7My?si=kckENK9lRbOH5Ov5xHErfg""&gt;All The Songs&lt;/a&gt;&lt;/p&gt;
&lt;/div&gt;&lt;!-- SC_ON --&gt;",,,,,False,False,False,False,False,,[],[],False,5fb11b10-99e4-11e9-afa4-0e71ebf0abb0,False,False,False,,[],False,,,,t5_2qofj,False,,,,#46d160,19d99id,True,,Millerdjone,,35,True,all_ads,False,[],False,,/r/spotify/comments/19d99id/i_have_adhd_eclectic_taste_and_a_single_spotify/,all_ads,False,https://www.reddit.com/r/spotify/comments/19d99id/i_have_adhd_eclectic_taste_and_a_single_spotify/,1396770,1705964650.0,0,,False,,,,
,spotify,,t2_czzp2w4,False,,0,False,"Since the 2024 Academy Award nominees were announced today, here's a playlist with every single nominated song from the past 90 years!",[],r/spotify,False,6,,0,,,False,,t3_19dqqhg,False,dark,1.0,,2,0,"{'content': '&lt;iframe class=""embedly-embed"" src=""https://cdn.embedly.com/widgets/media.html?src=https%3A%2F%2Fopen.spotify.com%2Fembed%2Fplaylist%2F1NT1o5noEbZ3tveqeKuHhx%3Futm_source%3Doembed&amp;display_name=Spotify&amp;url=https%3A%2F%2Fopen.spotify.com%2Fplaylist%2F1NT1o5noEbZ3tveqeKuHhx&amp;image=https%3A%2F%2Fi.scdn.co%2Fimage%2Fab67706c0000da84172517178c5e8a5e2b2a155b&amp;key=2aa3c4d5f3de4f5b9120b660ad850dc9&amp;type=text%2Fhtml&amp;schema=spotify"" width=""456"" height=""352"" scrolling=""no"" title=""Spotify embed"" frameborder=""0"" allow=""autoplay; fullscreen; encrypted-media; picture-in-picture;"" allowfullscreen=""true""&gt;&lt;/iframe&gt;', 'width': 456, 'scrolling': False, 'height': 352}",,,False,[],"{'type': 'open.spotify.com', 'oembed': {'provider_url': 'https://spotify.com', 'description': 'All Academy Award Nominees for Best Original Song · Playlist · 459 songs · 4 likes', 'title': 'All Academy Award Nominees for Best Original Song', 'type': 'rich', 'thumbnail_width': 300, 'height': 352, 'width': 456, 'html': '&lt;iframe class=""embedly-embed"" src=""https://cdn.embedly.com/widgets/media.html?src=https%3A%2F%2Fopen.spotify.com%2Fembed%2Fplaylist%2F1NT1o5noEbZ3tveqeKuHhx%3Futm_source%3Doembed&amp;display_name=Spotify&amp;url=https%3A%2F%2Fopen.spotify.com%2Fplaylist%2F1NT1o5noEbZ3tveqeKuHhx&amp;image=https%3A%2F%2Fi.scdn.co%2Fimage%2Fab67706c0000da84172517178c5e8a5e2b2a155b&amp;key=2aa3c4d5f3de4f5b9120b660ad850dc9&amp;type=text%2Fhtml&amp;schema=spotify"" width=""456"" height=""352"" scrolling=""no"" title=""Spotify embed"" frameborder=""0"" allow=""autoplay; fullscreen; encrypted-media; picture-in-picture;"" allowfullscreen=""true""&gt;&lt;/iframe&gt;', 'version': '1.0', 'provider_name': 'Spotify', 'thumbnail_url': 'https://i.scdn.co/image/ab67706c0000da84172517178c5e8a5e2b2a155b', 'thumbnail_height': 200}}",False,False,,"{'content': '&lt;iframe class=""embedly-embed"" src=""https://cdn.embedly.com/widgets/media.html?src=https%3A%2F%2Fopen.spotify.com%2Fembed%2Fplaylist%2F1NT1o5noEbZ3tveqeKuHhx%3Futm_source%3Doembed&amp;display_name=Spotify&amp;url=https%3A%2F%2Fopen.spotify.com%2Fplaylist%2F1NT1o5noEbZ3tveqeKuHhx&amp;image=https%3A%2F%2Fi.scdn.co%2Fimage%2Fab67706c0000da84172517178c5e8a5e2b2a155b&amp;key=2aa3c4d5f3de4f5b9120b660ad850dc9&amp;type=text%2Fhtml&amp;schema=spotify"" width=""456"" height=""352"" scrolling=""no"" title=""Spotify embed"" frameborder=""0"" allow=""autoplay; fullscreen; encrypted-media; picture-in-picture;"" allowfullscreen=""true""&gt;&lt;/iframe&gt;', 'width': 456, 'scrolling': False, 'media_domain_url': 'https://www.redditmedia.com/mediaembed/19dqqhg', 'height': 352}","Playlist - Theme  (Party, Beach, Study)",False,2,,False,False,,False,,[],{},,,False,public,1706023180.0,text,6,,,text,open.spotify.com,False,,,,,,False,False,False,False,False,,[],[],False,64fa8956-9fa3-11ea-ba10-0e669a062341,False,False,False,,[],False,,,,t5_2qofj,False,,,,#ffd635,19dqqhg,True,,NatMyIdea,,0,True,all_ads,False,[],False,,/r/spotify/comments/19dqqhg/since_the_2024_academy_award_nominees_were/,all_ads,False,https://open.spotify.com/playlist/1NT1o5noEbZ3tveqeKuHhx?si=3eb33d0ea9544f51,1396770,1706023180.0,0,"{'type': 'open.spotify.com', 'oembed': {'provider_url': 'https://spotify.com', 'description': 'All Academy Award Nominees for Best Original Song · Playlist · 459 songs · 4 likes', 'title': 'All Academy Award Nominees for Best Original Song', 'type': 'rich', 'thumbnail_width': 300, 'height': 352, 'width': 456, 'html': '&lt;iframe class=""embedly-embed"" src=""https://cdn.embedly.com/widgets/media.html?src=https%3A%2F%2Fopen.spotify.com%2Fembed%2Fplaylist%2F1NT1o5noEbZ3tveqeKuHhx%3Futm_source%3Doembed&amp;display_name=Spotify&amp;url=https%3A%2F%2Fopen.spotify.com%2Fplaylist%2F1NT1o5noEbZ3tveqeKuHhx&amp;image=https%3A%2F%2Fi.scdn.co%2Fimage%2Fab67706c0000da84172517178c5e8a5e2b2a155b&amp;key=2aa3c4d5f3de4f5b9120b660ad850dc9&amp;type=text%2Fhtml&amp;schema=spotify"" width=""456"" height=""352"" scrolling=""no"" title=""Spotify embed"" frameborder=""0"" allow=""autoplay; fullscreen; encrypted-media; picture-in-picture;"" allowfullscreen=""true""&gt;&lt;/iframe&gt;', 'version': '1.0', 'provider_name': 'Spotify', 'thumbnail_url': 'https://i.scdn.co/image/ab67706c0000da84172517178c5e8a5e2b2a155b', 'thumbnail_height': 200}}",False,https://open.spotify.com/playlist/1NT1o5noEbZ3tveqeKuHhx?si=3eb33d0ea9544f51,,,
,spotify,,t2_9mlx1cci,False,,0,False,80s playlist,[],r/spotify,False,6,,0,,,False,,t3_19dvzuc,False,dark,1.0,,1,0,"{'content': '&lt;iframe class=""embedly-embed"" src=""https://cdn.embedly.com/widgets/media.html?src=https%3A%2F%2Fopen.spotify.com%2Fembed%2Fplaylist%2F488MdQwJq976CrKJpNyzPI%3Futm_source%3Doembed&amp;display_name=Spotify&amp;url=https%3A%2F%2Fopen.spotify.com%2Fplaylist%2F488MdQwJq976CrKJpNyzPI&amp;image=https%3A%2F%2Fi.scdn.co%2Fimage%2Fab67706c0000da841953bdabfa4773602ad53f7a&amp;key=2aa3c4d5f3de4f5b9120b660ad850dc9&amp;type=text%2Fhtml&amp;schema=spotify"" width=""456"" height=""352"" scrolling=""no"" title=""Spotify embed"" frameborder=""0"" allow=""autoplay; fullscreen; encrypted-media; picture-in-picture;"" allowfullscreen=""true""&gt;&lt;/iframe&gt;', 'width': 456, 'scrolling': False, 'height': 352}",,,False,[],"{'type': 'open.spotify.com', 'oembed': {'provider_url': 'https://spotify.com', 'description': '80s · Playlist · 143 songs', 'title': '80s', 'type': 'rich', 'thumbnail_width': 300, 'height': 352, 'width': 456, 'html': '&lt;iframe class=""embedly-embed"" src=""https://cdn.embedly.com/widgets/media.html?src=https%3A%2F%2Fopen.spotify.com%2Fembed%2Fplaylist%2F488MdQwJq976CrKJpNyzPI%3Futm_source%3Doembed&amp;display_name=Spotify&amp;url=https%3A%2F%2Fopen.spotify.com%2Fplaylist%2F488MdQwJq976CrKJpNyzPI&amp;image=https%3A%2F%2Fi.scdn.co%2Fimage%2Fab67706c0000da841953bdabfa4773602ad53f7a&amp;key=2aa3c4d5f3de4f5b9120b660ad850dc9&amp;type=text%2Fhtml&amp;schema=spotify"" width=""456"" height=""352"" scrolling=""no"" title=""Spotify embed"" frameborder=""0"" allow=""autoplay; fullscreen; encrypted-media; picture-in-picture;"" allowfullscreen=""true""&gt;&lt;/iframe&gt;', 'version': '1.0', 'provider_name': 'Spotify', 'thumbnail_url': 'https://i.scdn.co/image/ab67706c0000da841953bdabfa4773602ad53f7a', 'thumbnail_height': 300}}",False,False,,"{'content': '&lt;iframe class=""embedly-embed"" src=""https://cdn.embedly.com/widgets/media.html?src=https%3A%2F%2Fopen.spotify.com%2Fembed%2Fplaylist%2F488MdQwJq976CrKJpNyzPI%3Futm_source%3Doembed&amp;display_name=Spotify&amp;url=https%3A%2F%2Fopen.spotify.com%2Fplaylist%2F488MdQwJq976CrKJpNyzPI&amp;image=https%3A%2F%2Fi.scdn.co%2Fimage%2Fab67706c0000da841953bdabfa4773602ad53f7a&amp;key=2aa3c4d5f3de4f5b9120b660ad850dc9&amp;type=text%2Fhtml&amp;schema=spotify"" width=""456"" height=""352"" scrolling=""no"" title=""Spotify embed"" frameborder=""0"" allow=""autoplay; fullscreen; encrypted-media; picture-in-picture;"" allowfullscreen=""true""&gt;&lt;/iframe&gt;', 'width': 456, 'scrolling': False, 'media_domain_url': 'https://www.redditmedia.com/mediaembed/19dvzuc', 'height': 352}",Playlist - Rock/Metal/Indie/Alt,False,1,,False,False,,False,,[],{},,,False,public,1706036521.0,text,6,,,text,open.spotify.com,False,,,,,,False,True,False,False,False,,[],[],False,d0dbfc3e-9fa0-11ea-9b6c-0e248f77e35b,False,False,False,,[],False,,,,t5_2qofj,False,,,,#fb8f1b,19dvzuc,True,,AronL0187,,0,True,all_ads,False,[],False,,/r/spotify/comments/19dvzuc/80s_playlist/,all_ads,False,https://open.spotify.com/playlist/488MdQwJq976CrKJpNyzPI?si=-b_l5DU0QvmvFlV5YCljpw&amp;pi=e-ql_6FFGSTDey,1396770,1706036521.0,0,"{'type': 'open.spotify.com', 'oembed': {'provider_url': 'https://spotify.com', 'description': '80s · Playlist · 143 songs', 'title': '80s', 'type': 'rich', 'thumbnail_width': 300, 'height': 352, 'width': 456, 'html': '&lt;iframe class=""embedly-embed"" src=""https://cdn.embedly.com/widgets/media.html?src=https%3A%2F%2Fopen.spotify.com%2Fembed%2Fplaylist%2F488MdQwJq976CrKJpNyzPI%3Futm_source%3Doembed&amp;display_name=Spotify&amp;url=https%3A%2F%2Fopen.spotify.com%2Fplaylist%2F488MdQwJq976CrKJpNyzPI&amp;image=https%3A%2F%2Fi.scdn.co%2Fimage%2Fab67706c0000da841953bdabfa4773602ad53f7a&amp;key=2aa3c4d5f3de4f5b9120b660ad850dc9&amp;type=text%2Fhtml&amp;schema=spotify"" width=""456"" height=""352"" scrolling=""no"" title=""Spotify embed"" frameborder=""0"" allow=""autoplay; fullscreen; encrypted-media; picture-in-picture;"" allowfullscreen=""true""&gt;&lt;/iframe&gt;', 'version': '1.0', 'provider_name': 'Spotify', 'thumbnail_url': 'https://i.scdn.co/image/ab67706c0000da841953bdabfa4773602ad53f7a', 'thumbnail_height': 300}}",False,https://open.spotify.com/playlist/488MdQwJq976CrKJpNyzPI?si=-b_l5DU0QvmvFlV5YCljpw&amp;pi=e-ql_6FFGSTDey,,,
,spotify,This playlist is great for cuddling up with someone special ❤️,t2_azcellfse,False,,0,False,2.1,[],r/spotify,False,6,,0,,,False,,t3_19dugi6,False,dark,1.0,,1,0,"{'content': '&lt;iframe class=""embedly-embed"" src=""https://cdn.embedly.com/widgets/media.html?src=https%3A%2F%2Fopen.spotify.com%2Fembed%2Fplaylist%2F3iV4xLVIGU9HvhAGgVx048%3Futm_source%3Doembed&amp;display_name=Spotify&amp;url=https%3A%2F%2Fopen.spotify.com%2Fplaylist%2F3iV4xLVIGU9HvhAGgVx048&amp;image=https%3A%2F%2Fmosaic.scdn.co%2F300%2Fab67616d00001e0203c4f794113255be4038e45dab67616d00001e02540fc1d083eac5bcff8dad21ab67616d00001e027d6813fd233f3bc4977ccecaab67616d00001e02887310c2ebf37efb67ebeda9&amp;key=ed8fa8699ce04833838e66ce79ba05f1&amp;type=text%2Fhtml&amp;schema=spotify"" width=""456"" height=""352"" scrolling=""no"" title=""Spotify embed"" frameborder=""0"" allow=""autoplay; fullscreen; encrypted-media; picture-in-picture;"" allowfullscreen=""true""&gt;&lt;/iframe&gt;', 'width': 456, 'scrolling': False, 'height': 352}",,,False,[],"{'type': 'open.spotify.com', 'oembed': {'provider_url': 'https://spotify.com', 'description': '2.1 · Playlist · 99 songs', 'title': '2.1', 'type': 'rich', 'thumbnail_width': 300, 'height': 352, 'width': 456, 'html': '&lt;iframe class=""embedly-embed"" src=""https://cdn.embedly.com/widgets/media.html?src=https%3A%2F%2Fopen.spotify.com%2Fembed%2Fplaylist%2F3iV4xLVIGU9HvhAGgVx048%3Futm_source%3Doembed&amp;display_name=Spotify&amp;url=https%3A%2F%2Fopen.spotify.com%2Fplaylist%2F3iV4xLVIGU9HvhAGgVx048&amp;image=https%3A%2F%2Fmosaic.scdn.co%2F300%2Fab67616d00001e0203c4f794113255be4038e45dab67616d00001e02540fc1d083eac5bcff8dad21ab67616d00001e027d6813fd233f3bc4977ccecaab67616d00001e02887310c2ebf37efb67ebeda9&amp;key=ed8fa8699ce04833838e66ce79ba05f1&amp;type=text%2Fhtml&amp;schema=spotify"" width=""456"" height=""352"" scrolling=""no"" title=""Spotify embed"" frameborder=""0"" allow=""autoplay; fullscreen; encrypted-media; picture-in-picture;"" allowfullscreen=""true""&gt;&lt;/iframe&gt;', 'version': '1.0', 'provider_name': 'Spotify', 'thumbnail_url': 'https://mosaic.scdn.co/300/ab67616d00001e0203c4f794113255be4038e45dab67616d00001e02540fc1d083eac5bcff8dad21ab67616d00001e027d6813fd233f3bc4977ccecaab67616d00001e02887310c2ebf37efb67ebeda9', 'thumbnail_height': 300}}",False,False,,"{'content': '&lt;iframe class=""embedly-embed"" src=""https://cdn.embedly.com/widgets/media.html?src=https%3A%2F%2Fopen.spotify.com%2Fembed%2Fplaylist%2F3iV4xLVIGU9HvhAGgVx048%3Futm_source%3Doembed&amp;display_name=Spotify&amp;url=https%3A%2F%2Fopen.spotify.com%2Fplaylist%2F3iV4xLVIGU9HvhAGgVx048&amp;image=https%3A%2F%2Fmosaic.scdn.co%2F300%2Fab67616d00001e0203c4f794113255be4038e45dab67616d00001e02540fc1d083eac5bcff8dad21ab67616d00001e027d6813fd233f3bc4977ccecaab67616d00001e02887310c2ebf37efb67ebeda9&amp;key=ed8fa8699ce04833838e66ce79ba05f1&amp;type=text%2Fhtml&amp;schema=spotify"" width=""456"" height=""352"" scrolling=""no"" title=""Spotify embed"" frameborder=""0"" allow=""autoplay; fullscreen; encrypted-media; picture-in-picture;"" allowfullscreen=""true""&gt;&lt;/iframe&gt;', 'width': 456, 'scrolling': False, 'media_domain_url': 'https://www.redditmedia.com/mediaembed/19dugi6', 'height': 352}","Playlist - Mood/Feeling (Chill, Lofi, Uplifting)",False,1,,False,False,,False,,[],{},,,False,public,1706032799.0,text,6,,,text,open.spotify.com,False,"&lt;!-- SC_OFF --&gt;&lt;div class=""md""&gt;&lt;p&gt;This playlist is great for cuddling up with someone special ❤️&lt;/p&gt;
&lt;/div&gt;&lt;!-- SC_ON --&gt;",,,,,False,True,False,False,False,,[],[],False,ede46e42-9fa0-11ea-8c94-0e70d5715363,False,False,False,,[],False,,,,t5_2qofj,False,,,,#c300c1,19dugi6,True,,judykakahoney,,0,True,all_ads,False,[],False,,/r/spotify/comments/19dugi6/21/,all_ads,False,https://open.spotify.com/playlist/3iV4xLVIGU9HvhAGgVx048?si=aFsjtScVSp26vwoGEkT2NA,1396770,1706032799.0,0,"{'type': 'open.spotify.com', 'oembed': {'provider_url': 'https://spotify.com', 'description': '2.1 · Playlist · 99 songs', 'title': '2.1', 'type': 'rich', 'thumbnail_width': 300, 'height': 352, 'width': 456, 'html': '&lt;iframe class=""embedly-embed"" src=""https://cdn.embedly.com/widgets/media.html?src=https%3A%2F%2Fopen.spotify.com%2Fembed%2Fplaylist%2F3iV4xLVIGU9HvhAGgVx048%3Futm_source%3Doembed&amp;display_name=Spotify&amp;url=https%3A%2F%2Fopen.spotify.com%2Fplaylist%2F3iV4xLVIGU9HvhAGgVx048&amp;image=https%3A%2F%2Fmosaic.scdn.co%2F300%2Fab67616d00001e0203c4f794113255be4038e45dab67616d00001e02540fc1d083eac5bcff8dad21ab67616d00001e027d6813fd233f3bc4977ccecaab67616d00001e02887310c2ebf37efb67ebeda9&amp;key=ed8fa8699ce04833838e66ce79ba05f1&amp;type=text%2Fhtml&amp;schema=spotify"" width=""456"" height=""352"" scrolling=""no"" title=""Spotify embed"" frameborder=""0"" allow=""autoplay; fullscreen; encrypted-media; picture-in-picture;"" allowfullscreen=""true""&gt;&lt;/iframe&gt;', 'version': '1.0', 'provider_name': 'Spotify', 'thumbnail_url': 'https://mosaic.scdn.co/300/ab67616d00001e0203c4f794113255be4038e45dab67616d00001e02540fc1d083eac5bcff8dad21ab67616d00001e027d6813fd233f3bc4977ccecaab67616d00001e02887310c2ebf37efb67ebeda9', 'thumbnail_height': 300}}",False,https://open.spotify.com/playlist/3iV4xLVIGU9HvhAGgVx048?si=aFsjtScVSp26vwoGEkT2NA,,,
,spotify,"hii!! i made this playlist, it’s one of my favorites. please comment with requests for me to listen to and maybe add !!",t2_btopms2s,False,,0,False,hi!! first post rock/acoustic rock playlist :)),[],r/spotify,False,6,,0,,,False,,t3_19dt9me,False,dark,1.0,,1,0,"{'content': '&lt;iframe class=""embedly-embed"" src=""https://cdn.embedly.com/widgets/media.html?src=https%3A%2F%2Fopen.spotify.com%2Fembed%2Fplaylist%2F2ROIlbk9tRjxjLhMQoxYmM%3Futm_source%3Doembed&amp;display_name=Spotify&amp;url=https%3A%2F%2Fopen.spotify.com%2Fplaylist%2F2ROIlbk9tRjxjLhMQoxYmM&amp;image=https%3A%2F%2Fi.scdn.co%2Fimage%2Fab67706c0000da8466b39c7e1a5d8b41c850b3ab&amp;key=2aa3c4d5f3de4f5b9120b660ad850dc9&amp;type=text%2Fhtml&amp;schema=spotify"" width=""456"" height=""352"" scrolling=""no"" title=""Spotify embed"" frameborder=""0"" allow=""autoplay; fullscreen; encrypted-media; picture-in-picture;"" allowfullscreen=""true""&gt;&lt;/iframe&gt;', 'width': 456, 'scrolling': False, 'height': 352}",,,False,[],"{'type': 'open.spotify.com', 'oembed': {'provider_url': 'https://spotify.com', 'description': 'acoustic rock/live songs · Playlist · 29 songs · 4 likes', 'title': 'acoustic rock/live songs', 'type': 'rich', 'thumbnail_width': 300, 'height': 352, 'width': 456, 'html': '&lt;iframe class=""embedly-embed"" src=""https://cdn.embedly.com/widgets/media.html?src=https%3A%2F%2Fopen.spotify.com%2Fembed%2Fplaylist%2F2ROIlbk9tRjxjLhMQoxYmM%3Futm_source%3Doembed&amp;display_name=Spotify&amp;url=https%3A%2F%2Fopen.spotify.com%2Fplaylist%2F2ROIlbk9tRjxjLhMQoxYmM&amp;image=https%3A%2F%2Fi.scdn.co%2Fimage%2Fab67706c0000da8466b39c7e1a5d8b41c850b3ab&amp;key=2aa3c4d5f3de4f5b9120b660ad850dc9&amp;type=text%2Fhtml&amp;schema=spotify"" width=""456"" height=""352"" scrolling=""no"" title=""Spotify embed"" frameborder=""0"" allow=""autoplay; fullscreen; encrypted-media; picture-in-picture;"" allowfullscreen=""true""&gt;&lt;/iframe&gt;', 'version': '1.0', 'provider_name': 'Spotify', 'thumbnail_url': 'https://i.scdn.co/image/ab67706c0000da8466b39c7e1a5d8b41c850b3ab', 'thumbnail_height': 299}}",False,False,,"{'content': '&lt;iframe class=""embedly-embed"" src=""https://cdn.embedly.com/widgets/media.html?src=https%3A%2F%2Fopen.spotify.com%2Fembed%2Fplaylist%2F2ROIlbk9tRjxjLhMQoxYmM%3Futm_source%3Doembed&amp;display_name=Spotify&amp;url=https%3A%2F%2Fopen.spotify.com%2Fplaylist%2F2ROIlbk9tRjxjLhMQoxYmM&amp;image=https%3A%2F%2Fi.scdn.co%2Fimage%2Fab67706c0000da8466b39c7e1a5d8b41c850b3ab&amp;key=2aa3c4d5f3de4f5b9120b660ad850dc9&amp;type=text%2Fhtml&amp;schema=spotify"" width=""456"" height=""352"" scrolling=""no"" title=""Spotify embed"" frameborder=""0"" allow=""autoplay; fullscreen; encrypted-media; picture-in-picture;"" allowfullscreen=""true""&gt;&lt;/iframe&gt;', 'width': 456, 'scrolling': False, 'media_domain_url': 'https://www.redditmedia.com/mediaembed/19dt9me', 'height': 352}",Playlist - Rock/Metal/Indie/Alt,False,1,,False,False,,False,,[],{},,,False,public,1706029664.0,text,6,,,text,open.spotify.com,False,"&lt;!-- SC_OFF --&gt;&lt;div class=""md""&gt;&lt;p&gt;hii!! i made this playlist, it’s one of my favorites. please comment with requests for me to listen to and maybe add !!&lt;/p&gt;
&lt;/div&gt;&lt;!-- SC_ON --&gt;",,,,,False,True,False,False,False,,[],[],False,d0dbfc3e-9fa0-11ea-9b6c-0e248f77e35b,False,False,False,,[],False,,,,t5_2qofj,False,,,,#fb8f1b,19dt9me,True,,RyoLostIt,,0,True,all_ads,False,[],False,,/r/spotify/comments/19dt9me/hi_first_post_rockacoustic_rock_playlist/,all_ads,False,https://open.spotify.com/playlist/2ROIlbk9tRjxjLhMQoxYmM?si=iz0_8lwRTuaUAutxkENx1A,1396770,1706029664.0,0,"{'type': 'open.spotify.com', 'oembed': {'provider_url': 'https://spotify.com', 'description': 'acoustic rock/live songs · Playlist · 29 songs · 4 likes', 'title': 'acoustic rock/live songs', 'type': 'rich', 'thumbnail_width': 300, 'height': 352, 'width': 456, 'html': '&lt;iframe class=""embedly-embed"" src=""https://cdn.embedly.com/widgets/media.html?src=https%3A%2F%2Fopen.spotify.com%2Fembed%2Fplaylist%2F2ROIlbk9tRjxjLhMQoxYmM%3Futm_source%3Doembed&amp;display_name=Spotify&amp;url=https%3A%2F%2Fopen.spotify.com%2Fplaylist%2F2ROIlbk9tRjxjLhMQoxYmM&amp;image=https%3A%2F%2Fi.scdn.co%2Fimage%2Fab67706c0000da8466b39c7e1a5d8b41c850b3ab&amp;key=2aa3c4d5f3de4f5b9120b660ad850dc9&amp;type=text%2Fhtml&amp;schema=spotify"" width=""456"" height=""352"" scrolling=""no"" title=""Spotify embed"" frameborder=""0"" allow=""autoplay; fullscreen; encrypted-media; picture-in-picture;"" allowfullscreen=""true""&gt;&lt;/iframe&gt;', 'version': '1.0', 'provider_name': 'Spotify', 'thumbnail_url': 'https://i.scdn.co/image/ab67706c0000da8466b39c7e1a5d8b41c850b3ab', 'thumbnail_height': 299}}",False,https://open.spotify.com/playlist/2ROIlbk9tRjxjLhMQoxYmM?si=iz0_8lwRTuaUAutxkENx1A,,,
,spotify,,t2_7sh2bkabv,False,,0,False,samba and bossa nova playlist - soak up the sunny vibes and groovy beats of Brazil,[],r/spotify,False,6,suggestion,0,,,False,,t3_19dt3md,False,dark,1.0,,1,0,{},,,False,[],,False,False,,{},"Playlist - World (Latin, Cultural)",False,1,,False,False,,False,,[],{},,,False,public,1706029225.0,text,6,,,text,open.spotify.com,False,,,,,,False,True,False,False,False,,[],[],False,37f50e72-99e6-11e9-a66d-0ed6813ef9d4,False,False,False,,[],False,,,,t5_2qofj,False,,,,#ff4500,19dt3md,True,,full_variant,,0,True,all_ads,False,[],False,,/r/spotify/comments/19dt3md/samba_and_bossa_nova_playlist_soak_up_the_sunny/,all_ads,False,https://open.spotify.com/playlist/61s9Cdw2FX1rwIe380zx18?si=22155830a4b442d3,1396770,1706029225.0,0,,False,https://open.spotify.com/playlist/61s9Cdw2FX1rwIe380zx18?si=22155830a4b442d3,,,
,spotify,,t2_m6rlm4us,False,,0,False,BEST DUTCH RAP PLAYLIST 2024,[],r/spotify,False,6,,0,,,False,,t3_19dsrg5,False,dark,1.0,,1,0,"{'content': '&lt;iframe class=""embedly-embed"" src=""https://cdn.embedly.com/widgets/media.html?src=https%3A%2F%2Fopen.spotify.com%2Fembed%2Fplaylist%2F5lK7hIqUfDDTzCmd2mgAUK%3Futm_source%3Doembed&amp;display_name=Spotify&amp;url=https%3A%2F%2Fopen.spotify.com%2Fplaylist%2F5lK7hIqUfDDTzCmd2mgAUK&amp;image=https%3A%2F%2Fi.scdn.co%2Fimage%2Fab67706c0000da8475b18dc260184e7bfd4f5654&amp;key=2aa3c4d5f3de4f5b9120b660ad850dc9&amp;type=text%2Fhtml&amp;schema=spotify"" width=""456"" height=""352"" scrolling=""no"" title=""Spotify embed"" frameborder=""0"" allow=""autoplay; fullscreen; encrypted-media; picture-in-picture;"" allowfullscreen=""true""&gt;&lt;/iframe&gt;', 'width': 456, 'scrolling': False, 'height': 352}",,,False,[],"{'type': 'open.spotify.com', 'oembed': {'provider_url': 'https://spotify.com', 'description': '🔥BEST DUTCH URBAN RAP🥵 PLAYLIST 2024🔥 · Playlist · 396 songs · 277 likes', 'title': '🔥BEST DUTCH URBAN RAP🥵 PLAYLIST 2024🔥', 'type': 'rich', 'thumbnail_width': 300, 'height': 352, 'width': 456, 'html': '&lt;iframe class=""embedly-embed"" src=""https://cdn.embedly.com/widgets/media.html?src=https%3A%2F%2Fopen.spotify.com%2Fembed%2Fplaylist%2F5lK7hIqUfDDTzCmd2mgAUK%3Futm_source%3Doembed&amp;display_name=Spotify&amp;url=https%3A%2F%2Fopen.spotify.com%2Fplaylist%2F5lK7hIqUfDDTzCmd2mgAUK&amp;image=https%3A%2F%2Fi.scdn.co%2Fimage%2Fab67706c0000da8475b18dc260184e7bfd4f5654&amp;key=2aa3c4d5f3de4f5b9120b660ad850dc9&amp;type=text%2Fhtml&amp;schema=spotify"" width=""456"" height=""352"" scrolling=""no"" title=""Spotify embed"" frameborder=""0"" allow=""autoplay; fullscreen; encrypted-media; picture-in-picture;"" allowfullscreen=""true""&gt;&lt;/iframe&gt;', 'version': '1.0', 'provider_name': 'Spotify', 'thumbnail_url': 'https://i.scdn.co/image/ab67706c0000da8475b18dc260184e7bfd4f5654', 'thumbnail_height': 300}}",False,False,,"{'content': '&lt;iframe class=""embedly-embed"" src=""https://cdn.embedly.com/widgets/media.html?src=https%3A%2F%2Fopen.spotify.com%2Fembed%2Fplaylist%2F5lK7hIqUfDDTzCmd2mgAUK%3Futm_source%3Doembed&amp;display_name=Spotify&amp;url=https%3A%2F%2Fopen.spotify.com%2Fplaylist%2F5lK7hIqUfDDTzCmd2mgAUK&amp;image=https%3A%2F%2Fi.scdn.co%2Fimage%2Fab67706c0000da8475b18dc260184e7bfd4f5654&amp;key=2aa3c4d5f3de4f5b9120b660ad850dc9&amp;type=text%2Fhtml&amp;schema=spotify"" width=""456"" height=""352"" scrolling=""no"" title=""Spotify embed"" frameborder=""0"" allow=""autoplay; fullscreen; encrypted-media; picture-in-picture;"" allowfullscreen=""true""&gt;&lt;/iframe&gt;', 'width': 456, 'scrolling': False, 'media_domain_url': 'https://www.redditmedia.com/mediaembed/19dsrg5', 'height': 352}",Playlist - Rap / Hip Hop,False,1,,False,False,,False,,[],{},,,False,public,1706028382.0,text,6,,,text,open.spotify.com,False,,,,,,False,True,False,False,False,,[],[],False,dbc1d8d0-9fa0-11ea-982a-0e836220e083,False,False,False,,[],False,,,,t5_2qofj,False,,,,#e82638,19dsrg5,True,,onniezeker,,0,True,all_ads,False,[],False,,/r/spotify/comments/19dsrg5/best_dutch_rap_playlist_2024/,all_ads,False,https://open.spotify.com/playlist/5lK7hIqUfDDTzCmd2mgAUK?si=YimwASyQS5y67o_Tz6q66A,1396770,1706028382.0,0,"{'type': 'open.spotify.com', 'oembed': {'provider_url': 'https://spotify.com', 'description': '🔥BEST DUTCH URBAN RAP🥵 PLAYLIST 2024🔥 · Playlist · 396 songs · 277 likes', 'title': '🔥BEST DUTCH URBAN RAP🥵 PLAYLIST 2024🔥', 'type': 'rich', 'thumbnail_width': 300, 'height': 352, 'width': 456, 'html': '&lt;iframe class=""embedly-embed"" src=""https://cdn.embedly.com/widgets/media.html?src=https%3A%2F%2Fopen.spotify.com%2Fembed%2Fplaylist%2F5lK7hIqUfDDTzCmd2mgAUK%3Futm_source%3Doembed&amp;display_name=Spotify&amp;url=https%3A%2F%2Fopen.spotify.com%2Fplaylist%2F5lK7hIqUfDDTzCmd2mgAUK&amp;image=https%3A%2F%2Fi.scdn.co%2Fimage%2Fab67706c0000da8475b18dc260184e7bfd4f5654&amp;key=2aa3c4d5f3de4f5b9120b660ad850dc9&amp;type=text%2Fhtml&amp;schema=spotify"" width=""456"" height=""352"" scrolling=""no"" title=""Spotify embed"" frameborder=""0"" allow=""autoplay; fullscreen; encrypted-media; picture-in-picture;"" allowfullscreen=""true""&gt;&lt;/iframe&gt;', 'version': '1.0', 'provider_name': 'Spotify', 'thumbnail_url': 'https://i.scdn.co/image/ab67706c0000da8475b18dc260184e7bfd4f5654', 'thumbnail_height': 300}}",False,https://open.spotify.com/playlist/5lK7hIqUfDDTzCmd2mgAUK?si=YimwASyQS5y67o_Tz6q66A,,,
,spotify,,t2_lcvhsj3gq,False,,0,False,Sleep Music 2024,[],r/spotify,False,6,,0,,,False,,t3_19dsasx,False,dark,1.0,,1,0,"{'content': '&lt;iframe class=""embedly-embed"" src=""https://cdn.embedly.com/widgets/media.html?src=https%3A%2F%2Fopen.spotify.com%2Fembed%2Fplaylist%2F2YQLqXwH1XROHBNGaM5Prx%3Futm_source%3Doembed&amp;display_name=Spotify&amp;url=https%3A%2F%2Fopen.spotify.com%2Fplaylist%2F2YQLqXwH1XROHBNGaM5Prx&amp;image=https%3A%2F%2Fi.scdn.co%2Fimage%2Fab67706c0000da84e1f3900c812cfca008828ebf&amp;key=2aa3c4d5f3de4f5b9120b660ad850dc9&amp;type=text%2Fhtml&amp;schema=spotify"" width=""456"" height=""352"" scrolling=""no"" title=""Spotify embed"" frameborder=""0"" allow=""autoplay; fullscreen; encrypted-media; picture-in-picture;"" allowfullscreen=""true""&gt;&lt;/iframe&gt;', 'width': 456, 'scrolling': False, 'height': 352}",,,False,[],"{'type': 'open.spotify.com', 'oembed': {'provider_url': 'https://spotify.com', 'description': 'Sleep Music 2024 - Calming Sleep Music - Deep Sleep Music - Meditation Sleep Music · Playlist · 250 songs · 946 likes', 'title': 'Sleep Music 2024 - Calming Sleep Music - Deep Sleep Music - Meditation Sleep Music', 'type': 'rich', 'thumbnail_width': 300, 'height': 352, 'width': 456, 'html': '&lt;iframe class=""embedly-embed"" src=""https://cdn.embedly.com/widgets/media.html?src=https%3A%2F%2Fopen.spotify.com%2Fembed%2Fplaylist%2F2YQLqXwH1XROHBNGaM5Prx%3Futm_source%3Doembed&amp;display_name=Spotify&amp;url=https%3A%2F%2Fopen.spotify.com%2Fplaylist%2F2YQLqXwH1XROHBNGaM5Prx&amp;image=https%3A%2F%2Fi.scdn.co%2Fimage%2Fab67706c0000da84e1f3900c812cfca008828ebf&amp;key=2aa3c4d5f3de4f5b9120b660ad850dc9&amp;type=text%2Fhtml&amp;schema=spotify"" width=""456"" height=""352"" scrolling=""no"" title=""Spotify embed"" frameborder=""0"" allow=""autoplay; fullscreen; encrypted-media; picture-in-picture;"" allowfullscreen=""true""&gt;&lt;/iframe&gt;', 'version': '1.0', 'provider_name': 'Spotify', 'thumbnail_url': 'https://i.scdn.co/image/ab67706c0000da84e1f3900c812cfca008828ebf', 'thumbnail_height': 300}}",False,False,,"{'content': '&lt;iframe class=""embedly-embed"" src=""https://cdn.embedly.com/widgets/media.html?src=https%3A%2F%2Fopen.spotify.com%2Fembed%2Fplaylist%2F2YQLqXwH1XROHBNGaM5Prx%3Futm_source%3Doembed&amp;display_name=Spotify&amp;url=https%3A%2F%2Fopen.spotify.com%2Fplaylist%2F2YQLqXwH1XROHBNGaM5Prx&amp;image=https%3A%2F%2Fi.scdn.co%2Fimage%2Fab67706c0000da84e1f3900c812cfca008828ebf&amp;key=2aa3c4d5f3de4f5b9120b660ad850dc9&amp;type=text%2Fhtml&amp;schema=spotify"" width=""456"" height=""352"" scrolling=""no"" title=""Spotify embed"" frameborder=""0"" allow=""autoplay; fullscreen; encrypted-media; picture-in-picture;"" allowfullscreen=""true""&gt;&lt;/iframe&gt;', 'width': 456, 'scrolling': False, 'media_domain_url': 'https://www.redditmedia.com/mediaembed/19dsasx', 'height': 352}","Playlist - Mood/Feeling (Chill, Lofi, Uplifting)",False,1,,False,False,,False,,[],{},,,False,public,1706027223.0,text,6,,,text,open.spotify.com,False,,,,,,False,True,False,False,False,,[],[],False,ede46e42-9fa0-11ea-8c94-0e70d5715363,False,False,False,,[],False,,,,t5_2qofj,False,,,,#c300c1,19dsasx,True,,VickyMelissaMusic,,0,True,all_ads,False,[],False,,/r/spotify/comments/19dsasx/sleep_music_2024/,all_ads,False,https://open.spotify.com/playlist/2YQLqXwH1XROHBNGaM5Prx?si=5688f0a0d5f241a3,1396770,1706027223.0,0,"{'type': 'open.spotify.com', 'oembed': {'provider_url': 'https://spotify.com', 'description': 'Sleep Music 2024 - Calming Sleep Music - Deep Sleep Music - Meditation Sleep Music · Playlist · 250 songs · 946 likes', 'title': 'Sleep Music 2024 - Calming Sleep Music - Deep Sleep Music - Meditation Sleep Music', 'type': 'rich', 'thumbnail_width': 300, 'height': 352, 'width': 456, 'html': '&lt;iframe class=""embedly-embed"" src=""https://cdn.embedly.com/widgets/media.html?src=https%3A%2F%2Fopen.spotify.com%2Fembed%2Fplaylist%2F2YQLqXwH1XROHBNGaM5Prx%3Futm_source%3Doembed&amp;display_name=Spotify&amp;url=https%3A%2F%2Fopen.spotify.com%2Fplaylist%2F2YQLqXwH1XROHBNGaM5Prx&amp;image=https%3A%2F%2Fi.scdn.co%2Fimage%2Fab67706c0000da84e1f3900c812cfca008828ebf&amp;key=2aa3c4d5f3de4f5b9120b660ad850dc9&amp;type=text%2Fhtml&amp;schema=spotify"" width=""456"" height=""352"" scrolling=""no"" title=""Spotify embed"" frameborder=""0"" allow=""autoplay; fullscreen; encrypted-media; picture-in-picture;"" allowfullscreen=""true""&gt;&lt;/iframe&gt;', 'version': '1.0', 'provider_name': 'Spotify', 'thumbnail_url': 'https://i.scdn.co/image/ab67706c0000da84e1f3900c812cfca008828ebf', 'thumbnail_height': 300}}",False,https://open.spotify.com/playlist/2YQLqXwH1XROHBNGaM5Prx?si=5688f0a0d5f241a3,,,
,spotify,,t2_8rbt50vz,False,,0,False,The most immaculate Chill Hip Hop/Rap bangers,[],r/spotify,False,6,,0,,,False,,t3_19drt67,False,dark,1.0,,1,0,"{'content': '&lt;iframe class=""embedly-embed"" src=""https://cdn.embedly.com/widgets/media.html?src=https%3A%2F%2Fopen.spotify.com%2Fembed%2Fplaylist%2F2HNZYvbRDxHFDGxStj1WPU%3Futm_source%3Doembed&amp;display_name=Spotify&amp;url=https%3A%2F%2Fopen.spotify.com%2Fplaylist%2F2HNZYvbRDxHFDGxStj1WPU&amp;image=https%3A%2F%2Fi.scdn.co%2Fimage%2Fab67706c0000da84b73cdbb957017b049075f68b&amp;key=2aa3c4d5f3de4f5b9120b660ad850dc9&amp;type=text%2Fhtml&amp;schema=spotify"" width=""456"" height=""352"" scrolling=""no"" title=""Spotify embed"" frameborder=""0"" allow=""autoplay; fullscreen; encrypted-media; picture-in-picture;"" allowfullscreen=""true""&gt;&lt;/iframe&gt;', 'width': 456, 'scrolling': False, 'height': 352}",,,False,[],"{'type': 'open.spotify.com', 'oembed': {'provider_url': 'https://spotify.com', 'description': 'Chill Hip Hop/Rap · Playlist · 793 songs · 1 likes', 'title': 'Chill Hip Hop/Rap', 'type': 'rich', 'thumbnail_width': 300, 'height': 352, 'width': 456, 'html': '&lt;iframe class=""embedly-embed"" src=""https://cdn.embedly.com/widgets/media.html?src=https%3A%2F%2Fopen.spotify.com%2Fembed%2Fplaylist%2F2HNZYvbRDxHFDGxStj1WPU%3Futm_source%3Doembed&amp;display_name=Spotify&amp;url=https%3A%2F%2Fopen.spotify.com%2Fplaylist%2F2HNZYvbRDxHFDGxStj1WPU&amp;image=https%3A%2F%2Fi.scdn.co%2Fimage%2Fab67706c0000da84b73cdbb957017b049075f68b&amp;key=2aa3c4d5f3de4f5b9120b660ad850dc9&amp;type=text%2Fhtml&amp;schema=spotify"" width=""456"" height=""352"" scrolling=""no"" title=""Spotify embed"" frameborder=""0"" allow=""autoplay; fullscreen; encrypted-media; picture-in-picture;"" allowfullscreen=""true""&gt;&lt;/iframe&gt;', 'version': '1.0', 'provider_name': 'Spotify', 'thumbnail_url': 'https://i.scdn.co/image/ab67706c0000da84b73cdbb957017b049075f68b', 'thumbnail_height': 299}}",False,False,,"{'content': '&lt;iframe class=""embedly-embed"" src=""https://cdn.embedly.com/widgets/media.html?src=https%3A%2F%2Fopen.spotify.com%2Fembed%2Fplaylist%2F2HNZYvbRDxHFDGxStj1WPU%3Futm_source%3Doembed&amp;display_name=Spotify&amp;url=https%3A%2F%2Fopen.spotify.com%2Fplaylist%2F2HNZYvbRDxHFDGxStj1WPU&amp;image=https%3A%2F%2Fi.scdn.co%2Fimage%2Fab67706c0000da84b73cdbb957017b049075f68b&amp;key=2aa3c4d5f3de4f5b9120b660ad850dc9&amp;type=text%2Fhtml&amp;schema=spotify"" width=""456"" height=""352"" scrolling=""no"" title=""Spotify embed"" frameborder=""0"" allow=""autoplay; fullscreen; encrypted-media; picture-in-picture;"" allowfullscreen=""true""&gt;&lt;/iframe&gt;', 'width': 456, 'scrolling': False, 'media_domain_url': 'https://www.redditmedia.com/mediaembed/19drt67', 'height': 352}",Playlist - Rap / Hip Hop,False,1,,False,False,,False,,[],{},,,False,public,1706025980.0,text,6,,,text,open.spotify.com,False,,,,,,False,True,False,False,False,,[],[],False,dbc1d8d0-9fa0-11ea-982a-0e836220e083,False,False,False,,[],False,,,,t5_2qofj,False,,,,#e82638,19drt67,True,,Jared_329,,0,True,all_ads,False,[],False,,/r/spotify/comments/19drt67/the_most_immaculate_chill_hip_hoprap_bangers/,all_ads,False,https://open.spotify.com/playlist/2HNZYvbRDxHFDGxStj1WPU?si=YPYPbkBtRGqeHSwGJfJ8mg,1396770,1706025980.0,0,"{'type': 'open.spotify.com', 'oembed': {'provider_url': 'https://spotify.com', 'description': 'Chill Hip Hop/Rap · Playlist · 793 songs · 1 likes', 'title': 'Chill Hip Hop/Rap', 'type': 'rich', 'thumbnail_width': 300, 'height': 352, 'width': 456, 'html': '&lt;iframe class=""embedly-embed"" src=""https://cdn.embedly.com/widgets/media.html?src=https%3A%2F%2Fopen.spotify.com%2Fembed%2Fplaylist%2F2HNZYvbRDxHFDGxStj1WPU%3Futm_source%3Doembed&amp;display_name=Spotify&amp;url=https%3A%2F%2Fopen.spotify.com%2Fplaylist%2F2HNZYvbRDxHFDGxStj1WPU&amp;image=https%3A%2F%2Fi.scdn.co%2Fimage%2Fab67706c0000da84b73cdbb957017b049075f68b&amp;key=2aa3c4d5f3de4f5b9120b660ad850dc9&amp;type=text%2Fhtml&amp;schema=spotify"" width=""456"" height=""352"" scrolling=""no"" title=""Spotify embed"" frameborder=""0"" allow=""autoplay; fullscreen; encrypted-media; picture-in-picture;"" allowfullscreen=""true""&gt;&lt;/iframe&gt;', 'version': '1.0', 'provider_name': 'Spotify', 'thumbnail_url': 'https://i.scdn.co/image/ab67706c0000da84b73cdbb957017b049075f68b', 'thumbnail_height': 299}}",False,https://open.spotify.com/playlist/2HNZYvbRDxHFDGxStj1WPU?si=YPYPbkBtRGqeHSwGJfJ8mg,,,
,spotify,"**Album 1:**  
Eivor/Peter Jensen/The Danish radio Big Band - At the heart of a Selkie  
**Released:** 2016  
**Suggested By:** Athiela  
**Genre:** Jazz, Classical  
**Why?** It's a cool concept album about the Selkie, a mythological Nordic creature. The lyrics have been written by a faroese poet.

**Album 2:**  
Bulgarian Voices Angelite, Huun-Huur-Tu - Fly, Fly My Sadness  
**Released:** 1996  
**Suggested By:** zxc  
**Genre:** Folk, World  
**Why?** This is an album of intense, rich vocal music. The blending of voices at times is like nothing I have heard before.

**Spotify Link:** [https://open.spotify.com/playlist/3KzPChSG4CSzK8TooQ7bPy?si=2971b6ce9e674a39](https://open.spotify.com/playlist/3KzPChSG4CSzK8TooQ7bPy?si=2971b6ce9e674a39)

Listen together on the Album Party Discord Channel: [https://discord.gg/Q5X3dtEkwV](https://discord.gg/Q5X3dtEkwV) ",t2_ck879,False,,0,False,Album Listening Night #244,[],r/spotify,False,6,,0,,,False,,t3_19dr8u6,False,dark,1.0,,1,0,{},,,False,[],,False,False,,{},"Playlist - Theme  (Party, Beach, Study)",False,1,,False,False,,False,,[],{},,,True,public,1706024522.0,text,6,,,text,self.spotify,False,"&lt;!-- SC_OFF --&gt;&lt;div class=""md""&gt;&lt;p&gt;&lt;strong&gt;Album 1:&lt;/strong&gt;&lt;br/&gt;
Eivor/Peter Jensen/The Danish radio Big Band - At the heart of a Selkie&lt;br/&gt;
&lt;strong&gt;Released:&lt;/strong&gt; 2016&lt;br/&gt;
&lt;strong&gt;Suggested By:&lt;/strong&gt; Athiela&lt;br/&gt;
&lt;strong&gt;Genre:&lt;/strong&gt; Jazz, Classical&lt;br/&gt;
&lt;strong&gt;Why?&lt;/strong&gt; It&amp;#39;s a cool concept album about the Selkie, a mythological Nordic creature. The lyrics have been written by a faroese poet.&lt;/p&gt;

&lt;p&gt;&lt;strong&gt;Album 2:&lt;/strong&gt;&lt;br/&gt;
Bulgarian Voices Angelite, Huun-Huur-Tu - Fly, Fly My Sadness&lt;br/&gt;
&lt;strong&gt;Released:&lt;/strong&gt; 1996&lt;br/&gt;
&lt;strong&gt;Suggested By:&lt;/strong&gt; zxc&lt;br/&gt;
&lt;strong&gt;Genre:&lt;/strong&gt; Folk, World&lt;br/&gt;
&lt;strong&gt;Why?&lt;/strong&gt; This is an album of intense, rich vocal music. The blending of voices at times is like nothing I have heard before.&lt;/p&gt;

&lt;p&gt;&lt;strong&gt;Spotify Link:&lt;/strong&gt; &lt;a href=""https://open.spotify.com/playlist/3KzPChSG4CSzK8TooQ7bPy?si=2971b6ce9e674a39""&gt;https://open.spotify.com/playlist/3KzPChSG4CSzK8TooQ7bPy?si=2971b6ce9e674a39&lt;/a&gt;&lt;/p&gt;

&lt;p&gt;Listen together on the Album Party Discord Channel: &lt;a href=""https://discord.gg/Q5X3dtEkwV""&gt;https://discord.gg/Q5X3dtEkwV&lt;/a&gt; &lt;/p&gt;
&lt;/div&gt;&lt;!-- SC_ON --&gt;",,,,,False,True,False,False,False,,[],[],False,64fa8956-9fa3-11ea-ba10-0e669a062341,False,False,False,,[],False,,,,t5_2qofj,False,,,,#ffd635,19dr8u6,True,,Curt2k1,,0,True,all_ads,False,[],False,,/r/spotify/comments/19dr8u6/album_listening_night_244/,all_ads,False,https://www.reddit.com/r/spotify/comments/19dr8u6/album_listening_night_244/,1396770,1706024522.0,0,,False,,,,
,spotify,"I love this playlist.. It's on ""Dark HipHop""... Check this out... If you love it then don't forget to save...☮️",t2_f8cd3v8k,False,,0,False,///𝘿 𝘼 𝙍 𝙆 &amp; 𝙇 𝙊 𝙐 𝘿///,[],r/spotify,False,6,,0,,,False,,t3_19dq4jc,False,dark,1.0,,1,0,"{'content': '&lt;iframe class=""embedly-embed"" src=""https://cdn.embedly.com/widgets/media.html?src=https%3A%2F%2Fopen.spotify.com%2Fembed%2Fplaylist%2F5cciCxoQyrci1zQsAPwB6Q%3Futm_source%3Doembed&amp;display_name=Spotify&amp;url=https%3A%2F%2Fopen.spotify.com%2Fplaylist%2F5cciCxoQyrci1zQsAPwB6Q&amp;image=https%3A%2F%2Fmosaic.scdn.co%2F300%2Fab67616d00001e020db43130a9aaa7bae56967edab67616d00001e02137c2d3150118e7157800c5bab67616d00001e0281a6a2cafab2e7a4066b5eecab67616d00001e02d6adfbd3f091d6f2b9af6507&amp;key=2aa3c4d5f3de4f5b9120b660ad850dc9&amp;type=text%2Fhtml&amp;schema=spotify"" width=""456"" height=""352"" scrolling=""no"" title=""Spotify embed"" frameborder=""0"" allow=""autoplay; fullscreen; encrypted-media; picture-in-picture;"" allowfullscreen=""true""&gt;&lt;/iframe&gt;', 'width': 456, 'scrolling': False, 'height': 352}",,,False,[],"{'type': 'open.spotify.com', 'oembed': {'provider_url': 'https://spotify.com', 'description': '𝘿 𝘼 𝙍 𝙆 &amp; 𝙇 𝙊 𝙐 𝘿/// · Playlist · 30 songs · 1 likes', 'title': '///𝘿 𝘼 𝙍 𝙆 &amp; 𝙇 𝙊 𝙐 𝘿///', 'type': 'rich', 'thumbnail_width': 300, 'height': 352, 'width': 456, 'html': '&lt;iframe class=""embedly-embed"" src=""https://cdn.embedly.com/widgets/media.html?src=https%3A%2F%2Fopen.spotify.com%2Fembed%2Fplaylist%2F5cciCxoQyrci1zQsAPwB6Q%3Futm_source%3Doembed&amp;display_name=Spotify&amp;url=https%3A%2F%2Fopen.spotify.com%2Fplaylist%2F5cciCxoQyrci1zQsAPwB6Q&amp;image=https%3A%2F%2Fmosaic.scdn.co%2F300%2Fab67616d00001e020db43130a9aaa7bae56967edab67616d00001e02137c2d3150118e7157800c5bab67616d00001e0281a6a2cafab2e7a4066b5eecab67616d00001e02d6adfbd3f091d6f2b9af6507&amp;key=2aa3c4d5f3de4f5b9120b660ad850dc9&amp;type=text%2Fhtml&amp;schema=spotify"" width=""456"" height=""352"" scrolling=""no"" title=""Spotify embed"" frameborder=""0"" allow=""autoplay; fullscreen; encrypted-media; picture-in-picture;"" allowfullscreen=""true""&gt;&lt;/iframe&gt;', 'version': '1.0', 'provider_name': 'Spotify', 'thumbnail_url': 'https://mosaic.scdn.co/300/ab67616d00001e020db43130a9aaa7bae56967edab67616d00001e02137c2d3150118e7157800c5bab67616d00001e0281a6a2cafab2e7a4066b5eecab67616d00001e02d6adfbd3f091d6f2b9af6507', 'thumbnail_height': 300}}",False,False,,"{'content': '&lt;iframe class=""embedly-embed"" src=""https://cdn.embedly.com/widgets/media.html?src=https%3A%2F%2Fopen.spotify.com%2Fembed%2Fplaylist%2F5cciCxoQyrci1zQsAPwB6Q%3Futm_source%3Doembed&amp;display_name=Spotify&amp;url=https%3A%2F%2Fopen.spotify.com%2Fplaylist%2F5cciCxoQyrci1zQsAPwB6Q&amp;image=https%3A%2F%2Fmosaic.scdn.co%2F300%2Fab67616d00001e020db43130a9aaa7bae56967edab67616d00001e02137c2d3150118e7157800c5bab67616d00001e0281a6a2cafab2e7a4066b5eecab67616d00001e02d6adfbd3f091d6f2b9af6507&amp;key=2aa3c4d5f3de4f5b9120b660ad850dc9&amp;type=text%2Fhtml&amp;schema=spotify"" width=""456"" height=""352"" scrolling=""no"" title=""Spotify embed"" frameborder=""0"" allow=""autoplay; fullscreen; encrypted-media; picture-in-picture;"" allowfullscreen=""true""&gt;&lt;/iframe&gt;', 'width': 456, 'scrolling': False, 'media_domain_url': 'https://www.redditmedia.com/mediaembed/19dq4jc', 'height': 352}",Playlist - Rap / Hip Hop,False,1,,False,False,,False,,[],{},,,False,public,1706021492.0,text,6,,,text,open.spotify.com,False,"&lt;!-- SC_OFF --&gt;&lt;div class=""md""&gt;&lt;p&gt;I love this playlist.. It&amp;#39;s on &amp;quot;Dark HipHop&amp;quot;... Check this out... If you love it then don&amp;#39;t forget to save...☮️&lt;/p&gt;
&lt;/div&gt;&lt;!-- SC_ON --&gt;",,,,,False,True,False,False,False,,[],[],False,dbc1d8d0-9fa0-11ea-982a-0e836220e083,False,False,False,,[],False,,,,t5_2qofj,False,,,,#e82638,19dq4jc,True,,krishnendu100,,0,True,all_ads,False,[],False,,/r/spotify/comments/19dq4jc/𝘿_𝘼_𝙍_𝙆_𝙇_𝙊_𝙐_𝘿/,all_ads,False,https://open.spotify.com/playlist/5cciCxoQyrci1zQsAPwB6Q?si=3sObYygbR0a0PAb8HJJkbg,1396770,1706021492.0,0,"{'type': 'open.spotify.com', 'oembed': {'provider_url': 'https://spotify.com', 'description': '𝘿 𝘼 𝙍 𝙆 &amp; 𝙇 𝙊 𝙐 𝘿/// · Playlist · 30 songs · 1 likes', 'title': '///𝘿 𝘼 𝙍 𝙆 &amp; 𝙇 𝙊 𝙐 𝘿///', 'type': 'rich', 'thumbnail_width': 300, 'height': 352, 'width': 456, 'html': '&lt;iframe class=""embedly-embed"" src=""https://cdn.embedly.com/widgets/media.html?src=https%3A%2F%2Fopen.spotify.com%2Fembed%2Fplaylist%2F5cciCxoQyrci1zQsAPwB6Q%3Futm_source%3Doembed&amp;display_name=Spotify&amp;url=https%3A%2F%2Fopen.spotify.com%2Fplaylist%2F5cciCxoQyrci1zQsAPwB6Q&amp;image=https%3A%2F%2Fmosaic.scdn.co%2F300%2Fab67616d00001e020db43130a9aaa7bae56967edab67616d00001e02137c2d3150118e7157800c5bab67616d00001e0281a6a2cafab2e7a4066b5eecab67616d00001e02d6adfbd3f091d6f2b9af6507&amp;key=2aa3c4d5f3de4f5b9120b660ad850dc9&amp;type=text%2Fhtml&amp;schema=spotify"" width=""456"" height=""352"" scrolling=""no"" title=""Spotify embed"" frameborder=""0"" allow=""autoplay; fullscreen; encrypted-media; picture-in-picture;"" allowfullscreen=""true""&gt;&lt;/iframe&gt;', 'version': '1.0', 'provider_name': 'Spotify', 'thumbnail_url': 'https://mosaic.scdn.co/300/ab67616d00001e020db43130a9aaa7bae56967edab67616d00001e02137c2d3150118e7157800c5bab67616d00001e0281a6a2cafab2e7a4066b5eecab67616d00001e02d6adfbd3f091d6f2b9af6507', 'thumbnail_height': 300}}",False,https://open.spotify.com/playlist/5cciCxoQyrci1zQsAPwB6Q?si=3sObYygbR0a0PAb8HJJkbg,,,
,spotify,,t2_l0zpsoz70,False,,0,False,Synthwave Night Drive,[],r/spotify,False,6,,0,,,False,,t3_19dplig,False,dark,1.0,,1,0,"{'content': '&lt;iframe class=""embedly-embed"" src=""https://cdn.embedly.com/widgets/media.html?src=https%3A%2F%2Fopen.spotify.com%2Fembed%2Fplaylist%2F6bf0xCvwLAfyRSePpLCMhH%3Futm_source%3Doembed&amp;display_name=Spotify&amp;url=https%3A%2F%2Fopen.spotify.com%2Fplaylist%2F6bf0xCvwLAfyRSePpLCMhH&amp;image=https%3A%2F%2Fi.scdn.co%2Fimage%2Fab67706c0000da84a4e98a614723df979595febe&amp;key=2aa3c4d5f3de4f5b9120b660ad850dc9&amp;type=text%2Fhtml&amp;schema=spotify"" width=""456"" height=""352"" scrolling=""no"" title=""Spotify embed"" frameborder=""0"" allow=""autoplay; fullscreen; encrypted-media; picture-in-picture;"" allowfullscreen=""true""&gt;&lt;/iframe&gt;', 'width': 456, 'scrolling': False, 'height': 352}",,,False,[],"{'type': 'open.spotify.com', 'oembed': {'provider_url': 'https://spotify.com', 'description': 'Synthwave 2024 - Synthwave Night Drive · Playlist · 62 songs · 1.3K likes', 'title': 'Synthwave 2024 - Synthwave Night Drive', 'type': 'rich', 'thumbnail_width': 300, 'height': 352, 'width': 456, 'html': '&lt;iframe class=""embedly-embed"" src=""https://cdn.embedly.com/widgets/media.html?src=https%3A%2F%2Fopen.spotify.com%2Fembed%2Fplaylist%2F6bf0xCvwLAfyRSePpLCMhH%3Futm_source%3Doembed&amp;display_name=Spotify&amp;url=https%3A%2F%2Fopen.spotify.com%2Fplaylist%2F6bf0xCvwLAfyRSePpLCMhH&amp;image=https%3A%2F%2Fi.scdn.co%2Fimage%2Fab67706c0000da84a4e98a614723df979595febe&amp;key=2aa3c4d5f3de4f5b9120b660ad850dc9&amp;type=text%2Fhtml&amp;schema=spotify"" width=""456"" height=""352"" scrolling=""no"" title=""Spotify embed"" frameborder=""0"" allow=""autoplay; fullscreen; encrypted-media; picture-in-picture;"" allowfullscreen=""true""&gt;&lt;/iframe&gt;', 'version': '1.0', 'provider_name': 'Spotify', 'thumbnail_url': 'https://i.scdn.co/image/ab67706c0000da84a4e98a614723df979595febe', 'thumbnail_height': 300}}",False,False,,"{'content': '&lt;iframe class=""embedly-embed"" src=""https://cdn.embedly.com/widgets/media.html?src=https%3A%2F%2Fopen.spotify.com%2Fembed%2Fplaylist%2F6bf0xCvwLAfyRSePpLCMhH%3Futm_source%3Doembed&amp;display_name=Spotify&amp;url=https%3A%2F%2Fopen.spotify.com%2Fplaylist%2F6bf0xCvwLAfyRSePpLCMhH&amp;image=https%3A%2F%2Fi.scdn.co%2Fimage%2Fab67706c0000da84a4e98a614723df979595febe&amp;key=2aa3c4d5f3de4f5b9120b660ad850dc9&amp;type=text%2Fhtml&amp;schema=spotify"" width=""456"" height=""352"" scrolling=""no"" title=""Spotify embed"" frameborder=""0"" allow=""autoplay; fullscreen; encrypted-media; picture-in-picture;"" allowfullscreen=""true""&gt;&lt;/iframe&gt;', 'width': 456, 'scrolling': False, 'media_domain_url': 'https://www.redditmedia.com/mediaembed/19dplig', 'height': 352}",Playlist - Electronic / EDM / Dance,False,1,,False,False,,False,,[],{},,,False,public,1706019995.0,text,6,,,text,open.spotify.com,False,,,,,,False,True,False,False,False,,[],[],False,0cbd2a8e-9fa1-11ea-8e59-0e59b1c879f3,False,False,False,,[],False,,,,t5_2qofj,False,,,,#7193ff,19dplig,True,,ArianaJasmineMusic,,0,True,all_ads,False,[],False,,/r/spotify/comments/19dplig/synthwave_night_drive/,all_ads,False,https://open.spotify.com/playlist/6bf0xCvwLAfyRSePpLCMhH?si=e92e35b84ee84d5f,1396770,1706019995.0,0,"{'type': 'open.spotify.com', 'oembed': {'provider_url': 'https://spotify.com', 'description': 'Synthwave 2024 - Synthwave Night Drive · Playlist · 62 songs · 1.3K likes', 'title': 'Synthwave 2024 - Synthwave Night Drive', 'type': 'rich', 'thumbnail_width': 300, 'height': 352, 'width': 456, 'html': '&lt;iframe class=""embedly-embed"" src=""https://cdn.embedly.com/widgets/media.html?src=https%3A%2F%2Fopen.spotify.com%2Fembed%2Fplaylist%2F6bf0xCvwLAfyRSePpLCMhH%3Futm_source%3Doembed&amp;display_name=Spotify&amp;url=https%3A%2F%2Fopen.spotify.com%2Fplaylist%2F6bf0xCvwLAfyRSePpLCMhH&amp;image=https%3A%2F%2Fi.scdn.co%2Fimage%2Fab67706c0000da84a4e98a614723df979595febe&amp;key=2aa3c4d5f3de4f5b9120b660ad850dc9&amp;type=text%2Fhtml&amp;schema=spotify"" width=""456"" height=""352"" scrolling=""no"" title=""Spotify embed"" frameborder=""0"" allow=""autoplay; fullscreen; encrypted-media; picture-in-picture;"" allowfullscreen=""true""&gt;&lt;/iframe&gt;', 'version': '1.0', 'provider_name': 'Spotify', 'thumbnail_url': 'https://i.scdn.co/image/ab67706c0000da84a4e98a614723df979595febe', 'thumbnail_height': 300}}",False,https://open.spotify.com/playlist/6bf0xCvwLAfyRSePpLCMhH?si=e92e35b84ee84d5f,,,
,spotify,,t2_7q2v2tb8q,False,,0,False,Cookin’ Jazz,[],r/spotify,False,6,,0,,,False,,t3_19djkg0,False,dark,1.0,,3,0,"{'content': '&lt;iframe class=""embedly-embed"" src=""https://cdn.embedly.com/widgets/media.html?src=https%3A%2F%2Fopen.spotify.com%2Fembed%2Fplaylist%2F7MpJjQQ48dYZXF8bqpPvZc%3Futm_source%3Doembed&amp;display_name=Spotify&amp;url=https%3A%2F%2Fopen.spotify.com%2Fplaylist%2F7MpJjQQ48dYZXF8bqpPvZc&amp;image=https%3A%2F%2Fi.scdn.co%2Fimage%2Fab67706c0000da840edfd8a87457906e2044ab6d&amp;key=2aa3c4d5f3de4f5b9120b660ad850dc9&amp;type=text%2Fhtml&amp;schema=spotify"" width=""456"" height=""352"" scrolling=""no"" title=""Spotify embed"" frameborder=""0"" allow=""autoplay; fullscreen; encrypted-media; picture-in-picture;"" allowfullscreen=""true""&gt;&lt;/iframe&gt;', 'width': 456, 'scrolling': False, 'height': 352}",,,False,[],"{'type': 'open.spotify.com', 'oembed': {'provider_url': 'https://spotify.com', 'description': ""Cookin' Jazz (A Jazzy Lounge and Coktail Selection Perfect To Listen To While We're Cooking!!) · Playlist · 207 songs · 698 likes"", 'title': ""Cookin' Jazz (A Jazzy Lounge and Coktail Selection Perfect To Listen To While We're Cooking!!)"", 'type': 'rich', 'thumbnail_width': 300, 'height': 352, 'width': 456, 'html': '&lt;iframe class=""embedly-embed"" src=""https://cdn.embedly.com/widgets/media.html?src=https%3A%2F%2Fopen.spotify.com%2Fembed%2Fplaylist%2F7MpJjQQ48dYZXF8bqpPvZc%3Futm_source%3Doembed&amp;display_name=Spotify&amp;url=https%3A%2F%2Fopen.spotify.com%2Fplaylist%2F7MpJjQQ48dYZXF8bqpPvZc&amp;image=https%3A%2F%2Fi.scdn.co%2Fimage%2Fab67706c0000da840edfd8a87457906e2044ab6d&amp;key=2aa3c4d5f3de4f5b9120b660ad850dc9&amp;type=text%2Fhtml&amp;schema=spotify"" width=""456"" height=""352"" scrolling=""no"" title=""Spotify embed"" frameborder=""0"" allow=""autoplay; fullscreen; encrypted-media; picture-in-picture;"" allowfullscreen=""true""&gt;&lt;/iframe&gt;', 'version': '1.0', 'provider_name': 'Spotify', 'thumbnail_url': 'https://i.scdn.co/image/ab67706c0000da840edfd8a87457906e2044ab6d', 'thumbnail_height': 300}}",False,False,,"{'content': '&lt;iframe class=""embedly-embed"" src=""https://cdn.embedly.com/widgets/media.html?src=https%3A%2F%2Fopen.spotify.com%2Fembed%2Fplaylist%2F7MpJjQQ48dYZXF8bqpPvZc%3Futm_source%3Doembed&amp;display_name=Spotify&amp;url=https%3A%2F%2Fopen.spotify.com%2Fplaylist%2F7MpJjQQ48dYZXF8bqpPvZc&amp;image=https%3A%2F%2Fi.scdn.co%2Fimage%2Fab67706c0000da840edfd8a87457906e2044ab6d&amp;key=2aa3c4d5f3de4f5b9120b660ad850dc9&amp;type=text%2Fhtml&amp;schema=spotify"" width=""456"" height=""352"" scrolling=""no"" title=""Spotify embed"" frameborder=""0"" allow=""autoplay; fullscreen; encrypted-media; picture-in-picture;"" allowfullscreen=""true""&gt;&lt;/iframe&gt;', 'width': 456, 'scrolling': False, 'media_domain_url': 'https://www.redditmedia.com/mediaembed/19djkg0', 'height': 352}","Playlist - Theme  (Party, Beach, Study)",False,3,,False,False,,False,,[],{},,,False,public,1705997606.0,text,6,,,text,open.spotify.com,False,,,,,,False,False,False,False,False,,[],[],False,64fa8956-9fa3-11ea-ba10-0e669a062341,False,False,False,,[],False,,,,t5_2qofj,False,,,,#ffd635,19djkg0,True,,Spyro1401,,0,True,all_ads,False,[],False,,/r/spotify/comments/19djkg0/cookin_jazz/,all_ads,False,https://open.spotify.com/playlist/7MpJjQQ48dYZXF8bqpPvZc?si=6524ae323f744422,1396770,1705997606.0,0,"{'type': 'open.spotify.com', 'oembed': {'provider_url': 'https://spotify.com', 'description': ""Cookin' Jazz (A Jazzy Lounge and Coktail Selection Perfect To Listen To While We're Cooking!!) · Playlist · 207 songs · 698 likes"", 'title': ""Cookin' Jazz (A Jazzy Lounge and Coktail Selection Perfect To Listen To While We're Cooking!!)"", 'type': 'rich', 'thumbnail_width': 300, 'height': 352, 'width': 456, 'html': '&lt;iframe class=""embedly-embed"" src=""https://cdn.embedly.com/widgets/media.html?src=https%3A%2F%2Fopen.spotify.com%2Fembed%2Fplaylist%2F7MpJjQQ48dYZXF8bqpPvZc%3Futm_source%3Doembed&amp;display_name=Spotify&amp;url=https%3A%2F%2Fopen.spotify.com%2Fplaylist%2F7MpJjQQ48dYZXF8bqpPvZc&amp;image=https%3A%2F%2Fi.scdn.co%2Fimage%2Fab67706c0000da840edfd8a87457906e2044ab6d&amp;key=2aa3c4d5f3de4f5b9120b660ad850dc9&amp;type=text%2Fhtml&amp;schema=spotify"" width=""456"" height=""352"" scrolling=""no"" title=""Spotify embed"" frameborder=""0"" allow=""autoplay; fullscreen; encrypted-media; picture-in-picture;"" allowfullscreen=""true""&gt;&lt;/iframe&gt;', 'version': '1.0', 'provider_name': 'Spotify', 'thumbnail_url': 'https://i.scdn.co/image/ab67706c0000da840edfd8a87457906e2044ab6d', 'thumbnail_height': 300}}",False,https://open.spotify.com/playlist/7MpJjQQ48dYZXF8bqpPvZc?si=6524ae323f744422,,,
,spotify,,t2_xvrz0df,False,,0,False,Electro Machine Funk,[],r/spotify,False,6,,0,,,False,,t3_19dp5b8,False,dark,0.5,,0,0,"{'content': '&lt;iframe class=""embedly-embed"" src=""https://cdn.embedly.com/widgets/media.html?src=https%3A%2F%2Fopen.spotify.com%2Fembed%2Fplaylist%2F54qfbNpJfIUwWjjxzhFPvB%3Futm_source%3Doembed&amp;display_name=Spotify&amp;url=https%3A%2F%2Fopen.spotify.com%2Fplaylist%2F54qfbNpJfIUwWjjxzhFPvB&amp;image=https%3A%2F%2Fi.scdn.co%2Fimage%2Fab67706c0000da84eb72a70939a7f34726b80fe6&amp;key=2aa3c4d5f3de4f5b9120b660ad850dc9&amp;type=text%2Fhtml&amp;schema=spotify"" width=""456"" height=""352"" scrolling=""no"" title=""Spotify embed"" frameborder=""0"" allow=""autoplay; fullscreen; encrypted-media; picture-in-picture;"" allowfullscreen=""true""&gt;&lt;/iframe&gt;', 'width': 456, 'scrolling': False, 'height': 352}",,,False,[],"{'type': 'open.spotify.com', 'oembed': {'provider_url': 'https://spotify.com', 'description': 'Electro Machine Funk · Playlist · 100 songs · 2.9K likes', 'title': 'Electro Machine Funk', 'type': 'rich', 'thumbnail_width': 300, 'height': 352, 'width': 456, 'html': '&lt;iframe class=""embedly-embed"" src=""https://cdn.embedly.com/widgets/media.html?src=https%3A%2F%2Fopen.spotify.com%2Fembed%2Fplaylist%2F54qfbNpJfIUwWjjxzhFPvB%3Futm_source%3Doembed&amp;display_name=Spotify&amp;url=https%3A%2F%2Fopen.spotify.com%2Fplaylist%2F54qfbNpJfIUwWjjxzhFPvB&amp;image=https%3A%2F%2Fi.scdn.co%2Fimage%2Fab67706c0000da84eb72a70939a7f34726b80fe6&amp;key=2aa3c4d5f3de4f5b9120b660ad850dc9&amp;type=text%2Fhtml&amp;schema=spotify"" width=""456"" height=""352"" scrolling=""no"" title=""Spotify embed"" frameborder=""0"" allow=""autoplay; fullscreen; encrypted-media; picture-in-picture;"" allowfullscreen=""true""&gt;&lt;/iframe&gt;', 'version': '1.0', 'provider_name': 'Spotify', 'thumbnail_url': 'https://i.scdn.co/image/ab67706c0000da84eb72a70939a7f34726b80fe6', 'thumbnail_height': 300}}",False,False,,"{'content': '&lt;iframe class=""embedly-embed"" src=""https://cdn.embedly.com/widgets/media.html?src=https%3A%2F%2Fopen.spotify.com%2Fembed%2Fplaylist%2F54qfbNpJfIUwWjjxzhFPvB%3Futm_source%3Doembed&amp;display_name=Spotify&amp;url=https%3A%2F%2Fopen.spotify.com%2Fplaylist%2F54qfbNpJfIUwWjjxzhFPvB&amp;image=https%3A%2F%2Fi.scdn.co%2Fimage%2Fab67706c0000da84eb72a70939a7f34726b80fe6&amp;key=2aa3c4d5f3de4f5b9120b660ad850dc9&amp;type=text%2Fhtml&amp;schema=spotify"" width=""456"" height=""352"" scrolling=""no"" title=""Spotify embed"" frameborder=""0"" allow=""autoplay; fullscreen; encrypted-media; picture-in-picture;"" allowfullscreen=""true""&gt;&lt;/iframe&gt;', 'width': 456, 'scrolling': False, 'media_domain_url': 'https://www.redditmedia.com/mediaembed/19dp5b8', 'height': 352}",Playlist - Electronic / EDM / Dance,False,0,,False,False,,False,,[],{},,,False,public,1706018685.0,text,6,,,text,open.spotify.com,False,,,,,,False,True,False,False,False,,[],[],False,0cbd2a8e-9fa1-11ea-8e59-0e59b1c879f3,False,False,False,,[],False,,,,t5_2qofj,False,,,,#7193ff,19dp5b8,True,,AddyEPM,,0,True,all_ads,False,[],False,,/r/spotify/comments/19dp5b8/electro_machine_funk/,all_ads,False,https://open.spotify.com/playlist/54qfbNpJfIUwWjjxzhFPvB?si=75874fe220b84b29,1396770,1706018685.0,0,"{'type': 'open.spotify.com', 'oembed': {'provider_url': 'https://spotify.com', 'description': 'Electro Machine Funk · Playlist · 100 songs · 2.9K likes', 'title': 'Electro Machine Funk', 'type': 'rich', 'thumbnail_width': 300, 'height': 352, 'width': 456, 'html': '&lt;iframe class=""embedly-embed"" src=""https://cdn.embedly.com/widgets/media.html?src=https%3A%2F%2Fopen.spotify.com%2Fembed%2Fplaylist%2F54qfbNpJfIUwWjjxzhFPvB%3Futm_source%3Doembed&amp;display_name=Spotify&amp;url=https%3A%2F%2Fopen.spotify.com%2Fplaylist%2F54qfbNpJfIUwWjjxzhFPvB&amp;image=https%3A%2F%2Fi.scdn.co%2Fimage%2Fab67706c0000da84eb72a70939a7f34726b80fe6&amp;key=2aa3c4d5f3de4f5b9120b660ad850dc9&amp;type=text%2Fhtml&amp;schema=spotify"" width=""456"" height=""352"" scrolling=""no"" title=""Spotify embed"" frameborder=""0"" allow=""autoplay; fullscreen; encrypted-media; picture-in-picture;"" allowfullscreen=""true""&gt;&lt;/iframe&gt;', 'version': '1.0', 'provider_name': 'Spotify', 'thumbnail_url': 'https://i.scdn.co/image/ab67706c0000da84eb72a70939a7f34726b80fe6', 'thumbnail_height': 300}}",False,https://open.spotify.com/playlist/54qfbNpJfIUwWjjxzhFPvB?si=75874fe220b84b29,,,
,spotify,,t2_3bmmyyx6,False,,0,False,Funny Gym/workout/exercise playlist names?,[],r/spotify,False,6,favors,0,,,False,,t3_19dkdub,False,dark,1.0,,2,0,{},,,False,[],,False,False,,{},[REQUEST] Playlists / Songs / Artists / Albums ,False,2,,False,False,,False,,[],{},,,True,public,1706001180.0,text,6,,,text,self.spotify,False,,,,,,False,False,False,False,False,,[],[],False,b188c2f4-9a2e-11e9-9464-0e9d067aecce,False,False,False,,[],False,,,,t5_2qofj,False,,,,#94e044,19dkdub,True,,SurfinginStyle,,2,True,all_ads,False,[],False,,/r/spotify/comments/19dkdub/funny_gymworkoutexercise_playlist_names/,all_ads,False,https://www.reddit.com/r/spotify/comments/19dkdub/funny_gymworkoutexercise_playlist_names/,1396770,1706001180.0,0,,False,,,,
,spotify,,t2_6tvk4zfbk,False,,0,False,"Ease into the day with these laid-back, singer-songwriter tunes:",[],r/spotify,False,6,,0,,,False,,t3_19dnuaj,False,dark,1.0,,1,0,"{'content': '&lt;iframe class=""embedly-embed"" src=""https://cdn.embedly.com/widgets/media.html?src=https%3A%2F%2Fopen.spotify.com%2Fembed%2Fplaylist%2F3w38sPeQ9zXdkEqfmsMkAA%3Futm_source%3Doembed&amp;display_name=Spotify&amp;url=http%3A%2F%2Fopen.spotify.com%2Fplaylist%2F3w38sPeQ9zXdkEqfmsMkAA&amp;image=https%3A%2F%2Fi.scdn.co%2Fimage%2Fab67706c0000da842e39a77ef1508cd900609c87&amp;key=2aa3c4d5f3de4f5b9120b660ad850dc9&amp;type=text%2Fhtml&amp;schema=spotify"" width=""456"" height=""352"" scrolling=""no"" title=""Spotify embed"" frameborder=""0"" allow=""autoplay; fullscreen; encrypted-media; picture-in-picture;"" allowfullscreen=""true""&gt;&lt;/iframe&gt;', 'width': 456, 'scrolling': False, 'height': 352}",,,False,[],"{'type': 'open.spotify.com', 'oembed': {'provider_url': 'https://spotify.com', 'version': '1.0', 'title': ""G'morning, Sunshine"", 'thumbnail_width': 300, 'height': 352, 'width': 456, 'html': '&lt;iframe class=""embedly-embed"" src=""https://cdn.embedly.com/widgets/media.html?src=https%3A%2F%2Fopen.spotify.com%2Fembed%2Fplaylist%2F3w38sPeQ9zXdkEqfmsMkAA%3Futm_source%3Doembed&amp;display_name=Spotify&amp;url=http%3A%2F%2Fopen.spotify.com%2Fplaylist%2F3w38sPeQ9zXdkEqfmsMkAA&amp;image=https%3A%2F%2Fi.scdn.co%2Fimage%2Fab67706c0000da842e39a77ef1508cd900609c87&amp;key=2aa3c4d5f3de4f5b9120b660ad850dc9&amp;type=text%2Fhtml&amp;schema=spotify"" width=""456"" height=""352"" scrolling=""no"" title=""Spotify embed"" frameborder=""0"" allow=""autoplay; fullscreen; encrypted-media; picture-in-picture;"" allowfullscreen=""true""&gt;&lt;/iframe&gt;', 'provider_name': 'Spotify', 'thumbnail_url': 'https://i.scdn.co/image/ab67706c0000da842e39a77ef1508cd900609c87', 'type': 'rich', 'thumbnail_height': 300}}",False,False,,"{'content': '&lt;iframe class=""embedly-embed"" src=""https://cdn.embedly.com/widgets/media.html?src=https%3A%2F%2Fopen.spotify.com%2Fembed%2Fplaylist%2F3w38sPeQ9zXdkEqfmsMkAA%3Futm_source%3Doembed&amp;display_name=Spotify&amp;url=http%3A%2F%2Fopen.spotify.com%2Fplaylist%2F3w38sPeQ9zXdkEqfmsMkAA&amp;image=https%3A%2F%2Fi.scdn.co%2Fimage%2Fab67706c0000da842e39a77ef1508cd900609c87&amp;key=2aa3c4d5f3de4f5b9120b660ad850dc9&amp;type=text%2Fhtml&amp;schema=spotify"" width=""456"" height=""352"" scrolling=""no"" title=""Spotify embed"" frameborder=""0"" allow=""autoplay; fullscreen; encrypted-media; picture-in-picture;"" allowfullscreen=""true""&gt;&lt;/iframe&gt;', 'width': 456, 'scrolling': False, 'media_domain_url': 'https://www.redditmedia.com/mediaembed/19dnuaj', 'height': 352}","Playlist - Mood/Feeling (Chill, Lofi, Uplifting)",False,1,,False,False,,False,,[],{},,,False,public,1706014676.0,text,6,,,text,open.spotify.com,False,,,,,,False,True,False,False,False,,[],[],False,ede46e42-9fa0-11ea-8c94-0e70d5715363,False,False,False,,[],False,,,,t5_2qofj,False,,,,#c300c1,19dnuaj,True,,cgraygo,,0,True,all_ads,False,[],False,,/r/spotify/comments/19dnuaj/ease_into_the_day_with_these_laidback/,all_ads,False,https://open.spotify.com/playlist/3w38sPeQ9zXdkEqfmsMkAA?si=227e89262ede4cd7,1396770,1706014676.0,0,"{'type': 'open.spotify.com', 'oembed': {'provider_url': 'https://spotify.com', 'version': '1.0', 'title': ""G'morning, Sunshine"", 'thumbnail_width': 300, 'height': 352, 'width': 456, 'html': '&lt;iframe class=""embedly-embed"" src=""https://cdn.embedly.com/widgets/media.html?src=https%3A%2F%2Fopen.spotify.com%2Fembed%2Fplaylist%2F3w38sPeQ9zXdkEqfmsMkAA%3Futm_source%3Doembed&amp;display_name=Spotify&amp;url=http%3A%2F%2Fopen.spotify.com%2Fplaylist%2F3w38sPeQ9zXdkEqfmsMkAA&amp;image=https%3A%2F%2Fi.scdn.co%2Fimage%2Fab67706c0000da842e39a77ef1508cd900609c87&amp;key=2aa3c4d5f3de4f5b9120b660ad850dc9&amp;type=text%2Fhtml&amp;schema=spotify"" width=""456"" height=""352"" scrolling=""no"" title=""Spotify embed"" frameborder=""0"" allow=""autoplay; fullscreen; encrypted-media; picture-in-picture;"" allowfullscreen=""true""&gt;&lt;/iframe&gt;', 'provider_name': 'Spotify', 'thumbnail_url': 'https://i.scdn.co/image/ab67706c0000da842e39a77ef1508cd900609c87', 'type': 'rich', 'thumbnail_height': 300}}",False,https://open.spotify.com/playlist/3w38sPeQ9zXdkEqfmsMkAA?si=227e89262ede4cd7,,,
,spotify,,t2_i5qj0,False,,0,False,math rock tunes to cure your depression,[],r/spotify,False,6,,0,,,False,,t3_19dn33f,False,dark,0.5,,0,0,"{'content': '&lt;iframe class=""embedly-embed"" src=""https://cdn.embedly.com/widgets/media.html?src=https%3A%2F%2Fopen.spotify.com%2Fembed%2Fplaylist%2F4gamA4R4w9CnXWhlRAyL11%3Futm_source%3Doembed&amp;display_name=Spotify&amp;url=https%3A%2F%2Fopen.spotify.com%2Fplaylist%2F4gamA4R4w9CnXWhlRAyL11&amp;image=https%3A%2F%2Fi.scdn.co%2Fimage%2Fab67706c0000da843d837d00be5b3d9c2445df3d&amp;key=2aa3c4d5f3de4f5b9120b660ad850dc9&amp;type=text%2Fhtml&amp;schema=spotify"" width=""456"" height=""352"" scrolling=""no"" title=""Spotify embed"" frameborder=""0"" allow=""autoplay; fullscreen; encrypted-media; picture-in-picture;"" allowfullscreen=""true""&gt;&lt;/iframe&gt;', 'width': 456, 'scrolling': False, 'height': 352}",,,False,[],"{'type': 'open.spotify.com', 'oembed': {'provider_url': 'https://spotify.com', 'description': 'math rock tunes to cure your depression · Playlist · 15 songs · 147 likes', 'title': 'math rock tunes to cure your depression', 'type': 'rich', 'thumbnail_width': 300, 'height': 352, 'width': 456, 'html': '&lt;iframe class=""embedly-embed"" src=""https://cdn.embedly.com/widgets/media.html?src=https%3A%2F%2Fopen.spotify.com%2Fembed%2Fplaylist%2F4gamA4R4w9CnXWhlRAyL11%3Futm_source%3Doembed&amp;display_name=Spotify&amp;url=https%3A%2F%2Fopen.spotify.com%2Fplaylist%2F4gamA4R4w9CnXWhlRAyL11&amp;image=https%3A%2F%2Fi.scdn.co%2Fimage%2Fab67706c0000da843d837d00be5b3d9c2445df3d&amp;key=2aa3c4d5f3de4f5b9120b660ad850dc9&amp;type=text%2Fhtml&amp;schema=spotify"" width=""456"" height=""352"" scrolling=""no"" title=""Spotify embed"" frameborder=""0"" allow=""autoplay; fullscreen; encrypted-media; picture-in-picture;"" allowfullscreen=""true""&gt;&lt;/iframe&gt;', 'version': '1.0', 'provider_name': 'Spotify', 'thumbnail_url': 'https://i.scdn.co/image/ab67706c0000da843d837d00be5b3d9c2445df3d', 'thumbnail_height': 300}}",False,False,,"{'content': '&lt;iframe class=""embedly-embed"" src=""https://cdn.embedly.com/widgets/media.html?src=https%3A%2F%2Fopen.spotify.com%2Fembed%2Fplaylist%2F4gamA4R4w9CnXWhlRAyL11%3Futm_source%3Doembed&amp;display_name=Spotify&amp;url=https%3A%2F%2Fopen.spotify.com%2Fplaylist%2F4gamA4R4w9CnXWhlRAyL11&amp;image=https%3A%2F%2Fi.scdn.co%2Fimage%2Fab67706c0000da843d837d00be5b3d9c2445df3d&amp;key=2aa3c4d5f3de4f5b9120b660ad850dc9&amp;type=text%2Fhtml&amp;schema=spotify"" width=""456"" height=""352"" scrolling=""no"" title=""Spotify embed"" frameborder=""0"" allow=""autoplay; fullscreen; encrypted-media; picture-in-picture;"" allowfullscreen=""true""&gt;&lt;/iframe&gt;', 'width': 456, 'scrolling': False, 'media_domain_url': 'https://www.redditmedia.com/mediaembed/19dn33f', 'height': 352}","Playlist - Mood/Feeling (Chill, Lofi, Uplifting)",False,0,,False,False,,False,,[],{},,,False,public,1706012063.0,text,6,,,text,open.spotify.com,False,,,,,,False,True,False,False,False,,[],[],False,ede46e42-9fa0-11ea-8c94-0e70d5715363,False,False,False,,[],False,,,,t5_2qofj,False,,,,#c300c1,19dn33f,True,,oborvasha,,0,True,all_ads,False,[],False,,/r/spotify/comments/19dn33f/math_rock_tunes_to_cure_your_depression/,all_ads,False,https://open.spotify.com/playlist/4gamA4R4w9CnXWhlRAyL11?si=b66bfca380da4759,1396770,1706012063.0,0,"{'type': 'open.spotify.com', 'oembed': {'provider_url': 'https://spotify.com', 'description': 'math rock tunes to cure your depression · Playlist · 15 songs · 147 likes', 'title': 'math rock tunes to cure your depression', 'type': 'rich', 'thumbnail_width': 300, 'height': 352, 'width': 456, 'html': '&lt;iframe class=""embedly-embed"" src=""https://cdn.embedly.com/widgets/media.html?src=https%3A%2F%2Fopen.spotify.com%2Fembed%2Fplaylist%2F4gamA4R4w9CnXWhlRAyL11%3Futm_source%3Doembed&amp;display_name=Spotify&amp;url=https%3A%2F%2Fopen.spotify.com%2Fplaylist%2F4gamA4R4w9CnXWhlRAyL11&amp;image=https%3A%2F%2Fi.scdn.co%2Fimage%2Fab67706c0000da843d837d00be5b3d9c2445df3d&amp;key=2aa3c4d5f3de4f5b9120b660ad850dc9&amp;type=text%2Fhtml&amp;schema=spotify"" width=""456"" height=""352"" scrolling=""no"" title=""Spotify embed"" frameborder=""0"" allow=""autoplay; fullscreen; encrypted-media; picture-in-picture;"" allowfullscreen=""true""&gt;&lt;/iframe&gt;', 'version': '1.0', 'provider_name': 'Spotify', 'thumbnail_url': 'https://i.scdn.co/image/ab67706c0000da843d837d00be5b3d9c2445df3d', 'thumbnail_height': 300}}",False,https://open.spotify.com/playlist/4gamA4R4w9CnXWhlRAyL11?si=b66bfca380da4759,,,
,spotify,"This is my longest Playlist it’s about 673 Hours with 10000 songs
The genre are:
Rap
Techno
Metal
Rock
Pop
Its basically every artist I listen to 
Hope you enjoy 

https://open.spotify.com/playlist/1zxwMcrgfnY8YXV6IvhEPf?si=4a89e8978b5f4313",t2_4cc0byut,False,,0,False,My longest Playlist,[],r/spotify,False,6,playlist,0,,,False,,t3_19dmw1u,False,dark,0.99,,1,0,{},,,False,[],,False,False,,{},Playlist - Random / Other / No Theme,False,1,,False,False,,False,,[],{},,,True,public,1706011347.0,text,6,,,text,self.spotify,False,"&lt;!-- SC_OFF --&gt;&lt;div class=""md""&gt;&lt;p&gt;This is my longest Playlist it’s about 673 Hours with 10000 songs
The genre are:
Rap
Techno
Metal
Rock
Pop
Its basically every artist I listen to 
Hope you enjoy &lt;/p&gt;

&lt;p&gt;&lt;a href=""https://open.spotify.com/playlist/1zxwMcrgfnY8YXV6IvhEPf?si=4a89e8978b5f4313""&gt;https://open.spotify.com/playlist/1zxwMcrgfnY8YXV6IvhEPf?si=4a89e8978b5f4313&lt;/a&gt;&lt;/p&gt;
&lt;/div&gt;&lt;!-- SC_ON --&gt;",,,,,False,True,False,False,False,,[],[],False,5fb11b10-99e4-11e9-afa4-0e71ebf0abb0,False,False,False,,[],False,,,,t5_2qofj,False,,,,#46d160,19dmw1u,True,,Shi3104,,0,True,all_ads,False,[],False,,/r/spotify/comments/19dmw1u/my_longest_playlist/,all_ads,False,https://www.reddit.com/r/spotify/comments/19dmw1u/my_longest_playlist/,1396770,1706011347.0,0,,False,,,,
,spotify,https://open.spotify.com/playlist/4zKNPArrKzPrcD9lNkyb5i?si=wf1up4BzSt-Ld1hk3LsPgg,t2_2mmd1nih,False,,0,False,"El Camino ( hip hop artist from Buffalo, NY )",[],r/spotify,False,6,,0,,,False,,t3_19dmm3x,False,dark,0.5,,0,0,{},,,False,[],,False,False,,{},Playlist - Rap / Hip Hop,False,0,,False,True,,False,,[],{},,,True,public,1706010346.0,text,6,,,text,self.spotify,False,"&lt;!-- SC_OFF --&gt;&lt;div class=""md""&gt;&lt;p&gt;&lt;a href=""https://open.spotify.com/playlist/4zKNPArrKzPrcD9lNkyb5i?si=wf1up4BzSt-Ld1hk3LsPgg""&gt;https://open.spotify.com/playlist/4zKNPArrKzPrcD9lNkyb5i?si=wf1up4BzSt-Ld1hk3LsPgg&lt;/a&gt;&lt;/p&gt;
&lt;/div&gt;&lt;!-- SC_ON --&gt;",,,,,False,True,False,False,False,,[],[],False,dbc1d8d0-9fa0-11ea-982a-0e836220e083,False,False,False,,[],False,,,,t5_2qofj,False,,,,#e82638,19dmm3x,True,,Hopeful-Pride1791,,1,True,all_ads,False,[],False,,/r/spotify/comments/19dmm3x/el_camino_hip_hop_artist_from_buffalo_ny/,all_ads,False,https://www.reddit.com/r/spotify/comments/19dmm3x/el_camino_hip_hop_artist_from_buffalo_ny/,1396770,1706010346.0,0,,False,,,,
,spotify,"Seems like everyone  has an issue with how it shuffles. I just dont want it to shuffle but it forces itself on me.
Most of the Time I want to listen to shuffled playlists,but sometimes not. And it the becomes a real fight to turn it off.
I click on the song, deactivate suffle and as soon as I change the screen to anything else but the current song it activates shuffle again. Sometimes even smart shuffle wich is even more frustrating because thise songs suck.
I regularly have to deactivate it 5 to 7 times till it accepts my request.
Whats up with that?",t2_4zv5s3fr,False,,0,False,Shuffle keeps activating itself,[],r/spotify,False,6,,0,,,False,,t3_19dj1a5,False,light,0.76,,2,0,{},,,False,[],,False,False,,{},Shuffle Complaint,False,2,,False,False,,False,,[],{},,,True,public,1705995275.0,text,6,,,text,self.spotify,False,"&lt;!-- SC_OFF --&gt;&lt;div class=""md""&gt;&lt;p&gt;Seems like everyone  has an issue with how it shuffles. I just dont want it to shuffle but it forces itself on me.
Most of the Time I want to listen to shuffled playlists,but sometimes not. And it the becomes a real fight to turn it off.
I click on the song, deactivate suffle and as soon as I change the screen to anything else but the current song it activates shuffle again. Sometimes even smart shuffle wich is even more frustrating because thise songs suck.
I regularly have to deactivate it 5 to 7 times till it accepts my request.
Whats up with that?&lt;/p&gt;
&lt;/div&gt;&lt;!-- SC_ON --&gt;",,,,,False,False,False,False,False,,[],[],False,c26db3f0-eaf4-11ea-842b-0e000ead5bdb,False,False,False,,[],False,,,,t5_2qofj,False,,,,,19dj1a5,True,,NoVa_PowZ,,1,True,all_ads,False,[],False,,/r/spotify/comments/19dj1a5/shuffle_keeps_activating_itself/,all_ads,False,https://www.reddit.com/r/spotify/comments/19dj1a5/shuffle_keeps_activating_itself/,1396770,1705995275.0,0,,False,,,,
,spotify,Anyone can share there gym playlist. I don't like edm or just beats. I need human voices with some good beats to keep me pump up.  language will not be a issue. Just good energetic songs,t2_pjfb6ypmp,False,,0,False,Share gym playlist,[],r/spotify,False,6,favors,0,,,False,,t3_19d5n82,False,dark,1.0,,14,0,{},,,False,[],,False,False,,{},[REQUEST] Playlists / Songs / Artists / Albums ,False,14,,False,False,,False,,[],{},,,True,public,1705955842.0,text,6,,,text,self.spotify,False,"&lt;!-- SC_OFF --&gt;&lt;div class=""md""&gt;&lt;p&gt;Anyone can share there gym playlist. I don&amp;#39;t like edm or just beats. I need human voices with some good beats to keep me pump up.  language will not be a issue. Just good energetic songs&lt;/p&gt;
&lt;/div&gt;&lt;!-- SC_ON --&gt;",,,,,False,False,False,False,False,,[],[],False,b188c2f4-9a2e-11e9-9464-0e9d067aecce,False,False,False,,[],False,,,,t5_2qofj,False,,,,#94e044,19d5n82,True,,Diogenes_Of_Suburbia,,24,True,all_ads,False,[],False,,/r/spotify/comments/19d5n82/share_gym_playlist/,all_ads,False,https://www.reddit.com/r/spotify/comments/19d5n82/share_gym_playlist/,1396770,1705955842.0,0,,False,,,,
,spotify,i was introduced to this song by a video about alternate tuning and it’s exactly what i’ve been looking for,t2_pb5qbgmds,False,,0,False,songs like mayonaise by the smashing pumpkins?,[],r/spotify,False,6,favors,0,,,False,,t3_19dlqwa,False,dark,1.0,,1,0,{},,,False,[],,False,False,,{},[REQUEST] Playlists / Songs / Artists / Albums ,False,1,,False,False,,False,,[],{},,,True,public,1706006980.0,text,6,,,text,self.spotify,False,"&lt;!-- SC_OFF --&gt;&lt;div class=""md""&gt;&lt;p&gt;i was introduced to this song by a video about alternate tuning and it’s exactly what i’ve been looking for&lt;/p&gt;
&lt;/div&gt;&lt;!-- SC_ON --&gt;",,,,,False,True,False,False,False,,[],[],False,b188c2f4-9a2e-11e9-9464-0e9d067aecce,False,False,False,,[],False,,,,t5_2qofj,False,,,,#94e044,19dlqwa,True,,lahartheviking,,0,True,all_ads,False,[],False,,/r/spotify/comments/19dlqwa/songs_like_mayonaise_by_the_smashing_pumpkins/,all_ads,False,https://www.reddit.com/r/spotify/comments/19dlqwa/songs_like_mayonaise_by_the_smashing_pumpkins/,1396770,1706006980.0,0,,False,,,,
,spotify,,t2_13ldx3,False,,0,False,Collaborative playlist Spotify free,[],r/spotify,False,6,,0,,,False,,t3_19dln3y,False,dark,0.5,,0,0,"{'content': '&lt;iframe class=""embedly-embed"" src=""https://cdn.embedly.com/widgets/media.html?src=https%3A%2F%2Fopen.spotify.com%2Fembed%2Fplaylist%2F7qJT8VDCRkOVLdAn5J4Mg5%3Futm_source%3Doembed&amp;display_name=Spotify&amp;url=https%3A%2F%2Fopen.spotify.com%2Fplaylist%2F7qJT8VDCRkOVLdAn5J4Mg5&amp;image=https%3A%2F%2Fi.scdn.co%2Fimage%2Fab67706c0000da844766d2d2a936149c63375602&amp;key=2aa3c4d5f3de4f5b9120b660ad850dc9&amp;type=text%2Fhtml&amp;schema=spotify"" width=""456"" height=""352"" scrolling=""no"" title=""Spotify embed"" frameborder=""0"" allow=""autoplay; fullscreen; encrypted-media; picture-in-picture;"" allowfullscreen=""true""&gt;&lt;/iframe&gt;', 'width': 456, 'scrolling': False, 'height': 352}",,,False,[],"{'type': 'open.spotify.com', 'oembed': {'provider_url': 'https://spotify.com', 'description': 'Collaborative playlist Spotify free · Playlist · 527 songs · 11 likes', 'title': 'Collaborative playlist Spotify free', 'type': 'rich', 'thumbnail_width': 300, 'height': 352, 'width': 456, 'html': '&lt;iframe class=""embedly-embed"" src=""https://cdn.embedly.com/widgets/media.html?src=https%3A%2F%2Fopen.spotify.com%2Fembed%2Fplaylist%2F7qJT8VDCRkOVLdAn5J4Mg5%3Futm_source%3Doembed&amp;display_name=Spotify&amp;url=https%3A%2F%2Fopen.spotify.com%2Fplaylist%2F7qJT8VDCRkOVLdAn5J4Mg5&amp;image=https%3A%2F%2Fi.scdn.co%2Fimage%2Fab67706c0000da844766d2d2a936149c63375602&amp;key=2aa3c4d5f3de4f5b9120b660ad850dc9&amp;type=text%2Fhtml&amp;schema=spotify"" width=""456"" height=""352"" scrolling=""no"" title=""Spotify embed"" frameborder=""0"" allow=""autoplay; fullscreen; encrypted-media; picture-in-picture;"" allowfullscreen=""true""&gt;&lt;/iframe&gt;', 'version': '1.0', 'provider_name': 'Spotify', 'thumbnail_url': 'https://i.scdn.co/image/ab67706c0000da844766d2d2a936149c63375602', 'thumbnail_height': 300}}",False,False,,"{'content': '&lt;iframe class=""embedly-embed"" src=""https://cdn.embedly.com/widgets/media.html?src=https%3A%2F%2Fopen.spotify.com%2Fembed%2Fplaylist%2F7qJT8VDCRkOVLdAn5J4Mg5%3Futm_source%3Doembed&amp;display_name=Spotify&amp;url=https%3A%2F%2Fopen.spotify.com%2Fplaylist%2F7qJT8VDCRkOVLdAn5J4Mg5&amp;image=https%3A%2F%2Fi.scdn.co%2Fimage%2Fab67706c0000da844766d2d2a936149c63375602&amp;key=2aa3c4d5f3de4f5b9120b660ad850dc9&amp;type=text%2Fhtml&amp;schema=spotify"" width=""456"" height=""352"" scrolling=""no"" title=""Spotify embed"" frameborder=""0"" allow=""autoplay; fullscreen; encrypted-media; picture-in-picture;"" allowfullscreen=""true""&gt;&lt;/iframe&gt;', 'width': 456, 'scrolling': False, 'media_domain_url': 'https://www.redditmedia.com/mediaembed/19dln3y', 'height': 352}",Playlist - Rock/Metal/Indie/Alt,False,0,,False,False,,False,,[],{},,,False,public,1706006540.0,text,6,,,text,open.spotify.com,False,,,,,,False,True,False,False,False,,[],[],False,d0dbfc3e-9fa0-11ea-9b6c-0e248f77e35b,False,False,False,,[],False,,,,t5_2qofj,False,,,,#fb8f1b,19dln3y,True,,CrisVola,,0,True,all_ads,False,[],False,,/r/spotify/comments/19dln3y/collaborative_playlist_spotify_free/,all_ads,False,https://open.spotify.com/playlist/7qJT8VDCRkOVLdAn5J4Mg5,1396770,1706006540.0,0,"{'type': 'open.spotify.com', 'oembed': {'provider_url': 'https://spotify.com', 'description': 'Collaborative playlist Spotify free · Playlist · 527 songs · 11 likes', 'title': 'Collaborative playlist Spotify free', 'type': 'rich', 'thumbnail_width': 300, 'height': 352, 'width': 456, 'html': '&lt;iframe class=""embedly-embed"" src=""https://cdn.embedly.com/widgets/media.html?src=https%3A%2F%2Fopen.spotify.com%2Fembed%2Fplaylist%2F7qJT8VDCRkOVLdAn5J4Mg5%3Futm_source%3Doembed&amp;display_name=Spotify&amp;url=https%3A%2F%2Fopen.spotify.com%2Fplaylist%2F7qJT8VDCRkOVLdAn5J4Mg5&amp;image=https%3A%2F%2Fi.scdn.co%2Fimage%2Fab67706c0000da844766d2d2a936149c63375602&amp;key=2aa3c4d5f3de4f5b9120b660ad850dc9&amp;type=text%2Fhtml&amp;schema=spotify"" width=""456"" height=""352"" scrolling=""no"" title=""Spotify embed"" frameborder=""0"" allow=""autoplay; fullscreen; encrypted-media; picture-in-picture;"" allowfullscreen=""true""&gt;&lt;/iframe&gt;', 'version': '1.0', 'provider_name': 'Spotify', 'thumbnail_url': 'https://i.scdn.co/image/ab67706c0000da844766d2d2a936149c63375602', 'thumbnail_height': 300}}",False,https://open.spotify.com/playlist/7qJT8VDCRkOVLdAn5J4Mg5,,,
,spotify,"Do you turn your settings down to ""normal"" or ""low"" in Spotify? Using your own argument, I doubt you can hear the difference between 128 and 320kbit/s.",t2_e4jyf,False,,0,False,"People who say - ""You can't hear a difference between 320kbit/s and lossless""",[],r/spotify,False,6,question,0,,,False,,t3_19duf14,False,light,0.36,,0,0,{},,,False,[],,False,False,,{},Question / Discussion,False,0,,False,False,,False,,[],{},,,True,public,1706032701.0,text,6,,,text,self.spotify,False,"&lt;!-- SC_OFF --&gt;&lt;div class=""md""&gt;&lt;p&gt;Do you turn your settings down to &amp;quot;normal&amp;quot; or &amp;quot;low&amp;quot; in Spotify? Using your own argument, I doubt you can hear the difference between 128 and 320kbit/s.&lt;/p&gt;
&lt;/div&gt;&lt;!-- SC_ON --&gt;",,,,,False,True,False,False,False,,[],[],False,58828680-99e4-11e9-9cfc-0e6137c47742,False,False,False,,[],False,,,,t5_2qofj,False,,,,#d3d6da,19duf14,True,,alttabbins,,9,True,all_ads,False,[],False,,/r/spotify/comments/19duf14/people_who_say_you_cant_hear_a_difference_between/,all_ads,False,https://www.reddit.com/r/spotify/comments/19duf14/people_who_say_you_cant_hear_a_difference_between/,1396770,1706032701.0,0,,False,,,,
,spotify,"Best GYM Motivational Music on a single Playlist.To be Concentrated and Motivated During the Workout,Checkout Right Now.Thank you",t2_sgk5ks10g,False,,0,False,Chill Vibes,[],r/spotify,False,6,playlist,0,,,False,,t3_19dlbpc,False,dark,1.0,,1,0,"{'content': '&lt;iframe class=""embedly-embed"" src=""https://cdn.embedly.com/widgets/media.html?src=https%3A%2F%2Fopen.spotify.com%2Fembed%2Fplaylist%2F2e6tOUTVk0af1bxw5q845k%3Futm_source%3Doembed&amp;display_name=Spotify&amp;url=https%3A%2F%2Fopen.spotify.com%2Fplaylist%2F2e6tOUTVk0af1bxw5q845k&amp;image=https%3A%2F%2Fmosaic.scdn.co%2F300%2Fab67616d00001e024718e2b124f79258be7bc452ab67616d00001e0255404f712deb84d0650a4b41ab67616d00001e027947bf3e8af32378de181b41ab67616d00001e029e2f95ae77cf436017ada9cb&amp;key=2aa3c4d5f3de4f5b9120b660ad850dc9&amp;type=text%2Fhtml&amp;schema=spotify"" width=""456"" height=""352"" scrolling=""no"" title=""Spotify embed"" frameborder=""0"" allow=""autoplay; fullscreen; encrypted-media; picture-in-picture;"" allowfullscreen=""true""&gt;&lt;/iframe&gt;', 'width': 456, 'scrolling': False, 'height': 352}",,,False,[],"{'type': 'open.spotify.com', 'oembed': {'provider_url': 'https://spotify.com', 'description': 'Chill Vibes · Playlist · 37 songs', 'title': 'Chill Vibes', 'type': 'rich', 'thumbnail_width': 300, 'height': 352, 'width': 456, 'html': '&lt;iframe class=""embedly-embed"" src=""https://cdn.embedly.com/widgets/media.html?src=https%3A%2F%2Fopen.spotify.com%2Fembed%2Fplaylist%2F2e6tOUTVk0af1bxw5q845k%3Futm_source%3Doembed&amp;display_name=Spotify&amp;url=https%3A%2F%2Fopen.spotify.com%2Fplaylist%2F2e6tOUTVk0af1bxw5q845k&amp;image=https%3A%2F%2Fmosaic.scdn.co%2F300%2Fab67616d00001e024718e2b124f79258be7bc452ab67616d00001e0255404f712deb84d0650a4b41ab67616d00001e027947bf3e8af32378de181b41ab67616d00001e029e2f95ae77cf436017ada9cb&amp;key=2aa3c4d5f3de4f5b9120b660ad850dc9&amp;type=text%2Fhtml&amp;schema=spotify"" width=""456"" height=""352"" scrolling=""no"" title=""Spotify embed"" frameborder=""0"" allow=""autoplay; fullscreen; encrypted-media; picture-in-picture;"" allowfullscreen=""true""&gt;&lt;/iframe&gt;', 'version': '1.0', 'provider_name': 'Spotify', 'thumbnail_url': 'https://mosaic.scdn.co/300/ab67616d00001e024718e2b124f79258be7bc452ab67616d00001e0255404f712deb84d0650a4b41ab67616d00001e027947bf3e8af32378de181b41ab67616d00001e029e2f95ae77cf436017ada9cb', 'thumbnail_height': 300}}",False,False,,"{'content': '&lt;iframe class=""embedly-embed"" src=""https://cdn.embedly.com/widgets/media.html?src=https%3A%2F%2Fopen.spotify.com%2Fembed%2Fplaylist%2F2e6tOUTVk0af1bxw5q845k%3Futm_source%3Doembed&amp;display_name=Spotify&amp;url=https%3A%2F%2Fopen.spotify.com%2Fplaylist%2F2e6tOUTVk0af1bxw5q845k&amp;image=https%3A%2F%2Fmosaic.scdn.co%2F300%2Fab67616d00001e024718e2b124f79258be7bc452ab67616d00001e0255404f712deb84d0650a4b41ab67616d00001e027947bf3e8af32378de181b41ab67616d00001e029e2f95ae77cf436017ada9cb&amp;key=2aa3c4d5f3de4f5b9120b660ad850dc9&amp;type=text%2Fhtml&amp;schema=spotify"" width=""456"" height=""352"" scrolling=""no"" title=""Spotify embed"" frameborder=""0"" allow=""autoplay; fullscreen; encrypted-media; picture-in-picture;"" allowfullscreen=""true""&gt;&lt;/iframe&gt;', 'width': 456, 'scrolling': False, 'media_domain_url': 'https://www.redditmedia.com/mediaembed/19dlbpc', 'height': 352}",Playlist - Random / Other / No Theme,False,1,,False,False,,False,,[],{},,,False,public,1706005215.0,text,6,,,text,open.spotify.com,False,"&lt;!-- SC_OFF --&gt;&lt;div class=""md""&gt;&lt;p&gt;Best GYM Motivational Music on a single Playlist.To be Concentrated and Motivated During the Workout,Checkout Right Now.Thank you&lt;/p&gt;
&lt;/div&gt;&lt;!-- SC_ON --&gt;",,,,,False,True,False,False,False,,[],[],False,5fb11b10-99e4-11e9-afa4-0e71ebf0abb0,False,False,False,,[],False,,,,t5_2qofj,False,,,,#46d160,19dlbpc,True,,mushahary00,,0,True,all_ads,False,[],False,,/r/spotify/comments/19dlbpc/chill_vibes/,all_ads,False,https://open.spotify.com/playlist/2e6tOUTVk0af1bxw5q845k?si=QmAmmU5DTdSvAZGa20UB9g&amp;pi=a-2ZhzI5I2Qq6v,1396770,1706005215.0,0,"{'type': 'open.spotify.com', 'oembed': {'provider_url': 'https://spotify.com', 'description': 'Chill Vibes · Playlist · 37 songs', 'title': 'Chill Vibes', 'type': 'rich', 'thumbnail_width': 300, 'height': 352, 'width': 456, 'html': '&lt;iframe class=""embedly-embed"" src=""https://cdn.embedly.com/widgets/media.html?src=https%3A%2F%2Fopen.spotify.com%2Fembed%2Fplaylist%2F2e6tOUTVk0af1bxw5q845k%3Futm_source%3Doembed&amp;display_name=Spotify&amp;url=https%3A%2F%2Fopen.spotify.com%2Fplaylist%2F2e6tOUTVk0af1bxw5q845k&amp;image=https%3A%2F%2Fmosaic.scdn.co%2F300%2Fab67616d00001e024718e2b124f79258be7bc452ab67616d00001e0255404f712deb84d0650a4b41ab67616d00001e027947bf3e8af32378de181b41ab67616d00001e029e2f95ae77cf436017ada9cb&amp;key=2aa3c4d5f3de4f5b9120b660ad850dc9&amp;type=text%2Fhtml&amp;schema=spotify"" width=""456"" height=""352"" scrolling=""no"" title=""Spotify embed"" frameborder=""0"" allow=""autoplay; fullscreen; encrypted-media; picture-in-picture;"" allowfullscreen=""true""&gt;&lt;/iframe&gt;', 'version': '1.0', 'provider_name': 'Spotify', 'thumbnail_url': 'https://mosaic.scdn.co/300/ab67616d00001e024718e2b124f79258be7bc452ab67616d00001e0255404f712deb84d0650a4b41ab67616d00001e027947bf3e8af32378de181b41ab67616d00001e029e2f95ae77cf436017ada9cb', 'thumbnail_height': 300}}",False,https://open.spotify.com/playlist/2e6tOUTVk0af1bxw5q845k?si=QmAmmU5DTdSvAZGa20UB9g&amp;pi=a-2ZhzI5I2Qq6v,,,
,spotify,"The majority of my front page is recommended podcasts, audiobooks, and major artists playlists/genres I don't care about. I just want new music based on my preferences. Is this common? Is there a way to change preferences? Is anyone at Spotify listening to user complaints? The app experience keeps getting worse.",t2_9rh15,False,,0,False,What is happening to Spotify recommendations?,[],r/spotify,False,6,question,0,,,False,,t3_19d48ak,False,light,1.0,,7,0,{},,,False,[],,False,False,,{},Question / Discussion,False,7,,False,False,,False,,[],{},,,True,public,1705952326.0,text,6,,,text,self.spotify,False,"&lt;!-- SC_OFF --&gt;&lt;div class=""md""&gt;&lt;p&gt;The majority of my front page is recommended podcasts, audiobooks, and major artists playlists/genres I don&amp;#39;t care about. I just want new music based on my preferences. Is this common? Is there a way to change preferences? Is anyone at Spotify listening to user complaints? The app experience keeps getting worse.&lt;/p&gt;
&lt;/div&gt;&lt;!-- SC_ON --&gt;",,,,,False,False,False,False,False,,[],[],False,58828680-99e4-11e9-9cfc-0e6137c47742,False,False,False,,[],False,,,,t5_2qofj,False,,,,#d3d6da,19d48ak,True,,oldjack,,3,True,all_ads,False,[],False,,/r/spotify/comments/19d48ak/what_is_happening_to_spotify_recommendations/,all_ads,False,https://www.reddit.com/r/spotify/comments/19d48ak/what_is_happening_to_spotify_recommendations/,1396770,1705952326.0,0,,False,,,,
,spotify,"I like to listen to a lot of bossbeat or alternative rock and I’ve been stuck lately, not being able to find more songs that fit my playlist. Here’s a link to the playlist so you can get a good idea of what I like to listen too. Thanks! I hope to find some new favorites.",t2_ql6e2xn9,False,,0,False,Looking for song ideas to add to my playlist.,[],r/spotify,False,6,favors,0,,,False,,t3_19dhiiv,False,dark,1.0,,1,0,"{'content': '&lt;iframe class=""embedly-embed"" src=""https://cdn.embedly.com/widgets/media.html?src=https%3A%2F%2Fopen.spotify.com%2Fembed%2Fplaylist%2F5CvwzgnIEA1fAuz0ryqqQd%3Futm_source%3Doembed&amp;display_name=Spotify&amp;url=https%3A%2F%2Fopen.spotify.com%2Fplaylist%2F5CvwzgnIEA1fAuz0ryqqQd&amp;image=https%3A%2F%2Fi.scdn.co%2Fimage%2Fab67706c0000da84a2c2b9760235f12644b72003&amp;key=2aa3c4d5f3de4f5b9120b660ad850dc9&amp;type=text%2Fhtml&amp;schema=spotify"" width=""456"" height=""352"" scrolling=""no"" title=""Spotify embed"" frameborder=""0"" allow=""autoplay; fullscreen; encrypted-media; picture-in-picture;"" allowfullscreen=""true""&gt;&lt;/iframe&gt;', 'width': 456, 'scrolling': False, 'height': 352}",,,False,[],"{'type': 'open.spotify.com', 'oembed': {'provider_url': 'https://spotify.com', 'description': 'ANNIBAL · Playlist · 197 songs · 1 likes', 'title': '/-/ANNIBAL', 'type': 'rich', 'thumbnail_width': 300, 'height': 352, 'width': 456, 'html': '&lt;iframe class=""embedly-embed"" src=""https://cdn.embedly.com/widgets/media.html?src=https%3A%2F%2Fopen.spotify.com%2Fembed%2Fplaylist%2F5CvwzgnIEA1fAuz0ryqqQd%3Futm_source%3Doembed&amp;display_name=Spotify&amp;url=https%3A%2F%2Fopen.spotify.com%2Fplaylist%2F5CvwzgnIEA1fAuz0ryqqQd&amp;image=https%3A%2F%2Fi.scdn.co%2Fimage%2Fab67706c0000da84a2c2b9760235f12644b72003&amp;key=2aa3c4d5f3de4f5b9120b660ad850dc9&amp;type=text%2Fhtml&amp;schema=spotify"" width=""456"" height=""352"" scrolling=""no"" title=""Spotify embed"" frameborder=""0"" allow=""autoplay; fullscreen; encrypted-media; picture-in-picture;"" allowfullscreen=""true""&gt;&lt;/iframe&gt;', 'version': '1.0', 'provider_name': 'Spotify', 'thumbnail_url': 'https://i.scdn.co/image/ab67706c0000da84a2c2b9760235f12644b72003', 'thumbnail_height': 297}}",False,False,,"{'content': '&lt;iframe class=""embedly-embed"" src=""https://cdn.embedly.com/widgets/media.html?src=https%3A%2F%2Fopen.spotify.com%2Fembed%2Fplaylist%2F5CvwzgnIEA1fAuz0ryqqQd%3Futm_source%3Doembed&amp;display_name=Spotify&amp;url=https%3A%2F%2Fopen.spotify.com%2Fplaylist%2F5CvwzgnIEA1fAuz0ryqqQd&amp;image=https%3A%2F%2Fi.scdn.co%2Fimage%2Fab67706c0000da84a2c2b9760235f12644b72003&amp;key=2aa3c4d5f3de4f5b9120b660ad850dc9&amp;type=text%2Fhtml&amp;schema=spotify"" width=""456"" height=""352"" scrolling=""no"" title=""Spotify embed"" frameborder=""0"" allow=""autoplay; fullscreen; encrypted-media; picture-in-picture;"" allowfullscreen=""true""&gt;&lt;/iframe&gt;', 'width': 456, 'scrolling': False, 'media_domain_url': 'https://www.redditmedia.com/mediaembed/19dhiiv', 'height': 352}",[REQUEST] Playlists / Songs / Artists / Albums ,False,1,,False,False,,False,,[],{},,,False,public,1705989379.0,text,6,,,text,open.spotify.com,False,"&lt;!-- SC_OFF --&gt;&lt;div class=""md""&gt;&lt;p&gt;I like to listen to a lot of bossbeat or alternative rock and I’ve been stuck lately, not being able to find more songs that fit my playlist. Here’s a link to the playlist so you can get a good idea of what I like to listen too. Thanks! I hope to find some new favorites.&lt;/p&gt;
&lt;/div&gt;&lt;!-- SC_ON --&gt;",,,,,False,False,False,False,False,,[],[],False,b188c2f4-9a2e-11e9-9464-0e9d067aecce,False,False,False,,[],False,,,,t5_2qofj,False,,,,#94e044,19dhiiv,True,,No-Prior4226,,1,True,all_ads,False,[],False,,/r/spotify/comments/19dhiiv/looking_for_song_ideas_to_add_to_my_playlist/,all_ads,False,https://open.spotify.com/playlist/5CvwzgnIEA1fAuz0ryqqQd?si=uRbz-zfVROqWhulxznQUpA,1396770,1705989379.0,0,"{'type': 'open.spotify.com', 'oembed': {'provider_url': 'https://spotify.com', 'description': 'ANNIBAL · Playlist · 197 songs · 1 likes', 'title': '/-/ANNIBAL', 'type': 'rich', 'thumbnail_width': 300, 'height': 352, 'width': 456, 'html': '&lt;iframe class=""embedly-embed"" src=""https://cdn.embedly.com/widgets/media.html?src=https%3A%2F%2Fopen.spotify.com%2Fembed%2Fplaylist%2F5CvwzgnIEA1fAuz0ryqqQd%3Futm_source%3Doembed&amp;display_name=Spotify&amp;url=https%3A%2F%2Fopen.spotify.com%2Fplaylist%2F5CvwzgnIEA1fAuz0ryqqQd&amp;image=https%3A%2F%2Fi.scdn.co%2Fimage%2Fab67706c0000da84a2c2b9760235f12644b72003&amp;key=2aa3c4d5f3de4f5b9120b660ad850dc9&amp;type=text%2Fhtml&amp;schema=spotify"" width=""456"" height=""352"" scrolling=""no"" title=""Spotify embed"" frameborder=""0"" allow=""autoplay; fullscreen; encrypted-media; picture-in-picture;"" allowfullscreen=""true""&gt;&lt;/iframe&gt;', 'version': '1.0', 'provider_name': 'Spotify', 'thumbnail_url': 'https://i.scdn.co/image/ab67706c0000da84a2c2b9760235f12644b72003', 'thumbnail_height': 297}}",False,https://open.spotify.com/playlist/5CvwzgnIEA1fAuz0ryqqQd?si=uRbz-zfVROqWhulxznQUpA,,,
,spotify,,t2_5lvkzi07,False,,0,False,2024 - Techno (Releases from 2024 only),[],r/spotify,False,6,,0,,,False,,t3_19dhbvm,False,dark,1.0,,1,0,"{'content': '&lt;iframe class=""embedly-embed"" src=""https://cdn.embedly.com/widgets/media.html?src=https%3A%2F%2Fopen.spotify.com%2Fembed%2Fplaylist%2F5lAvWVbOm6rAbpWtQJ3uj6%3Futm_source%3Doembed&amp;display_name=Spotify&amp;url=https%3A%2F%2Fopen.spotify.com%2Fplaylist%2F5lAvWVbOm6rAbpWtQJ3uj6&amp;image=https%3A%2F%2Fi.scdn.co%2Fimage%2Fab67706c0000da849b8d76d3177bfc1f4f31b69f&amp;key=2aa3c4d5f3de4f5b9120b660ad850dc9&amp;type=text%2Fhtml&amp;schema=spotify"" width=""456"" height=""352"" scrolling=""no"" title=""Spotify embed"" frameborder=""0"" allow=""autoplay; fullscreen; encrypted-media; picture-in-picture;"" allowfullscreen=""true""&gt;&lt;/iframe&gt;', 'width': 456, 'scrolling': False, 'height': 352}",,,False,[],"{'type': 'open.spotify.com', 'oembed': {'provider_url': 'https://spotify.com', 'description': '2024 - Techno · Playlist · 55 songs · 31 likes', 'title': '2024 - Techno', 'type': 'rich', 'thumbnail_width': 300, 'height': 352, 'width': 456, 'html': '&lt;iframe class=""embedly-embed"" src=""https://cdn.embedly.com/widgets/media.html?src=https%3A%2F%2Fopen.spotify.com%2Fembed%2Fplaylist%2F5lAvWVbOm6rAbpWtQJ3uj6%3Futm_source%3Doembed&amp;display_name=Spotify&amp;url=https%3A%2F%2Fopen.spotify.com%2Fplaylist%2F5lAvWVbOm6rAbpWtQJ3uj6&amp;image=https%3A%2F%2Fi.scdn.co%2Fimage%2Fab67706c0000da849b8d76d3177bfc1f4f31b69f&amp;key=2aa3c4d5f3de4f5b9120b660ad850dc9&amp;type=text%2Fhtml&amp;schema=spotify"" width=""456"" height=""352"" scrolling=""no"" title=""Spotify embed"" frameborder=""0"" allow=""autoplay; fullscreen; encrypted-media; picture-in-picture;"" allowfullscreen=""true""&gt;&lt;/iframe&gt;', 'version': '1.0', 'provider_name': 'Spotify', 'thumbnail_url': 'https://i.scdn.co/image/ab67706c0000da849b8d76d3177bfc1f4f31b69f', 'thumbnail_height': 300}}",False,False,,"{'content': '&lt;iframe class=""embedly-embed"" src=""https://cdn.embedly.com/widgets/media.html?src=https%3A%2F%2Fopen.spotify.com%2Fembed%2Fplaylist%2F5lAvWVbOm6rAbpWtQJ3uj6%3Futm_source%3Doembed&amp;display_name=Spotify&amp;url=https%3A%2F%2Fopen.spotify.com%2Fplaylist%2F5lAvWVbOm6rAbpWtQJ3uj6&amp;image=https%3A%2F%2Fi.scdn.co%2Fimage%2Fab67706c0000da849b8d76d3177bfc1f4f31b69f&amp;key=2aa3c4d5f3de4f5b9120b660ad850dc9&amp;type=text%2Fhtml&amp;schema=spotify"" width=""456"" height=""352"" scrolling=""no"" title=""Spotify embed"" frameborder=""0"" allow=""autoplay; fullscreen; encrypted-media; picture-in-picture;"" allowfullscreen=""true""&gt;&lt;/iframe&gt;', 'width': 456, 'scrolling': False, 'media_domain_url': 'https://www.redditmedia.com/mediaembed/19dhbvm', 'height': 352}",Playlist - Electronic / EDM / Dance,False,1,,False,False,,False,,[],{},,,False,public,1705988711.0,text,6,,,text,open.spotify.com,False,,,,,,False,False,False,False,False,,[],[],False,0cbd2a8e-9fa1-11ea-8e59-0e59b1c879f3,False,False,False,,[],False,,,,t5_2qofj,False,,,,#7193ff,19dhbvm,True,,beampjotr,,0,True,all_ads,False,[],False,,/r/spotify/comments/19dhbvm/2024_techno_releases_from_2024_only/,all_ads,False,https://open.spotify.com/playlist/5lAvWVbOm6rAbpWtQJ3uj6?si=4G9AQwQtTLiB7I161lxpSQ,1396770,1705988711.0,0,"{'type': 'open.spotify.com', 'oembed': {'provider_url': 'https://spotify.com', 'description': '2024 - Techno · Playlist · 55 songs · 31 likes', 'title': '2024 - Techno', 'type': 'rich', 'thumbnail_width': 300, 'height': 352, 'width': 456, 'html': '&lt;iframe class=""embedly-embed"" src=""https://cdn.embedly.com/widgets/media.html?src=https%3A%2F%2Fopen.spotify.com%2Fembed%2Fplaylist%2F5lAvWVbOm6rAbpWtQJ3uj6%3Futm_source%3Doembed&amp;display_name=Spotify&amp;url=https%3A%2F%2Fopen.spotify.com%2Fplaylist%2F5lAvWVbOm6rAbpWtQJ3uj6&amp;image=https%3A%2F%2Fi.scdn.co%2Fimage%2Fab67706c0000da849b8d76d3177bfc1f4f31b69f&amp;key=2aa3c4d5f3de4f5b9120b660ad850dc9&amp;type=text%2Fhtml&amp;schema=spotify"" width=""456"" height=""352"" scrolling=""no"" title=""Spotify embed"" frameborder=""0"" allow=""autoplay; fullscreen; encrypted-media; picture-in-picture;"" allowfullscreen=""true""&gt;&lt;/iframe&gt;', 'version': '1.0', 'provider_name': 'Spotify', 'thumbnail_url': 'https://i.scdn.co/image/ab67706c0000da849b8d76d3177bfc1f4f31b69f', 'thumbnail_height': 300}}",False,https://open.spotify.com/playlist/5lAvWVbOm6rAbpWtQJ3uj6?si=4G9AQwQtTLiB7I161lxpSQ,,,
,spotify,"I listened to DJ for around 4-5 hours and then it just started over again. Only 91 songs. Surely it wouldn’t be hard to make it nonstop.
Has anyone else done this? First time I’ve ever listened to the DJ as well.",t2_gbyj9ken5,False,,0,False,DJ is a loop,[],r/spotify,False,6,question,0,,,False,,t3_19cnsve,False,light,1.0,,81,0,{},,,False,[],,False,False,,{},Question / Discussion,False,81,,False,False,,False,,[],{},,,True,public,1705899648.0,text,6,,,text,self.spotify,True,"&lt;!-- SC_OFF --&gt;&lt;div class=""md""&gt;&lt;p&gt;I listened to DJ for around 4-5 hours and then it just started over again. Only 91 songs. Surely it wouldn’t be hard to make it nonstop.
Has anyone else done this? First time I’ve ever listened to the DJ as well.&lt;/p&gt;
&lt;/div&gt;&lt;!-- SC_ON --&gt;",,,,,False,False,False,False,False,,[],[],False,58828680-99e4-11e9-9cfc-0e6137c47742,False,False,False,,[],False,,,,t5_2qofj,False,,,,#d3d6da,19cnsve,True,,LightningRaven97,,35,True,all_ads,False,[],False,,/r/spotify/comments/19cnsve/dj_is_a_loop/,all_ads,False,https://www.reddit.com/r/spotify/comments/19cnsve/dj_is_a_loop/,1396770,1705899648.0,0,,False,,,,
,spotify,"How do yall make your playlists like 100 hours long only for one. Where do yall go or search? It takes sooo long for me to find a playlist that doesn’t have basic overheard music. I literally listen to all genres including some bearable country. Btw my fav artist atm is Lupe Fiasco. I love old music too, slow, fast, chill, all that. (Give me requests if you please.😣)",t2_f0ld4s3f0,False,,0,False,Making playlists,[],r/spotify,False,6,question,0,,,False,,t3_19df9kf,False,light,0.5,,0,0,{},,,False,[],,False,False,,{},Question / Discussion,False,0,,False,False,,False,,[],{},,,True,public,1705981740.0,text,6,,,text,self.spotify,False,"&lt;!-- SC_OFF --&gt;&lt;div class=""md""&gt;&lt;p&gt;How do yall make your playlists like 100 hours long only for one. Where do yall go or search? It takes sooo long for me to find a playlist that doesn’t have basic overheard music. I literally listen to all genres including some bearable country. Btw my fav artist atm is Lupe Fiasco. I love old music too, slow, fast, chill, all that. (Give me requests if you please.😣)&lt;/p&gt;
&lt;/div&gt;&lt;!-- SC_ON --&gt;",,,,,False,False,False,False,False,,[],[],False,58828680-99e4-11e9-9cfc-0e6137c47742,False,False,False,,[],False,,,,t5_2qofj,False,,,,#d3d6da,19df9kf,True,,May_019393,,5,True,all_ads,False,[],False,,/r/spotify/comments/19df9kf/making_playlists/,all_ads,False,https://www.reddit.com/r/spotify/comments/19df9kf/making_playlists/,1396770,1705981740.0,0,,False,,,,
,spotify,"A playlist I’ve been making that has smaller indie/rock bands, mostly from Florida. If you wanna find some cool bands before they get popular then check it out and save it if you like 🤠🤘🏼",t2_6iikby9w,False,,0,False,Indie Underground Radar,[],r/spotify,False,6,,0,,,False,,t3_19daktf,False,dark,1.0,,2,0,"{'content': '&lt;iframe class=""embedly-embed"" src=""https://cdn.embedly.com/widgets/media.html?src=https%3A%2F%2Fopen.spotify.com%2Fembed%2Fplaylist%2F6gYjaviJCL6uhiPR7aKOZk%3Futm_source%3Doembed&amp;display_name=Spotify&amp;url=https%3A%2F%2Fopen.spotify.com%2Fplaylist%2F6gYjaviJCL6uhiPR7aKOZk&amp;image=https%3A%2F%2Fi.scdn.co%2Fimage%2Fab67706c0000da844008f0959997f6a492c3f461&amp;key=2aa3c4d5f3de4f5b9120b660ad850dc9&amp;type=text%2Fhtml&amp;schema=spotify"" width=""456"" height=""352"" scrolling=""no"" title=""Spotify embed"" frameborder=""0"" allow=""autoplay; fullscreen; encrypted-media; picture-in-picture;"" allowfullscreen=""true""&gt;&lt;/iframe&gt;', 'width': 456, 'scrolling': False, 'height': 352}",,,False,[],"{'type': 'open.spotify.com', 'oembed': {'provider_url': 'https://spotify.com', 'description': 'Indie Underground Radar · Playlist · 70 songs · 22 likes', 'title': 'Indie Underground Radar', 'type': 'rich', 'thumbnail_width': 300, 'height': 352, 'width': 456, 'html': '&lt;iframe class=""embedly-embed"" src=""https://cdn.embedly.com/widgets/media.html?src=https%3A%2F%2Fopen.spotify.com%2Fembed%2Fplaylist%2F6gYjaviJCL6uhiPR7aKOZk%3Futm_source%3Doembed&amp;display_name=Spotify&amp;url=https%3A%2F%2Fopen.spotify.com%2Fplaylist%2F6gYjaviJCL6uhiPR7aKOZk&amp;image=https%3A%2F%2Fi.scdn.co%2Fimage%2Fab67706c0000da844008f0959997f6a492c3f461&amp;key=2aa3c4d5f3de4f5b9120b660ad850dc9&amp;type=text%2Fhtml&amp;schema=spotify"" width=""456"" height=""352"" scrolling=""no"" title=""Spotify embed"" frameborder=""0"" allow=""autoplay; fullscreen; encrypted-media; picture-in-picture;"" allowfullscreen=""true""&gt;&lt;/iframe&gt;', 'version': '1.0', 'provider_name': 'Spotify', 'thumbnail_url': 'https://i.scdn.co/image/ab67706c0000da844008f0959997f6a492c3f461', 'thumbnail_height': 300}}",False,False,,"{'content': '&lt;iframe class=""embedly-embed"" src=""https://cdn.embedly.com/widgets/media.html?src=https%3A%2F%2Fopen.spotify.com%2Fembed%2Fplaylist%2F6gYjaviJCL6uhiPR7aKOZk%3Futm_source%3Doembed&amp;display_name=Spotify&amp;url=https%3A%2F%2Fopen.spotify.com%2Fplaylist%2F6gYjaviJCL6uhiPR7aKOZk&amp;image=https%3A%2F%2Fi.scdn.co%2Fimage%2Fab67706c0000da844008f0959997f6a492c3f461&amp;key=2aa3c4d5f3de4f5b9120b660ad850dc9&amp;type=text%2Fhtml&amp;schema=spotify"" width=""456"" height=""352"" scrolling=""no"" title=""Spotify embed"" frameborder=""0"" allow=""autoplay; fullscreen; encrypted-media; picture-in-picture;"" allowfullscreen=""true""&gt;&lt;/iframe&gt;', 'width': 456, 'scrolling': False, 'media_domain_url': 'https://www.redditmedia.com/mediaembed/19daktf', 'height': 352}",Playlist - Rock/Metal/Indie/Alt,False,2,,False,False,,False,,[],{},,,False,public,1705968056.0,text,6,,,text,open.spotify.com,False,"&lt;!-- SC_OFF --&gt;&lt;div class=""md""&gt;&lt;p&gt;A playlist I’ve been making that has smaller indie/rock bands, mostly from Florida. If you wanna find some cool bands before they get popular then check it out and save it if you like 🤠🤘🏼&lt;/p&gt;
&lt;/div&gt;&lt;!-- SC_ON --&gt;",,,,,False,False,False,False,False,,[],[],False,d0dbfc3e-9fa0-11ea-9b6c-0e248f77e35b,False,False,False,,[],False,,,,t5_2qofj,False,,,,#fb8f1b,19daktf,True,,dexxam,,1,True,all_ads,False,[],False,,/r/spotify/comments/19daktf/indie_underground_radar/,all_ads,False,https://open.spotify.com/playlist/6gYjaviJCL6uhiPR7aKOZk?si=PApfCYR2QU6Hu08YpjZfPA,1396770,1705968056.0,0,"{'type': 'open.spotify.com', 'oembed': {'provider_url': 'https://spotify.com', 'description': 'Indie Underground Radar · Playlist · 70 songs · 22 likes', 'title': 'Indie Underground Radar', 'type': 'rich', 'thumbnail_width': 300, 'height': 352, 'width': 456, 'html': '&lt;iframe class=""embedly-embed"" src=""https://cdn.embedly.com/widgets/media.html?src=https%3A%2F%2Fopen.spotify.com%2Fembed%2Fplaylist%2F6gYjaviJCL6uhiPR7aKOZk%3Futm_source%3Doembed&amp;display_name=Spotify&amp;url=https%3A%2F%2Fopen.spotify.com%2Fplaylist%2F6gYjaviJCL6uhiPR7aKOZk&amp;image=https%3A%2F%2Fi.scdn.co%2Fimage%2Fab67706c0000da844008f0959997f6a492c3f461&amp;key=2aa3c4d5f3de4f5b9120b660ad850dc9&amp;type=text%2Fhtml&amp;schema=spotify"" width=""456"" height=""352"" scrolling=""no"" title=""Spotify embed"" frameborder=""0"" allow=""autoplay; fullscreen; encrypted-media; picture-in-picture;"" allowfullscreen=""true""&gt;&lt;/iframe&gt;', 'version': '1.0', 'provider_name': 'Spotify', 'thumbnail_url': 'https://i.scdn.co/image/ab67706c0000da844008f0959997f6a492c3f461', 'thumbnail_height': 300}}",False,https://open.spotify.com/playlist/6gYjaviJCL6uhiPR7aKOZk?si=PApfCYR2QU6Hu08YpjZfPA,,,
,spotify,Sunday with the windows open. Smooth vibes,t2_c1m5jv79,False,,0,False,"Chill, soulful, Sunday vibes",[],r/spotify,False,6,playlist,0,,,False,,t3_19df1bn,False,dark,1.0,,1,0,"{'content': '&lt;iframe class=""embedly-embed"" src=""https://cdn.embedly.com/widgets/media.html?src=https%3A%2F%2Fopen.spotify.com%2Fembed%2Fplaylist%2F4uVYEH8QqNYhVJXpn5dnTY%3Futm_source%3Doembed&amp;display_name=Spotify&amp;url=https%3A%2F%2Fopen.spotify.com%2Fplaylist%2F4uVYEH8QqNYhVJXpn5dnTY&amp;image=https%3A%2F%2Fmosaic.scdn.co%2F300%2Fab67616d00001e0276866aed630b252d6ade700eab67616d00001e0285705bd798bbe8428fc428a6ab67616d00001e029f1fff2e3161a5541c7194faab67616d00001e02f09ba1a47c285925bbd547c2&amp;key=2aa3c4d5f3de4f5b9120b660ad850dc9&amp;type=text%2Fhtml&amp;schema=spotify"" width=""456"" height=""352"" scrolling=""no"" title=""Spotify embed"" frameborder=""0"" allow=""autoplay; fullscreen; encrypted-media; picture-in-picture;"" allowfullscreen=""true""&gt;&lt;/iframe&gt;', 'width': 456, 'scrolling': False, 'height': 352}",,,False,[],"{'type': 'open.spotify.com', 'oembed': {'provider_url': 'https://spotify.com', 'description': 'Sunday · Playlist · 23 songs · 1 likes', 'title': 'Sunday', 'type': 'rich', 'thumbnail_width': 300, 'height': 352, 'width': 456, 'html': '&lt;iframe class=""embedly-embed"" src=""https://cdn.embedly.com/widgets/media.html?src=https%3A%2F%2Fopen.spotify.com%2Fembed%2Fplaylist%2F4uVYEH8QqNYhVJXpn5dnTY%3Futm_source%3Doembed&amp;display_name=Spotify&amp;url=https%3A%2F%2Fopen.spotify.com%2Fplaylist%2F4uVYEH8QqNYhVJXpn5dnTY&amp;image=https%3A%2F%2Fmosaic.scdn.co%2F300%2Fab67616d00001e0276866aed630b252d6ade700eab67616d00001e0285705bd798bbe8428fc428a6ab67616d00001e029f1fff2e3161a5541c7194faab67616d00001e02f09ba1a47c285925bbd547c2&amp;key=2aa3c4d5f3de4f5b9120b660ad850dc9&amp;type=text%2Fhtml&amp;schema=spotify"" width=""456"" height=""352"" scrolling=""no"" title=""Spotify embed"" frameborder=""0"" allow=""autoplay; fullscreen; encrypted-media; picture-in-picture;"" allowfullscreen=""true""&gt;&lt;/iframe&gt;', 'version': '1.0', 'provider_name': 'Spotify', 'thumbnail_url': 'https://mosaic.scdn.co/300/ab67616d00001e0276866aed630b252d6ade700eab67616d00001e0285705bd798bbe8428fc428a6ab67616d00001e029f1fff2e3161a5541c7194faab67616d00001e02f09ba1a47c285925bbd547c2', 'thumbnail_height': 300}}",False,False,,"{'content': '&lt;iframe class=""embedly-embed"" src=""https://cdn.embedly.com/widgets/media.html?src=https%3A%2F%2Fopen.spotify.com%2Fembed%2Fplaylist%2F4uVYEH8QqNYhVJXpn5dnTY%3Futm_source%3Doembed&amp;display_name=Spotify&amp;url=https%3A%2F%2Fopen.spotify.com%2Fplaylist%2F4uVYEH8QqNYhVJXpn5dnTY&amp;image=https%3A%2F%2Fmosaic.scdn.co%2F300%2Fab67616d00001e0276866aed630b252d6ade700eab67616d00001e0285705bd798bbe8428fc428a6ab67616d00001e029f1fff2e3161a5541c7194faab67616d00001e02f09ba1a47c285925bbd547c2&amp;key=2aa3c4d5f3de4f5b9120b660ad850dc9&amp;type=text%2Fhtml&amp;schema=spotify"" width=""456"" height=""352"" scrolling=""no"" title=""Spotify embed"" frameborder=""0"" allow=""autoplay; fullscreen; encrypted-media; picture-in-picture;"" allowfullscreen=""true""&gt;&lt;/iframe&gt;', 'width': 456, 'scrolling': False, 'media_domain_url': 'https://www.redditmedia.com/mediaembed/19df1bn', 'height': 352}",Playlist - Random / Other / No Theme,False,1,,False,False,,False,,[],{},,,False,public,1705981015.0,text,6,,,text,open.spotify.com,False,"&lt;!-- SC_OFF --&gt;&lt;div class=""md""&gt;&lt;p&gt;Sunday with the windows open. Smooth vibes&lt;/p&gt;
&lt;/div&gt;&lt;!-- SC_ON --&gt;",,,,,False,False,False,False,False,,[],[],False,5fb11b10-99e4-11e9-afa4-0e71ebf0abb0,False,False,False,,[],False,,,,t5_2qofj,False,,,,#46d160,19df1bn,True,,International_Main50,,0,True,all_ads,False,[],False,,/r/spotify/comments/19df1bn/chill_soulful_sunday_vibes/,all_ads,False,https://open.spotify.com/playlist/4uVYEH8QqNYhVJXpn5dnTY?si=RH9gqavBSH2UCElkL8ACsg,1396770,1705981015.0,0,"{'type': 'open.spotify.com', 'oembed': {'provider_url': 'https://spotify.com', 'description': 'Sunday · Playlist · 23 songs · 1 likes', 'title': 'Sunday', 'type': 'rich', 'thumbnail_width': 300, 'height': 352, 'width': 456, 'html': '&lt;iframe class=""embedly-embed"" src=""https://cdn.embedly.com/widgets/media.html?src=https%3A%2F%2Fopen.spotify.com%2Fembed%2Fplaylist%2F4uVYEH8QqNYhVJXpn5dnTY%3Futm_source%3Doembed&amp;display_name=Spotify&amp;url=https%3A%2F%2Fopen.spotify.com%2Fplaylist%2F4uVYEH8QqNYhVJXpn5dnTY&amp;image=https%3A%2F%2Fmosaic.scdn.co%2F300%2Fab67616d00001e0276866aed630b252d6ade700eab67616d00001e0285705bd798bbe8428fc428a6ab67616d00001e029f1fff2e3161a5541c7194faab67616d00001e02f09ba1a47c285925bbd547c2&amp;key=2aa3c4d5f3de4f5b9120b660ad850dc9&amp;type=text%2Fhtml&amp;schema=spotify"" width=""456"" height=""352"" scrolling=""no"" title=""Spotify embed"" frameborder=""0"" allow=""autoplay; fullscreen; encrypted-media; picture-in-picture;"" allowfullscreen=""true""&gt;&lt;/iframe&gt;', 'version': '1.0', 'provider_name': 'Spotify', 'thumbnail_url': 'https://mosaic.scdn.co/300/ab67616d00001e0276866aed630b252d6ade700eab67616d00001e0285705bd798bbe8428fc428a6ab67616d00001e029f1fff2e3161a5541c7194faab67616d00001e02f09ba1a47c285925bbd547c2', 'thumbnail_height': 300}}",False,https://open.spotify.com/playlist/4uVYEH8QqNYhVJXpn5dnTY?si=RH9gqavBSH2UCElkL8ACsg,,,
,spotify,https://open.spotify.com/playlist/669f47pp4CUl3h4YNnCKvc?si=Fy0gS03WR9qN8GoAzGT4Vw,t2_a9n7p4tp,False,,0,False,Songs that will make your brain explode,[],r/spotify,False,6,,0,,,False,,t3_19d9t3s,False,dark,0.76,,2,0,{},,,False,[],,False,False,,{},"Playlist - Theme  (Party, Beach, Study)",False,2,,False,False,,False,,[],{},,,True,public,1705966064.0,text,6,,,text,self.spotify,False,"&lt;!-- SC_OFF --&gt;&lt;div class=""md""&gt;&lt;p&gt;&lt;a href=""https://open.spotify.com/playlist/669f47pp4CUl3h4YNnCKvc?si=Fy0gS03WR9qN8GoAzGT4Vw""&gt;https://open.spotify.com/playlist/669f47pp4CUl3h4YNnCKvc?si=Fy0gS03WR9qN8GoAzGT4Vw&lt;/a&gt;&lt;/p&gt;
&lt;/div&gt;&lt;!-- SC_ON --&gt;",,,,,False,False,False,False,False,,[],[],False,64fa8956-9fa3-11ea-ba10-0e669a062341,False,False,False,,[],False,,,,t5_2qofj,False,,,,#ffd635,19d9t3s,True,,Annihilation0925,,2,True,all_ads,False,[],False,,/r/spotify/comments/19d9t3s/songs_that_will_make_your_brain_explode/,all_ads,False,https://www.reddit.com/r/spotify/comments/19d9t3s/songs_that_will_make_your_brain_explode/,1396770,1705966064.0,0,,False,,,,
,spotify,,t2_lcvhsj3gq,False,,0,False,Piano Relaxation 2024,[],r/spotify,False,6,,0,,,False,,t3_19d6di2,False,dark,1.0,,3,0,"{'content': '&lt;iframe class=""embedly-embed"" src=""https://cdn.embedly.com/widgets/media.html?src=https%3A%2F%2Fopen.spotify.com%2Fembed%2Fplaylist%2F2xIjdREvz0szhdOEPQ69rP%3Futm_source%3Doembed&amp;display_name=Spotify&amp;url=https%3A%2F%2Fopen.spotify.com%2Fplaylist%2F2xIjdREvz0szhdOEPQ69rP&amp;image=https%3A%2F%2Fi.scdn.co%2Fimage%2Fab67706c0000da8411bf7ebaa7857c942f0dc961&amp;key=2aa3c4d5f3de4f5b9120b660ad850dc9&amp;type=text%2Fhtml&amp;schema=spotify"" width=""456"" height=""352"" scrolling=""no"" title=""Spotify embed"" frameborder=""0"" allow=""autoplay; fullscreen; encrypted-media; picture-in-picture;"" allowfullscreen=""true""&gt;&lt;/iframe&gt;', 'width': 456, 'scrolling': False, 'height': 352}",,,False,[],"{'type': 'open.spotify.com', 'oembed': {'provider_url': 'https://spotify.com', 'description': 'Piano Relaxation 2024 - Zen Piano - Spa Piano - Calm Piano · Playlist · 175 songs · 614 likes', 'title': 'Piano Relaxation 2024 - Zen Piano - Spa Piano - Calm Piano', 'type': 'rich', 'thumbnail_width': 300, 'height': 352, 'width': 456, 'html': '&lt;iframe class=""embedly-embed"" src=""https://cdn.embedly.com/widgets/media.html?src=https%3A%2F%2Fopen.spotify.com%2Fembed%2Fplaylist%2F2xIjdREvz0szhdOEPQ69rP%3Futm_source%3Doembed&amp;display_name=Spotify&amp;url=https%3A%2F%2Fopen.spotify.com%2Fplaylist%2F2xIjdREvz0szhdOEPQ69rP&amp;image=https%3A%2F%2Fi.scdn.co%2Fimage%2Fab67706c0000da8411bf7ebaa7857c942f0dc961&amp;key=2aa3c4d5f3de4f5b9120b660ad850dc9&amp;type=text%2Fhtml&amp;schema=spotify"" width=""456"" height=""352"" scrolling=""no"" title=""Spotify embed"" frameborder=""0"" allow=""autoplay; fullscreen; encrypted-media; picture-in-picture;"" allowfullscreen=""true""&gt;&lt;/iframe&gt;', 'version': '1.0', 'provider_name': 'Spotify', 'thumbnail_url': 'https://i.scdn.co/image/ab67706c0000da8411bf7ebaa7857c942f0dc961', 'thumbnail_height': 300}}",False,False,,"{'content': '&lt;iframe class=""embedly-embed"" src=""https://cdn.embedly.com/widgets/media.html?src=https%3A%2F%2Fopen.spotify.com%2Fembed%2Fplaylist%2F2xIjdREvz0szhdOEPQ69rP%3Futm_source%3Doembed&amp;display_name=Spotify&amp;url=https%3A%2F%2Fopen.spotify.com%2Fplaylist%2F2xIjdREvz0szhdOEPQ69rP&amp;image=https%3A%2F%2Fi.scdn.co%2Fimage%2Fab67706c0000da8411bf7ebaa7857c942f0dc961&amp;key=2aa3c4d5f3de4f5b9120b660ad850dc9&amp;type=text%2Fhtml&amp;schema=spotify"" width=""456"" height=""352"" scrolling=""no"" title=""Spotify embed"" frameborder=""0"" allow=""autoplay; fullscreen; encrypted-media; picture-in-picture;"" allowfullscreen=""true""&gt;&lt;/iframe&gt;', 'width': 456, 'scrolling': False, 'media_domain_url': 'https://www.redditmedia.com/mediaembed/19d6di2', 'height': 352}","Playlist - Mood/Feeling (Chill, Lofi, Uplifting)",False,3,,False,False,,False,,[],{},,,False,public,1705957615.0,text,6,,,text,open.spotify.com,False,,,,,,False,False,False,False,False,,[],[],False,ede46e42-9fa0-11ea-8c94-0e70d5715363,False,False,False,,[],False,,,,t5_2qofj,False,,,,#c300c1,19d6di2,True,,VickyMelissaMusic,,1,True,all_ads,False,[],False,,/r/spotify/comments/19d6di2/piano_relaxation_2024/,all_ads,False,https://open.spotify.com/playlist/2xIjdREvz0szhdOEPQ69rP?si=8d92511284514f79,1396770,1705957615.0,0,"{'type': 'open.spotify.com', 'oembed': {'provider_url': 'https://spotify.com', 'description': 'Piano Relaxation 2024 - Zen Piano - Spa Piano - Calm Piano · Playlist · 175 songs · 614 likes', 'title': 'Piano Relaxation 2024 - Zen Piano - Spa Piano - Calm Piano', 'type': 'rich', 'thumbnail_width': 300, 'height': 352, 'width': 456, 'html': '&lt;iframe class=""embedly-embed"" src=""https://cdn.embedly.com/widgets/media.html?src=https%3A%2F%2Fopen.spotify.com%2Fembed%2Fplaylist%2F2xIjdREvz0szhdOEPQ69rP%3Futm_source%3Doembed&amp;display_name=Spotify&amp;url=https%3A%2F%2Fopen.spotify.com%2Fplaylist%2F2xIjdREvz0szhdOEPQ69rP&amp;image=https%3A%2F%2Fi.scdn.co%2Fimage%2Fab67706c0000da8411bf7ebaa7857c942f0dc961&amp;key=2aa3c4d5f3de4f5b9120b660ad850dc9&amp;type=text%2Fhtml&amp;schema=spotify"" width=""456"" height=""352"" scrolling=""no"" title=""Spotify embed"" frameborder=""0"" allow=""autoplay; fullscreen; encrypted-media; picture-in-picture;"" allowfullscreen=""true""&gt;&lt;/iframe&gt;', 'version': '1.0', 'provider_name': 'Spotify', 'thumbnail_url': 'https://i.scdn.co/image/ab67706c0000da8411bf7ebaa7857c942f0dc961', 'thumbnail_height': 300}}",False,https://open.spotify.com/playlist/2xIjdREvz0szhdOEPQ69rP?si=8d92511284514f79,,,
,spotify,,t2_26suhflh,False,,0,False,Electronica and IDM - 100 Fresh Tracks,[],r/spotify,False,6,,0,,,False,,t3_19d623j,False,dark,1.0,,3,0,"{'content': '&lt;iframe class=""embedly-embed"" src=""https://cdn.embedly.com/widgets/media.html?src=https%3A%2F%2Fopen.spotify.com%2Fembed%2Fplaylist%2F0TCjrFx29Kgy9PYs28lIVC%3Futm_source%3Doembed&amp;display_name=Spotify&amp;url=https%3A%2F%2Fopen.spotify.com%2Fplaylist%2F0TCjrFx29Kgy9PYs28lIVC&amp;image=https%3A%2F%2Fi.scdn.co%2Fimage%2Fab67706c0000da84df1b57f01c97f375b5b0ef6c&amp;key=2aa3c4d5f3de4f5b9120b660ad850dc9&amp;type=text%2Fhtml&amp;schema=spotify"" width=""456"" height=""352"" scrolling=""no"" title=""Spotify embed"" frameborder=""0"" allow=""autoplay; fullscreen; encrypted-media; picture-in-picture;"" allowfullscreen=""true""&gt;&lt;/iframe&gt;', 'width': 456, 'scrolling': False, 'height': 352}",,,False,[],"{'type': 'open.spotify.com', 'oembed': {'provider_url': 'https://spotify.com', 'description': 'Electronica Echoes · Playlist · 100 songs · 34 likes', 'title': 'Electronica Echoes', 'type': 'rich', 'thumbnail_width': 300, 'height': 352, 'width': 456, 'html': '&lt;iframe class=""embedly-embed"" src=""https://cdn.embedly.com/widgets/media.html?src=https%3A%2F%2Fopen.spotify.com%2Fembed%2Fplaylist%2F0TCjrFx29Kgy9PYs28lIVC%3Futm_source%3Doembed&amp;display_name=Spotify&amp;url=https%3A%2F%2Fopen.spotify.com%2Fplaylist%2F0TCjrFx29Kgy9PYs28lIVC&amp;image=https%3A%2F%2Fi.scdn.co%2Fimage%2Fab67706c0000da84df1b57f01c97f375b5b0ef6c&amp;key=2aa3c4d5f3de4f5b9120b660ad850dc9&amp;type=text%2Fhtml&amp;schema=spotify"" width=""456"" height=""352"" scrolling=""no"" title=""Spotify embed"" frameborder=""0"" allow=""autoplay; fullscreen; encrypted-media; picture-in-picture;"" allowfullscreen=""true""&gt;&lt;/iframe&gt;', 'version': '1.0', 'provider_name': 'Spotify', 'thumbnail_url': 'https://i.scdn.co/image/ab67706c0000da84df1b57f01c97f375b5b0ef6c', 'thumbnail_height': 300}}",False,False,,"{'content': '&lt;iframe class=""embedly-embed"" src=""https://cdn.embedly.com/widgets/media.html?src=https%3A%2F%2Fopen.spotify.com%2Fembed%2Fplaylist%2F0TCjrFx29Kgy9PYs28lIVC%3Futm_source%3Doembed&amp;display_name=Spotify&amp;url=https%3A%2F%2Fopen.spotify.com%2Fplaylist%2F0TCjrFx29Kgy9PYs28lIVC&amp;image=https%3A%2F%2Fi.scdn.co%2Fimage%2Fab67706c0000da84df1b57f01c97f375b5b0ef6c&amp;key=2aa3c4d5f3de4f5b9120b660ad850dc9&amp;type=text%2Fhtml&amp;schema=spotify"" width=""456"" height=""352"" scrolling=""no"" title=""Spotify embed"" frameborder=""0"" allow=""autoplay; fullscreen; encrypted-media; picture-in-picture;"" allowfullscreen=""true""&gt;&lt;/iframe&gt;', 'width': 456, 'scrolling': False, 'media_domain_url': 'https://www.redditmedia.com/mediaembed/19d623j', 'height': 352}",Playlist - Electronic / EDM / Dance,False,3,,False,False,,False,,[],{},,,False,public,1705956863.0,text,6,,,text,open.spotify.com,False,,,,,,False,False,False,False,False,,[],[],False,0cbd2a8e-9fa1-11ea-8e59-0e59b1c879f3,False,False,False,,[],False,,,,t5_2qofj,False,,,,#7193ff,19d623j,True,,JonasEpm,,0,True,all_ads,False,[],False,,/r/spotify/comments/19d623j/electronica_and_idm_100_fresh_tracks/,all_ads,False,https://open.spotify.com/playlist/0TCjrFx29Kgy9PYs28lIVC?si=a3d9890f0c164efc,1396770,1705956863.0,0,"{'type': 'open.spotify.com', 'oembed': {'provider_url': 'https://spotify.com', 'description': 'Electronica Echoes · Playlist · 100 songs · 34 likes', 'title': 'Electronica Echoes', 'type': 'rich', 'thumbnail_width': 300, 'height': 352, 'width': 456, 'html': '&lt;iframe class=""embedly-embed"" src=""https://cdn.embedly.com/widgets/media.html?src=https%3A%2F%2Fopen.spotify.com%2Fembed%2Fplaylist%2F0TCjrFx29Kgy9PYs28lIVC%3Futm_source%3Doembed&amp;display_name=Spotify&amp;url=https%3A%2F%2Fopen.spotify.com%2Fplaylist%2F0TCjrFx29Kgy9PYs28lIVC&amp;image=https%3A%2F%2Fi.scdn.co%2Fimage%2Fab67706c0000da84df1b57f01c97f375b5b0ef6c&amp;key=2aa3c4d5f3de4f5b9120b660ad850dc9&amp;type=text%2Fhtml&amp;schema=spotify"" width=""456"" height=""352"" scrolling=""no"" title=""Spotify embed"" frameborder=""0"" allow=""autoplay; fullscreen; encrypted-media; picture-in-picture;"" allowfullscreen=""true""&gt;&lt;/iframe&gt;', 'version': '1.0', 'provider_name': 'Spotify', 'thumbnail_url': 'https://i.scdn.co/image/ab67706c0000da84df1b57f01c97f375b5b0ef6c', 'thumbnail_height': 300}}",False,https://open.spotify.com/playlist/0TCjrFx29Kgy9PYs28lIVC?si=a3d9890f0c164efc,,,
,spotify,[https://open.spotify.com/playlist/4rbxaOx9OFbAdwb0hZajBf](https://open.spotify.com/playlist/4rbxaOx9OFbAdwb0hZajBf),t2_ng6mmrpkc,False,,0,False,Lofi • Night Mix,[],r/spotify,False,6,,0,,,False,,t3_19ddz4w,False,dark,1.0,,1,0,{},,,False,[],,False,False,,{},"Playlist - Mood/Feeling (Chill, Lofi, Uplifting)",False,1,,False,False,,False,,[],{},,,True,public,1705977788.0,text,6,,,text,self.spotify,False,"&lt;!-- SC_OFF --&gt;&lt;div class=""md""&gt;&lt;p&gt;&lt;a href=""https://open.spotify.com/playlist/4rbxaOx9OFbAdwb0hZajBf""&gt;https://open.spotify.com/playlist/4rbxaOx9OFbAdwb0hZajBf&lt;/a&gt;&lt;/p&gt;
&lt;/div&gt;&lt;!-- SC_ON --&gt;",,,,,False,False,False,False,False,,[],[],False,ede46e42-9fa0-11ea-8c94-0e70d5715363,False,False,False,,[],False,,,,t5_2qofj,False,,,,#c300c1,19ddz4w,True,,remarkable-cheese,,0,False,all_ads,False,[],False,,/r/spotify/comments/19ddz4w/lofi_night_mix/,all_ads,False,https://www.reddit.com/r/spotify/comments/19ddz4w/lofi_night_mix/,1396770,1705977788.0,0,,False,,,,
,spotify,"We all know they're listening all the time.... Google, Amazon, Apple.  Do you think Spotify is taking a peek at our calls/texts or is this just maybe confirmation bias or something?",t2_6lp1l,False,,0,False,Recently created a blend with a woman I'm seeing. The relationship is complicated and our Blend seems to reflect that... Am I crazy?,[],r/spotify,False,6,question,0,,,False,,t3_19d8y31,False,light,0.57,,1,0,{},,,False,[],,False,False,,{},Question / Discussion,False,1,,False,False,,False,,[],{},,,True,public,1705963877.0,text,6,,,text,self.spotify,False,"&lt;!-- SC_OFF --&gt;&lt;div class=""md""&gt;&lt;p&gt;We all know they&amp;#39;re listening all the time.... Google, Amazon, Apple.  Do you think Spotify is taking a peek at our calls/texts or is this just maybe confirmation bias or something?&lt;/p&gt;
&lt;/div&gt;&lt;!-- SC_ON --&gt;",,,,,False,False,False,False,False,,[],[],False,58828680-99e4-11e9-9cfc-0e6137c47742,False,False,False,,[],False,,,,t5_2qofj,False,,,,#d3d6da,19d8y31,True,,Millerdjone,,4,True,all_ads,False,[],False,,/r/spotify/comments/19d8y31/recently_created_a_blend_with_a_woman_im_seeing/,all_ads,False,https://www.reddit.com/r/spotify/comments/19d8y31/recently_created_a_blend_with_a_woman_im_seeing/,1396770,1705963877.0,0,,False,,,,
,spotify,,t2_2g6a7rev,False,,0,False,All Genres Music,[],r/spotify,False,6,playlist,0,,,False,,t3_19ddtza,False,dark,0.5,,0,0,"{'content': '&lt;iframe class=""embedly-embed"" src=""https://cdn.embedly.com/widgets/media.html?src=https%3A%2F%2Fopen.spotify.com%2Fembed%2Fplaylist%2F6POqaexwNkSkMfvfsa612v%3Futm_source%3Doembed&amp;display_name=Spotify&amp;url=https%3A%2F%2Fopen.spotify.com%2Fplaylist%2F6POqaexwNkSkMfvfsa612v&amp;image=https%3A%2F%2Fi.scdn.co%2Fimage%2Fab67706c0000da840e0003fabecf99631374e843&amp;key=2aa3c4d5f3de4f5b9120b660ad850dc9&amp;type=text%2Fhtml&amp;schema=spotify"" width=""456"" height=""352"" scrolling=""no"" title=""Spotify embed"" frameborder=""0"" allow=""autoplay; fullscreen; encrypted-media; picture-in-picture;"" allowfullscreen=""true""&gt;&lt;/iframe&gt;', 'width': 456, 'scrolling': False, 'height': 352}",,,False,[],"{'type': 'open.spotify.com', 'oembed': {'provider_url': 'https://spotify.com', 'description': 'All Genres Music · Playlist · 189 songs · 52 likes', 'title': 'All Genres Music', 'type': 'rich', 'thumbnail_width': 300, 'height': 352, 'width': 456, 'html': '&lt;iframe class=""embedly-embed"" src=""https://cdn.embedly.com/widgets/media.html?src=https%3A%2F%2Fopen.spotify.com%2Fembed%2Fplaylist%2F6POqaexwNkSkMfvfsa612v%3Futm_source%3Doembed&amp;display_name=Spotify&amp;url=https%3A%2F%2Fopen.spotify.com%2Fplaylist%2F6POqaexwNkSkMfvfsa612v&amp;image=https%3A%2F%2Fi.scdn.co%2Fimage%2Fab67706c0000da840e0003fabecf99631374e843&amp;key=2aa3c4d5f3de4f5b9120b660ad850dc9&amp;type=text%2Fhtml&amp;schema=spotify"" width=""456"" height=""352"" scrolling=""no"" title=""Spotify embed"" frameborder=""0"" allow=""autoplay; fullscreen; encrypted-media; picture-in-picture;"" allowfullscreen=""true""&gt;&lt;/iframe&gt;', 'version': '1.0', 'provider_name': 'Spotify', 'thumbnail_url': 'https://i.scdn.co/image/ab67706c0000da840e0003fabecf99631374e843', 'thumbnail_height': 300}}",False,False,,"{'content': '&lt;iframe class=""embedly-embed"" src=""https://cdn.embedly.com/widgets/media.html?src=https%3A%2F%2Fopen.spotify.com%2Fembed%2Fplaylist%2F6POqaexwNkSkMfvfsa612v%3Futm_source%3Doembed&amp;display_name=Spotify&amp;url=https%3A%2F%2Fopen.spotify.com%2Fplaylist%2F6POqaexwNkSkMfvfsa612v&amp;image=https%3A%2F%2Fi.scdn.co%2Fimage%2Fab67706c0000da840e0003fabecf99631374e843&amp;key=2aa3c4d5f3de4f5b9120b660ad850dc9&amp;type=text%2Fhtml&amp;schema=spotify"" width=""456"" height=""352"" scrolling=""no"" title=""Spotify embed"" frameborder=""0"" allow=""autoplay; fullscreen; encrypted-media; picture-in-picture;"" allowfullscreen=""true""&gt;&lt;/iframe&gt;', 'width': 456, 'scrolling': False, 'media_domain_url': 'https://www.redditmedia.com/mediaembed/19ddtza', 'height': 352}",Playlist - Random / Other / No Theme,False,0,,False,False,,False,,[],{},,,False,public,1705977350.0,text,6,,,text,open.spotify.com,False,,,,,,False,False,False,False,False,,[],[],False,5fb11b10-99e4-11e9-afa4-0e71ebf0abb0,False,False,False,,[],False,,,,t5_2qofj,False,,,,#46d160,19ddtza,True,,TheOnlyRealDino,,0,True,all_ads,False,[],False,,/r/spotify/comments/19ddtza/all_genres_music/,all_ads,False,https://open.spotify.com/playlist/6POqaexwNkSkMfvfsa612v?si=acf62a543bb6457e,1396770,1705977350.0,0,"{'type': 'open.spotify.com', 'oembed': {'provider_url': 'https://spotify.com', 'description': 'All Genres Music · Playlist · 189 songs · 52 likes', 'title': 'All Genres Music', 'type': 'rich', 'thumbnail_width': 300, 'height': 352, 'width': 456, 'html': '&lt;iframe class=""embedly-embed"" src=""https://cdn.embedly.com/widgets/media.html?src=https%3A%2F%2Fopen.spotify.com%2Fembed%2Fplaylist%2F6POqaexwNkSkMfvfsa612v%3Futm_source%3Doembed&amp;display_name=Spotify&amp;url=https%3A%2F%2Fopen.spotify.com%2Fplaylist%2F6POqaexwNkSkMfvfsa612v&amp;image=https%3A%2F%2Fi.scdn.co%2Fimage%2Fab67706c0000da840e0003fabecf99631374e843&amp;key=2aa3c4d5f3de4f5b9120b660ad850dc9&amp;type=text%2Fhtml&amp;schema=spotify"" width=""456"" height=""352"" scrolling=""no"" title=""Spotify embed"" frameborder=""0"" allow=""autoplay; fullscreen; encrypted-media; picture-in-picture;"" allowfullscreen=""true""&gt;&lt;/iframe&gt;', 'version': '1.0', 'provider_name': 'Spotify', 'thumbnail_url': 'https://i.scdn.co/image/ab67706c0000da840e0003fabecf99631374e843', 'thumbnail_height': 300}}",False,https://open.spotify.com/playlist/6POqaexwNkSkMfvfsa612v?si=acf62a543bb6457e,,,
,spotify,https://open.spotify.com/playlist/33vBaf2CbbMFs3s9nvmkik?si=myR5E9m-QRysUFdUv2pgCA&amp;pt=e5d63f78dc7995fde6fd27ad13c31e25,t2_hppq0nf41,False,,0,False,go ahead. add songs.,[],r/spotify,False,6,playlist,0,,,False,,t3_19cxxe8,False,dark,0.9,,8,0,{},,,False,[],,False,False,,{},Playlist - Random / Other / No Theme,False,8,,False,False,,False,,[],{},,,True,public,1705936691.0,text,6,,,text,self.spotify,False,"&lt;!-- SC_OFF --&gt;&lt;div class=""md""&gt;&lt;p&gt;&lt;a href=""https://open.spotify.com/playlist/33vBaf2CbbMFs3s9nvmkik?si=myR5E9m-QRysUFdUv2pgCA&amp;amp;pt=e5d63f78dc7995fde6fd27ad13c31e25""&gt;https://open.spotify.com/playlist/33vBaf2CbbMFs3s9nvmkik?si=myR5E9m-QRysUFdUv2pgCA&amp;amp;pt=e5d63f78dc7995fde6fd27ad13c31e25&lt;/a&gt;&lt;/p&gt;
&lt;/div&gt;&lt;!-- SC_ON --&gt;",,,,,False,False,False,False,False,,[],[],False,5fb11b10-99e4-11e9-afa4-0e71ebf0abb0,False,False,False,,[],False,,,,t5_2qofj,False,,,,#46d160,19cxxe8,True,,EVA_Auro,,5,True,all_ads,False,[],False,,/r/spotify/comments/19cxxe8/go_ahead_add_songs/,all_ads,False,https://www.reddit.com/r/spotify/comments/19cxxe8/go_ahead_add_songs/,1396770,1705936691.0,0,,False,,,,
,spotify,"If you have any sad playlist i would love if you could comment the link so i can find more song to add in this playlist. 

Or if you have any song recs that works to:)",t2_4nvsltmx,False,,0,False,Crying myself to sleep at midnight,[],r/spotify,False,6,,0,,,False,,t3_19dbmbz,False,dark,0.67,,1,0,"{'content': '&lt;iframe class=""embedly-embed"" src=""https://cdn.embedly.com/widgets/media.html?src=https%3A%2F%2Fopen.spotify.com%2Fembed%2Fplaylist%2F0xdjDJV000246kILmKWEE3%3Futm_source%3Doembed&amp;display_name=Spotify&amp;url=https%3A%2F%2Fopen.spotify.com%2Fplaylist%2F0xdjDJV000246kILmKWEE3&amp;image=https%3A%2F%2Fi.scdn.co%2Fimage%2Fab67706c0000da844a830d35053b2db70fa5b35c&amp;key=2aa3c4d5f3de4f5b9120b660ad850dc9&amp;type=text%2Fhtml&amp;schema=spotify"" width=""456"" height=""352"" scrolling=""no"" title=""Spotify embed"" frameborder=""0"" allow=""autoplay; fullscreen; encrypted-media; picture-in-picture;"" allowfullscreen=""true""&gt;&lt;/iframe&gt;', 'width': 456, 'scrolling': False, 'height': 352}",,,False,[],"{'type': 'open.spotify.com', 'oembed': {'provider_url': 'https://spotify.com', 'description': 'Crying myself to sleep at midnight❤️\u200d🩹💔 · Playlist · 704 songs · 81 likes', 'title': 'Crying myself to sleep at midnight❤️\u200d🩹💔', 'type': 'rich', 'thumbnail_width': 300, 'height': 352, 'width': 456, 'html': '&lt;iframe class=""embedly-embed"" src=""https://cdn.embedly.com/widgets/media.html?src=https%3A%2F%2Fopen.spotify.com%2Fembed%2Fplaylist%2F0xdjDJV000246kILmKWEE3%3Futm_source%3Doembed&amp;display_name=Spotify&amp;url=https%3A%2F%2Fopen.spotify.com%2Fplaylist%2F0xdjDJV000246kILmKWEE3&amp;image=https%3A%2F%2Fi.scdn.co%2Fimage%2Fab67706c0000da844a830d35053b2db70fa5b35c&amp;key=2aa3c4d5f3de4f5b9120b660ad850dc9&amp;type=text%2Fhtml&amp;schema=spotify"" width=""456"" height=""352"" scrolling=""no"" title=""Spotify embed"" frameborder=""0"" allow=""autoplay; fullscreen; encrypted-media; picture-in-picture;"" allowfullscreen=""true""&gt;&lt;/iframe&gt;', 'version': '1.0', 'provider_name': 'Spotify', 'thumbnail_url': 'https://i.scdn.co/image/ab67706c0000da844a830d35053b2db70fa5b35c', 'thumbnail_height': 296}}",False,False,,"{'content': '&lt;iframe class=""embedly-embed"" src=""https://cdn.embedly.com/widgets/media.html?src=https%3A%2F%2Fopen.spotify.com%2Fembed%2Fplaylist%2F0xdjDJV000246kILmKWEE3%3Futm_source%3Doembed&amp;display_name=Spotify&amp;url=https%3A%2F%2Fopen.spotify.com%2Fplaylist%2F0xdjDJV000246kILmKWEE3&amp;image=https%3A%2F%2Fi.scdn.co%2Fimage%2Fab67706c0000da844a830d35053b2db70fa5b35c&amp;key=2aa3c4d5f3de4f5b9120b660ad850dc9&amp;type=text%2Fhtml&amp;schema=spotify"" width=""456"" height=""352"" scrolling=""no"" title=""Spotify embed"" frameborder=""0"" allow=""autoplay; fullscreen; encrypted-media; picture-in-picture;"" allowfullscreen=""true""&gt;&lt;/iframe&gt;', 'width': 456, 'scrolling': False, 'media_domain_url': 'https://www.redditmedia.com/mediaembed/19dbmbz', 'height': 352}","Playlist - Mood/Feeling (Chill, Lofi, Uplifting)",False,1,,False,False,,False,,[],{},,,False,public,1705970897.0,text,6,,,text,open.spotify.com,False,"&lt;!-- SC_OFF --&gt;&lt;div class=""md""&gt;&lt;p&gt;If you have any sad playlist i would love if you could comment the link so i can find more song to add in this playlist. &lt;/p&gt;

&lt;p&gt;Or if you have any song recs that works to:)&lt;/p&gt;
&lt;/div&gt;&lt;!-- SC_ON --&gt;",,,,,False,False,False,False,False,,[],[],False,ede46e42-9fa0-11ea-8c94-0e70d5715363,False,False,False,,[],False,,,,t5_2qofj,False,,,,#c300c1,19dbmbz,True,,Exact-Difference2911,,2,True,all_ads,False,[],False,,/r/spotify/comments/19dbmbz/crying_myself_to_sleep_at_midnight/,all_ads,False,https://open.spotify.com/playlist/0xdjDJV000246kILmKWEE3?si=rrVA7Y8YS96emxrGQ82NuA&amp;pi=e-eTUaCILcTjqx,1396770,1705970897.0,0,"{'type': 'open.spotify.com', 'oembed': {'provider_url': 'https://spotify.com', 'description': 'Crying myself to sleep at midnight❤️\u200d🩹💔 · Playlist · 704 songs · 81 likes', 'title': 'Crying myself to sleep at midnight❤️\u200d🩹💔', 'type': 'rich', 'thumbnail_width': 300, 'height': 352, 'width': 456, 'html': '&lt;iframe class=""embedly-embed"" src=""https://cdn.embedly.com/widgets/media.html?src=https%3A%2F%2Fopen.spotify.com%2Fembed%2Fplaylist%2F0xdjDJV000246kILmKWEE3%3Futm_source%3Doembed&amp;display_name=Spotify&amp;url=https%3A%2F%2Fopen.spotify.com%2Fplaylist%2F0xdjDJV000246kILmKWEE3&amp;image=https%3A%2F%2Fi.scdn.co%2Fimage%2Fab67706c0000da844a830d35053b2db70fa5b35c&amp;key=2aa3c4d5f3de4f5b9120b660ad850dc9&amp;type=text%2Fhtml&amp;schema=spotify"" width=""456"" height=""352"" scrolling=""no"" title=""Spotify embed"" frameborder=""0"" allow=""autoplay; fullscreen; encrypted-media; picture-in-picture;"" allowfullscreen=""true""&gt;&lt;/iframe&gt;', 'version': '1.0', 'provider_name': 'Spotify', 'thumbnail_url': 'https://i.scdn.co/image/ab67706c0000da844a830d35053b2db70fa5b35c', 'thumbnail_height': 296}}",False,https://open.spotify.com/playlist/0xdjDJV000246kILmKWEE3?si=rrVA7Y8YS96emxrGQ82NuA&amp;pi=e-eTUaCILcTjqx,,,
,spotify,"Okay so my Spotify playlist is acting weird it just happened yesterday and I am freaked out, what happened was at the top of my playlist there's a random song yesterday I saw a  different song there and I was really confused I was like 'okay I'll just delete the song and ad it back to where it was so I tried to delete and it worked but then another song came so I got confused then I tried to change my songs by editing them but that still didn't work. 

So I really need help if this has happened to you or you know how to fix it, tell me in the comments.",t2_s3w5htae,False,,0,False,HELP!,[],r/spotify,False,6,other,0,,,False,,t3_19d5ie4,False,light,0.6,,2,0,{},,,False,[],,False,False,,{},Other,False,2,,False,False,,False,,[],{},,,True,public,1705955509.0,text,6,,,text,self.spotify,False,"&lt;!-- SC_OFF --&gt;&lt;div class=""md""&gt;&lt;p&gt;Okay so my Spotify playlist is acting weird it just happened yesterday and I am freaked out, what happened was at the top of my playlist there&amp;#39;s a random song yesterday I saw a  different song there and I was really confused I was like &amp;#39;okay I&amp;#39;ll just delete the song and ad it back to where it was so I tried to delete and it worked but then another song came so I got confused then I tried to change my songs by editing them but that still didn&amp;#39;t work. &lt;/p&gt;

&lt;p&gt;So I really need help if this has happened to you or you know how to fix it, tell me in the comments.&lt;/p&gt;
&lt;/div&gt;&lt;!-- SC_ON --&gt;",,,,,False,False,False,False,False,,[],[],False,ade37744-9a00-11e9-89d0-0e1272eb0ddc,False,False,False,,[],False,,,,t5_2qofj,False,,,,,19d5ie4,True,,Alive-Plenty-7428,,3,True,all_ads,False,[],False,,/r/spotify/comments/19d5ie4/help/,all_ads,False,https://www.reddit.com/r/spotify/comments/19d5ie4/help/,1396770,1705955509.0,0,,False,,,,
,spotify,,t2_13ldx3,False,,0,False,Ambient Soft Dream,[],r/spotify,False,6,,0,,,False,,t3_19dat0x,False,dark,1.0,,1,0,"{'content': '&lt;iframe class=""embedly-embed"" src=""https://cdn.embedly.com/widgets/media.html?src=https%3A%2F%2Fopen.spotify.com%2Fembed%2Fplaylist%2F7ekcZu51MtT91VQRf1pyU1%3Futm_source%3Doembed&amp;display_name=Spotify&amp;url=https%3A%2F%2Fopen.spotify.com%2Fplaylist%2F7ekcZu51MtT91VQRf1pyU1&amp;image=https%3A%2F%2Fi.scdn.co%2Fimage%2Fab67706c0000da841658ee125219488edac9253e&amp;key=2aa3c4d5f3de4f5b9120b660ad850dc9&amp;type=text%2Fhtml&amp;schema=spotify"" width=""456"" height=""352"" scrolling=""no"" title=""Spotify embed"" frameborder=""0"" allow=""autoplay; fullscreen; encrypted-media; picture-in-picture;"" allowfullscreen=""true""&gt;&lt;/iframe&gt;', 'width': 456, 'scrolling': False, 'height': 352}",,,False,[],"{'type': 'open.spotify.com', 'oembed': {'provider_url': 'https://spotify.com', 'description': 'Ambient Soft Dream · Playlist · 27 songs · 3 likes', 'title': 'Ambient Soft Dream', 'type': 'rich', 'thumbnail_width': 225, 'height': 352, 'width': 456, 'html': '&lt;iframe class=""embedly-embed"" src=""https://cdn.embedly.com/widgets/media.html?src=https%3A%2F%2Fopen.spotify.com%2Fembed%2Fplaylist%2F7ekcZu51MtT91VQRf1pyU1%3Futm_source%3Doembed&amp;display_name=Spotify&amp;url=https%3A%2F%2Fopen.spotify.com%2Fplaylist%2F7ekcZu51MtT91VQRf1pyU1&amp;image=https%3A%2F%2Fi.scdn.co%2Fimage%2Fab67706c0000da841658ee125219488edac9253e&amp;key=2aa3c4d5f3de4f5b9120b660ad850dc9&amp;type=text%2Fhtml&amp;schema=spotify"" width=""456"" height=""352"" scrolling=""no"" title=""Spotify embed"" frameborder=""0"" allow=""autoplay; fullscreen; encrypted-media; picture-in-picture;"" allowfullscreen=""true""&gt;&lt;/iframe&gt;', 'version': '1.0', 'provider_name': 'Spotify', 'thumbnail_url': 'https://i.scdn.co/image/ab67706c0000da841658ee125219488edac9253e', 'thumbnail_height': 300}}",False,False,,"{'content': '&lt;iframe class=""embedly-embed"" src=""https://cdn.embedly.com/widgets/media.html?src=https%3A%2F%2Fopen.spotify.com%2Fembed%2Fplaylist%2F7ekcZu51MtT91VQRf1pyU1%3Futm_source%3Doembed&amp;display_name=Spotify&amp;url=https%3A%2F%2Fopen.spotify.com%2Fplaylist%2F7ekcZu51MtT91VQRf1pyU1&amp;image=https%3A%2F%2Fi.scdn.co%2Fimage%2Fab67706c0000da841658ee125219488edac9253e&amp;key=2aa3c4d5f3de4f5b9120b660ad850dc9&amp;type=text%2Fhtml&amp;schema=spotify"" width=""456"" height=""352"" scrolling=""no"" title=""Spotify embed"" frameborder=""0"" allow=""autoplay; fullscreen; encrypted-media; picture-in-picture;"" allowfullscreen=""true""&gt;&lt;/iframe&gt;', 'width': 456, 'scrolling': False, 'media_domain_url': 'https://www.redditmedia.com/mediaembed/19dat0x', 'height': 352}","Playlist - Theme  (Party, Beach, Study)",False,1,,False,False,,False,,[],{},,,False,public,1705968658.0,text,6,,,text,open.spotify.com,False,,,,,,False,False,False,False,False,,[],[],False,64fa8956-9fa3-11ea-ba10-0e669a062341,False,False,False,,[],False,,,,t5_2qofj,False,,,,#ffd635,19dat0x,True,,CrisVola,,0,True,all_ads,False,[],False,,/r/spotify/comments/19dat0x/ambient_soft_dream/,all_ads,False,https://open.spotify.com/playlist/7ekcZu51MtT91VQRf1pyU1,1396770,1705968658.0,0,"{'type': 'open.spotify.com', 'oembed': {'provider_url': 'https://spotify.com', 'description': 'Ambient Soft Dream · Playlist · 27 songs · 3 likes', 'title': 'Ambient Soft Dream', 'type': 'rich', 'thumbnail_width': 225, 'height': 352, 'width': 456, 'html': '&lt;iframe class=""embedly-embed"" src=""https://cdn.embedly.com/widgets/media.html?src=https%3A%2F%2Fopen.spotify.com%2Fembed%2Fplaylist%2F7ekcZu51MtT91VQRf1pyU1%3Futm_source%3Doembed&amp;display_name=Spotify&amp;url=https%3A%2F%2Fopen.spotify.com%2Fplaylist%2F7ekcZu51MtT91VQRf1pyU1&amp;image=https%3A%2F%2Fi.scdn.co%2Fimage%2Fab67706c0000da841658ee125219488edac9253e&amp;key=2aa3c4d5f3de4f5b9120b660ad850dc9&amp;type=text%2Fhtml&amp;schema=spotify"" width=""456"" height=""352"" scrolling=""no"" title=""Spotify embed"" frameborder=""0"" allow=""autoplay; fullscreen; encrypted-media; picture-in-picture;"" allowfullscreen=""true""&gt;&lt;/iframe&gt;', 'version': '1.0', 'provider_name': 'Spotify', 'thumbnail_url': 'https://i.scdn.co/image/ab67706c0000da841658ee125219488edac9253e', 'thumbnail_height': 300}}",False,https://open.spotify.com/playlist/7ekcZu51MtT91VQRf1pyU1,,,
,spotify,"I've realised that many people love the beatles but never took the time to listen to their solo albums, so I've made two McCartney lists  
One with the very best [https://open.spotify.com/playlist/6hhXEcDFrhsymqlsM52erG?si=02db1c961bbd44f3](https://open.spotify.com/playlist/6hhXEcDFrhsymqlsM52erG?si=02db1c961bbd44f3)  
and if you happen to like that, you can keep going with some other good tracks of him  
[https://open.spotify.com/playlist/0FQRdYV6EttegvF19Qpben?si=32a5435086f44939](https://open.spotify.com/playlist/0FQRdYV6EttegvF19Qpben?si=32a5435086f44939)  


if you enjoy them i've got john and georges one too, and a full newsletter about their albums but that its in spanish!",t2_4gvtvufz,False,,0,False,Paul McCartney solo best efforts,[],r/spotify,False,6,,0,,,False,,t3_19dahn1,False,dark,0.67,,1,0,{},,,False,[],,False,False,,{},"Playlist - Theme  (Party, Beach, Study)",False,1,,False,False,,False,,[],{},,,True,public,1705967831.0,text,6,,,text,self.spotify,False,"&lt;!-- SC_OFF --&gt;&lt;div class=""md""&gt;&lt;p&gt;I&amp;#39;ve realised that many people love the beatles but never took the time to listen to their solo albums, so I&amp;#39;ve made two McCartney lists&lt;br/&gt;
One with the very best &lt;a href=""https://open.spotify.com/playlist/6hhXEcDFrhsymqlsM52erG?si=02db1c961bbd44f3""&gt;https://open.spotify.com/playlist/6hhXEcDFrhsymqlsM52erG?si=02db1c961bbd44f3&lt;/a&gt;&lt;br/&gt;
and if you happen to like that, you can keep going with some other good tracks of him&lt;br/&gt;
&lt;a href=""https://open.spotify.com/playlist/0FQRdYV6EttegvF19Qpben?si=32a5435086f44939""&gt;https://open.spotify.com/playlist/0FQRdYV6EttegvF19Qpben?si=32a5435086f44939&lt;/a&gt;  &lt;/p&gt;

&lt;p&gt;if you enjoy them i&amp;#39;ve got john and georges one too, and a full newsletter about their albums but that its in spanish!&lt;/p&gt;
&lt;/div&gt;&lt;!-- SC_ON --&gt;",,,,,False,False,False,False,False,,[],[],False,64fa8956-9fa3-11ea-ba10-0e669a062341,False,False,False,,[],False,,,,t5_2qofj,False,,,,#ffd635,19dahn1,True,,Chuchein14,,0,True,all_ads,False,[],False,,/r/spotify/comments/19dahn1/paul_mccartney_solo_best_efforts/,all_ads,False,https://www.reddit.com/r/spotify/comments/19dahn1/paul_mccartney_solo_best_efforts/,1396770,1705967831.0,0,,False,,,,
,spotify,,t2_gz5ku,False,,0,False,"Dream Punk (Post-Punk, Shoegaze, Dream-Pop, Alt-Rock, and more.)",[],r/spotify,False,6,,0,,,False,,t3_19d0r7a,False,dark,1.0,,3,0,"{'content': '&lt;iframe class=""embedly-embed"" src=""https://cdn.embedly.com/widgets/media.html?src=https%3A%2F%2Fopen.spotify.com%2Fembed%2Fplaylist%2F1NYcdBPga4XN28avZ1krVx%3Futm_source%3Doembed&amp;display_name=Spotify&amp;url=https%3A%2F%2Fopen.spotify.com%2Fplaylist%2F1NYcdBPga4XN28avZ1krVx&amp;image=https%3A%2F%2Fi.scdn.co%2Fimage%2Fab67706c0000da84f5a6cba5cd251c6667d71fff&amp;key=2aa3c4d5f3de4f5b9120b660ad850dc9&amp;type=text%2Fhtml&amp;schema=spotify"" width=""456"" height=""352"" scrolling=""no"" title=""Spotify embed"" frameborder=""0"" allow=""autoplay; fullscreen; encrypted-media; picture-in-picture;"" allowfullscreen=""true""&gt;&lt;/iframe&gt;', 'width': 456, 'scrolling': False, 'height': 352}",,,False,[],"{'type': 'open.spotify.com', 'oembed': {'provider_url': 'https://spotify.com', 'description': 'Dream Punk · Playlist · 270 songs · 1.2K likes', 'title': 'Dream Punk', 'type': 'rich', 'thumbnail_width': 300, 'height': 352, 'width': 456, 'html': '&lt;iframe class=""embedly-embed"" src=""https://cdn.embedly.com/widgets/media.html?src=https%3A%2F%2Fopen.spotify.com%2Fembed%2Fplaylist%2F1NYcdBPga4XN28avZ1krVx%3Futm_source%3Doembed&amp;display_name=Spotify&amp;url=https%3A%2F%2Fopen.spotify.com%2Fplaylist%2F1NYcdBPga4XN28avZ1krVx&amp;image=https%3A%2F%2Fi.scdn.co%2Fimage%2Fab67706c0000da84f5a6cba5cd251c6667d71fff&amp;key=2aa3c4d5f3de4f5b9120b660ad850dc9&amp;type=text%2Fhtml&amp;schema=spotify"" width=""456"" height=""352"" scrolling=""no"" title=""Spotify embed"" frameborder=""0"" allow=""autoplay; fullscreen; encrypted-media; picture-in-picture;"" allowfullscreen=""true""&gt;&lt;/iframe&gt;', 'version': '1.0', 'provider_name': 'Spotify', 'thumbnail_url': 'https://i.scdn.co/image/ab67706c0000da84f5a6cba5cd251c6667d71fff', 'thumbnail_height': 300}}",False,False,,"{'content': '&lt;iframe class=""embedly-embed"" src=""https://cdn.embedly.com/widgets/media.html?src=https%3A%2F%2Fopen.spotify.com%2Fembed%2Fplaylist%2F1NYcdBPga4XN28avZ1krVx%3Futm_source%3Doembed&amp;display_name=Spotify&amp;url=https%3A%2F%2Fopen.spotify.com%2Fplaylist%2F1NYcdBPga4XN28avZ1krVx&amp;image=https%3A%2F%2Fi.scdn.co%2Fimage%2Fab67706c0000da84f5a6cba5cd251c6667d71fff&amp;key=2aa3c4d5f3de4f5b9120b660ad850dc9&amp;type=text%2Fhtml&amp;schema=spotify"" width=""456"" height=""352"" scrolling=""no"" title=""Spotify embed"" frameborder=""0"" allow=""autoplay; fullscreen; encrypted-media; picture-in-picture;"" allowfullscreen=""true""&gt;&lt;/iframe&gt;', 'width': 456, 'scrolling': False, 'media_domain_url': 'https://www.redditmedia.com/mediaembed/19d0r7a', 'height': 352}",Playlist - Rock/Metal/Indie/Alt,False,3,,False,False,,False,,[],{},,,False,public,1705943836.0,text,6,,,text,open.spotify.com,False,,,,,,False,False,False,False,False,,[],[],False,d0dbfc3e-9fa0-11ea-9b6c-0e248f77e35b,False,False,False,,[],False,,,,t5_2qofj,False,,,,#fb8f1b,19d0r7a,True,,andreacaccese,,1,True,all_ads,False,[],False,,/r/spotify/comments/19d0r7a/dream_punk_postpunk_shoegaze_dreampop_altrock_and/,all_ads,False,https://open.spotify.com/playlist/1NYcdBPga4XN28avZ1krVx?si=f1a9910c373a4752,1396770,1705943836.0,0,"{'type': 'open.spotify.com', 'oembed': {'provider_url': 'https://spotify.com', 'description': 'Dream Punk · Playlist · 270 songs · 1.2K likes', 'title': 'Dream Punk', 'type': 'rich', 'thumbnail_width': 300, 'height': 352, 'width': 456, 'html': '&lt;iframe class=""embedly-embed"" src=""https://cdn.embedly.com/widgets/media.html?src=https%3A%2F%2Fopen.spotify.com%2Fembed%2Fplaylist%2F1NYcdBPga4XN28avZ1krVx%3Futm_source%3Doembed&amp;display_name=Spotify&amp;url=https%3A%2F%2Fopen.spotify.com%2Fplaylist%2F1NYcdBPga4XN28avZ1krVx&amp;image=https%3A%2F%2Fi.scdn.co%2Fimage%2Fab67706c0000da84f5a6cba5cd251c6667d71fff&amp;key=2aa3c4d5f3de4f5b9120b660ad850dc9&amp;type=text%2Fhtml&amp;schema=spotify"" width=""456"" height=""352"" scrolling=""no"" title=""Spotify embed"" frameborder=""0"" allow=""autoplay; fullscreen; encrypted-media; picture-in-picture;"" allowfullscreen=""true""&gt;&lt;/iframe&gt;', 'version': '1.0', 'provider_name': 'Spotify', 'thumbnail_url': 'https://i.scdn.co/image/ab67706c0000da84f5a6cba5cd251c6667d71fff', 'thumbnail_height': 300}}",False,https://open.spotify.com/playlist/1NYcdBPga4XN28avZ1krVx?si=f1a9910c373a4752,,,
,spotify,https://open.spotify.com/playlist/2uxxppN3NPrbHoN6Iy9hG2?si=mpGKyp9oS_mQAifkza-JyA&amp;utm_source=copy-link&amp;pt=b2503e46b05c1d849f387ac11e2a015c,t2_7vfpnq6i,False,,0,False,432hz Music,[],r/spotify,False,6,,0,,,False,,t3_19d8r5n,False,dark,1.0,,1,0,{},,,False,[],,False,False,,{},"Playlist - Theme  (Party, Beach, Study)",False,1,,False,False,,False,,[],{},,,True,public,1705963400.0,text,6,,,text,self.spotify,False,"&lt;!-- SC_OFF --&gt;&lt;div class=""md""&gt;&lt;p&gt;&lt;a href=""https://open.spotify.com/playlist/2uxxppN3NPrbHoN6Iy9hG2?si=mpGKyp9oS_mQAifkza-JyA&amp;amp;utm_source=copy-link&amp;amp;pt=b2503e46b05c1d849f387ac11e2a015c""&gt;https://open.spotify.com/playlist/2uxxppN3NPrbHoN6Iy9hG2?si=mpGKyp9oS_mQAifkza-JyA&amp;amp;utm_source=copy-link&amp;amp;pt=b2503e46b05c1d849f387ac11e2a015c&lt;/a&gt;&lt;/p&gt;
&lt;/div&gt;&lt;!-- SC_ON --&gt;",,,,,False,True,False,False,False,,[],[],False,64fa8956-9fa3-11ea-ba10-0e669a062341,False,False,False,,[],False,,,,t5_2qofj,False,,,,#ffd635,19d8r5n,True,,laramick,,0,True,all_ads,False,[],False,,/r/spotify/comments/19d8r5n/432hz_music/,all_ads,False,https://www.reddit.com/r/spotify/comments/19d8r5n/432hz_music/,1396770,1705963400.0,0,,False,,,,
,spotify,,t2_7sh2bkabv,False,,0,False,classic Reggaetón,[],r/spotify,False,6,,0,,,False,,t3_19d81fs,False,dark,1.0,,1,0,"{'content': '&lt;iframe class=""embedly-embed"" src=""https://cdn.embedly.com/widgets/media.html?src=https%3A%2F%2Fopen.spotify.com%2Fembed%2Fplaylist%2F1nHzaHSfTt1NDwaYFOjpTm%3Futm_source%3Doembed&amp;display_name=Spotify&amp;url=https%3A%2F%2Fopen.spotify.com%2Fplaylist%2F1nHzaHSfTt1NDwaYFOjpTm&amp;image=https%3A%2F%2Fi.scdn.co%2Fimage%2Fab67706c0000da843bd64ffde0477d61813e02ba&amp;key=2aa3c4d5f3de4f5b9120b660ad850dc9&amp;type=text%2Fhtml&amp;schema=spotify"" width=""456"" height=""352"" scrolling=""no"" title=""Spotify embed"" frameborder=""0"" allow=""autoplay; fullscreen; encrypted-media; picture-in-picture;"" allowfullscreen=""true""&gt;&lt;/iframe&gt;', 'width': 456, 'scrolling': False, 'height': 352}",,,False,[],"{'type': 'open.spotify.com', 'oembed': {'provider_url': 'https://spotify.com', 'description': 'Béisbol · Playlist · 65 songs · 11 likes', 'title': 'Béisbol', 'type': 'rich', 'thumbnail_width': 300, 'height': 352, 'width': 456, 'html': '&lt;iframe class=""embedly-embed"" src=""https://cdn.embedly.com/widgets/media.html?src=https%3A%2F%2Fopen.spotify.com%2Fembed%2Fplaylist%2F1nHzaHSfTt1NDwaYFOjpTm%3Futm_source%3Doembed&amp;display_name=Spotify&amp;url=https%3A%2F%2Fopen.spotify.com%2Fplaylist%2F1nHzaHSfTt1NDwaYFOjpTm&amp;image=https%3A%2F%2Fi.scdn.co%2Fimage%2Fab67706c0000da843bd64ffde0477d61813e02ba&amp;key=2aa3c4d5f3de4f5b9120b660ad850dc9&amp;type=text%2Fhtml&amp;schema=spotify"" width=""456"" height=""352"" scrolling=""no"" title=""Spotify embed"" frameborder=""0"" allow=""autoplay; fullscreen; encrypted-media; picture-in-picture;"" allowfullscreen=""true""&gt;&lt;/iframe&gt;', 'version': '1.0', 'provider_name': 'Spotify', 'thumbnail_url': 'https://i.scdn.co/image/ab67706c0000da843bd64ffde0477d61813e02ba', 'thumbnail_height': 300}}",False,False,,"{'content': '&lt;iframe class=""embedly-embed"" src=""https://cdn.embedly.com/widgets/media.html?src=https%3A%2F%2Fopen.spotify.com%2Fembed%2Fplaylist%2F1nHzaHSfTt1NDwaYFOjpTm%3Futm_source%3Doembed&amp;display_name=Spotify&amp;url=https%3A%2F%2Fopen.spotify.com%2Fplaylist%2F1nHzaHSfTt1NDwaYFOjpTm&amp;image=https%3A%2F%2Fi.scdn.co%2Fimage%2Fab67706c0000da843bd64ffde0477d61813e02ba&amp;key=2aa3c4d5f3de4f5b9120b660ad850dc9&amp;type=text%2Fhtml&amp;schema=spotify"" width=""456"" height=""352"" scrolling=""no"" title=""Spotify embed"" frameborder=""0"" allow=""autoplay; fullscreen; encrypted-media; picture-in-picture;"" allowfullscreen=""true""&gt;&lt;/iframe&gt;', 'width': 456, 'scrolling': False, 'media_domain_url': 'https://www.redditmedia.com/mediaembed/19d81fs', 'height': 352}",Playlist - Rap / Hip Hop,False,1,,False,False,,False,,[],{},,,False,public,1705961604.0,text,6,,,text,open.spotify.com,False,,,,,,False,True,False,False,False,,[],[],False,dbc1d8d0-9fa0-11ea-982a-0e836220e083,False,False,False,,[],False,,,,t5_2qofj,False,,,,#e82638,19d81fs,True,,full_variant,,0,True,all_ads,False,[],False,,/r/spotify/comments/19d81fs/classic_reggaetón/,all_ads,False,https://open.spotify.com/playlist/1nHzaHSfTt1NDwaYFOjpTm?si=f568bd45242e4697,1396770,1705961604.0,0,"{'type': 'open.spotify.com', 'oembed': {'provider_url': 'https://spotify.com', 'description': 'Béisbol · Playlist · 65 songs · 11 likes', 'title': 'Béisbol', 'type': 'rich', 'thumbnail_width': 300, 'height': 352, 'width': 456, 'html': '&lt;iframe class=""embedly-embed"" src=""https://cdn.embedly.com/widgets/media.html?src=https%3A%2F%2Fopen.spotify.com%2Fembed%2Fplaylist%2F1nHzaHSfTt1NDwaYFOjpTm%3Futm_source%3Doembed&amp;display_name=Spotify&amp;url=https%3A%2F%2Fopen.spotify.com%2Fplaylist%2F1nHzaHSfTt1NDwaYFOjpTm&amp;image=https%3A%2F%2Fi.scdn.co%2Fimage%2Fab67706c0000da843bd64ffde0477d61813e02ba&amp;key=2aa3c4d5f3de4f5b9120b660ad850dc9&amp;type=text%2Fhtml&amp;schema=spotify"" width=""456"" height=""352"" scrolling=""no"" title=""Spotify embed"" frameborder=""0"" allow=""autoplay; fullscreen; encrypted-media; picture-in-picture;"" allowfullscreen=""true""&gt;&lt;/iframe&gt;', 'version': '1.0', 'provider_name': 'Spotify', 'thumbnail_url': 'https://i.scdn.co/image/ab67706c0000da843bd64ffde0477d61813e02ba', 'thumbnail_height': 300}}",False,https://open.spotify.com/playlist/1nHzaHSfTt1NDwaYFOjpTm?si=f568bd45242e4697,,,
,spotify,"Hello,

I'm looking for a playlist to listen to while reading manga. Right now I'm reading ""Tokyo Ghoul"" but other times I read, action or romance. What playlist could you recommend or share?

&amp;#x200B;

I like female voice. More into the 90s-2010 music but I'm also open to everything. Sometimes I also like the music that my wife listens (""The boy who murdered love""

&amp;#x200B;

I just dislike Hip-hop, rap, lofi chill songs, metal, house.

&amp;#x200B;

Thank you",t2_5hk3oxpg,False,,0,False,Could you share a playlist for reading Manga?,[],r/spotify,False,6,favors,0,,,False,,t3_19d2gzd,False,dark,1.0,,2,0,{},,,False,[],,False,False,,{},[REQUEST] Playlists / Songs / Artists / Albums ,False,2,,False,False,,False,,[],{},,,True,public,1705947952.0,text,6,,,text,self.spotify,False,"&lt;!-- SC_OFF --&gt;&lt;div class=""md""&gt;&lt;p&gt;Hello,&lt;/p&gt;

&lt;p&gt;I&amp;#39;m looking for a playlist to listen to while reading manga. Right now I&amp;#39;m reading &amp;quot;Tokyo Ghoul&amp;quot; but other times I read, action or romance. What playlist could you recommend or share?&lt;/p&gt;

&lt;p&gt;&amp;#x200B;&lt;/p&gt;

&lt;p&gt;I like female voice. More into the 90s-2010 music but I&amp;#39;m also open to everything. Sometimes I also like the music that my wife listens (&amp;quot;The boy who murdered love&amp;quot;&lt;/p&gt;

&lt;p&gt;&amp;#x200B;&lt;/p&gt;

&lt;p&gt;I just dislike Hip-hop, rap, lofi chill songs, metal, house.&lt;/p&gt;

&lt;p&gt;&amp;#x200B;&lt;/p&gt;

&lt;p&gt;Thank you&lt;/p&gt;
&lt;/div&gt;&lt;!-- SC_ON --&gt;",,,,,False,False,False,False,False,,[],[],False,b188c2f4-9a2e-11e9-9464-0e9d067aecce,False,False,False,,[],False,,,,t5_2qofj,False,,,,#94e044,19d2gzd,True,,Sybeiria,,1,True,all_ads,False,[],False,,/r/spotify/comments/19d2gzd/could_you_share_a_playlist_for_reading_manga/,all_ads,False,https://www.reddit.com/r/spotify/comments/19d2gzd/could_you_share_a_playlist_for_reading_manga/,1396770,1705947952.0,0,,False,,,,
,spotify,,t2_camlodka,False,,0,False,Jazz Background,[],r/spotify,False,6,,0,,,False,,t3_19d7up9,False,dark,1.0,,1,0,"{'content': '&lt;iframe class=""embedly-embed"" src=""https://cdn.embedly.com/widgets/media.html?src=https%3A%2F%2Fopen.spotify.com%2Fembed%2Fplaylist%2F33LBjE6Io6CmgQkw3hnWHa%3Futm_source%3Doembed&amp;display_name=Spotify&amp;url=https%3A%2F%2Fopen.spotify.com%2Fplaylist%2F33LBjE6Io6CmgQkw3hnWHa&amp;image=https%3A%2F%2Fi.scdn.co%2Fimage%2Fab67706c0000da8457a4a508e38bc6e51969c7a1&amp;key=2aa3c4d5f3de4f5b9120b660ad850dc9&amp;type=text%2Fhtml&amp;schema=spotify"" width=""456"" height=""352"" scrolling=""no"" title=""Spotify embed"" frameborder=""0"" allow=""autoplay; fullscreen; encrypted-media; picture-in-picture;"" allowfullscreen=""true""&gt;&lt;/iframe&gt;', 'width': 456, 'scrolling': False, 'height': 352}",,,False,[],"{'type': 'open.spotify.com', 'oembed': {'provider_url': 'https://spotify.com', 'description': 'Jazz Background · Playlist · 75 songs · 1.2K likes', 'title': 'Jazz Background', 'type': 'rich', 'thumbnail_width': 300, 'height': 352, 'width': 456, 'html': '&lt;iframe class=""embedly-embed"" src=""https://cdn.embedly.com/widgets/media.html?src=https%3A%2F%2Fopen.spotify.com%2Fembed%2Fplaylist%2F33LBjE6Io6CmgQkw3hnWHa%3Futm_source%3Doembed&amp;display_name=Spotify&amp;url=https%3A%2F%2Fopen.spotify.com%2Fplaylist%2F33LBjE6Io6CmgQkw3hnWHa&amp;image=https%3A%2F%2Fi.scdn.co%2Fimage%2Fab67706c0000da8457a4a508e38bc6e51969c7a1&amp;key=2aa3c4d5f3de4f5b9120b660ad850dc9&amp;type=text%2Fhtml&amp;schema=spotify"" width=""456"" height=""352"" scrolling=""no"" title=""Spotify embed"" frameborder=""0"" allow=""autoplay; fullscreen; encrypted-media; picture-in-picture;"" allowfullscreen=""true""&gt;&lt;/iframe&gt;', 'version': '1.0', 'provider_name': 'Spotify', 'thumbnail_url': 'https://i.scdn.co/image/ab67706c0000da8457a4a508e38bc6e51969c7a1', 'thumbnail_height': 300}}",False,False,,"{'content': '&lt;iframe class=""embedly-embed"" src=""https://cdn.embedly.com/widgets/media.html?src=https%3A%2F%2Fopen.spotify.com%2Fembed%2Fplaylist%2F33LBjE6Io6CmgQkw3hnWHa%3Futm_source%3Doembed&amp;display_name=Spotify&amp;url=https%3A%2F%2Fopen.spotify.com%2Fplaylist%2F33LBjE6Io6CmgQkw3hnWHa&amp;image=https%3A%2F%2Fi.scdn.co%2Fimage%2Fab67706c0000da8457a4a508e38bc6e51969c7a1&amp;key=2aa3c4d5f3de4f5b9120b660ad850dc9&amp;type=text%2Fhtml&amp;schema=spotify"" width=""456"" height=""352"" scrolling=""no"" title=""Spotify embed"" frameborder=""0"" allow=""autoplay; fullscreen; encrypted-media; picture-in-picture;"" allowfullscreen=""true""&gt;&lt;/iframe&gt;', 'width': 456, 'scrolling': False, 'media_domain_url': 'https://www.redditmedia.com/mediaembed/19d7up9', 'height': 352}","Playlist - Theme  (Party, Beach, Study)",False,1,,False,False,,False,,[],{},,,False,public,1705961151.0,text,6,,,text,open.spotify.com,False,,,,,,False,True,False,False,False,,[],[],False,64fa8956-9fa3-11ea-ba10-0e669a062341,False,False,False,,[],False,,,,t5_2qofj,False,,,,#ffd635,19d7up9,True,,Jazzy_Alex,,0,True,all_ads,False,[],False,,/r/spotify/comments/19d7up9/jazz_background/,all_ads,False,https://open.spotify.com/playlist/33LBjE6Io6CmgQkw3hnWHa?si=CrY8zYDRSYeBIxW5sz-HKw&amp;pi=e-er9TmvHTQUee,1396770,1705961151.0,0,"{'type': 'open.spotify.com', 'oembed': {'provider_url': 'https://spotify.com', 'description': 'Jazz Background · Playlist · 75 songs · 1.2K likes', 'title': 'Jazz Background', 'type': 'rich', 'thumbnail_width': 300, 'height': 352, 'width': 456, 'html': '&lt;iframe class=""embedly-embed"" src=""https://cdn.embedly.com/widgets/media.html?src=https%3A%2F%2Fopen.spotify.com%2Fembed%2Fplaylist%2F33LBjE6Io6CmgQkw3hnWHa%3Futm_source%3Doembed&amp;display_name=Spotify&amp;url=https%3A%2F%2Fopen.spotify.com%2Fplaylist%2F33LBjE6Io6CmgQkw3hnWHa&amp;image=https%3A%2F%2Fi.scdn.co%2Fimage%2Fab67706c0000da8457a4a508e38bc6e51969c7a1&amp;key=2aa3c4d5f3de4f5b9120b660ad850dc9&amp;type=text%2Fhtml&amp;schema=spotify"" width=""456"" height=""352"" scrolling=""no"" title=""Spotify embed"" frameborder=""0"" allow=""autoplay; fullscreen; encrypted-media; picture-in-picture;"" allowfullscreen=""true""&gt;&lt;/iframe&gt;', 'version': '1.0', 'provider_name': 'Spotify', 'thumbnail_url': 'https://i.scdn.co/image/ab67706c0000da8457a4a508e38bc6e51969c7a1', 'thumbnail_height': 300}}",False,https://open.spotify.com/playlist/33LBjE6Io6CmgQkw3hnWHa?si=CrY8zYDRSYeBIxW5sz-HKw&amp;pi=e-er9TmvHTQUee,,,
,spotify,,t2_cwvybmdm,False,,0,False,Add songs that you like in my playlist,[],r/spotify,False,6,playlist,0,,,False,,t3_19d6fg4,False,dark,1.0,,1,0,"{'content': '&lt;iframe class=""embedly-embed"" src=""https://cdn.embedly.com/widgets/media.html?src=https%3A%2F%2Fopen.spotify.com%2Fembed%2Fplaylist%2F32Iqpf3U2LWlZWtkkm6XlN%3Futm_source%3Doembed&amp;display_name=Spotify&amp;url=https%3A%2F%2Fopen.spotify.com%2Fplaylist%2F32Iqpf3U2LWlZWtkkm6XlN&amp;image=https%3A%2F%2Fi.scdn.co%2Fimage%2Fab67706c0000da8479f30547792a2161c5dc1b85&amp;key=2aa3c4d5f3de4f5b9120b660ad850dc9&amp;type=text%2Fhtml&amp;schema=spotify"" width=""456"" height=""352"" scrolling=""no"" title=""Spotify embed"" frameborder=""0"" allow=""autoplay; fullscreen; encrypted-media; picture-in-picture;"" allowfullscreen=""true""&gt;&lt;/iframe&gt;', 'width': 456, 'scrolling': False, 'height': 352}",,,False,[],"{'type': 'open.spotify.com', 'oembed': {'provider_url': 'https://spotify.com', 'description': 'Little Wing · Playlist · 20 songs', 'title': 'Little Wing', 'type': 'rich', 'thumbnail_width': 300, 'height': 352, 'width': 456, 'html': '&lt;iframe class=""embedly-embed"" src=""https://cdn.embedly.com/widgets/media.html?src=https%3A%2F%2Fopen.spotify.com%2Fembed%2Fplaylist%2F32Iqpf3U2LWlZWtkkm6XlN%3Futm_source%3Doembed&amp;display_name=Spotify&amp;url=https%3A%2F%2Fopen.spotify.com%2Fplaylist%2F32Iqpf3U2LWlZWtkkm6XlN&amp;image=https%3A%2F%2Fi.scdn.co%2Fimage%2Fab67706c0000da8479f30547792a2161c5dc1b85&amp;key=2aa3c4d5f3de4f5b9120b660ad850dc9&amp;type=text%2Fhtml&amp;schema=spotify"" width=""456"" height=""352"" scrolling=""no"" title=""Spotify embed"" frameborder=""0"" allow=""autoplay; fullscreen; encrypted-media; picture-in-picture;"" allowfullscreen=""true""&gt;&lt;/iframe&gt;', 'version': '1.0', 'provider_name': 'Spotify', 'thumbnail_url': 'https://i.scdn.co/image/ab67706c0000da8479f30547792a2161c5dc1b85', 'thumbnail_height': 241}}",False,False,,"{'content': '&lt;iframe class=""embedly-embed"" src=""https://cdn.embedly.com/widgets/media.html?src=https%3A%2F%2Fopen.spotify.com%2Fembed%2Fplaylist%2F32Iqpf3U2LWlZWtkkm6XlN%3Futm_source%3Doembed&amp;display_name=Spotify&amp;url=https%3A%2F%2Fopen.spotify.com%2Fplaylist%2F32Iqpf3U2LWlZWtkkm6XlN&amp;image=https%3A%2F%2Fi.scdn.co%2Fimage%2Fab67706c0000da8479f30547792a2161c5dc1b85&amp;key=2aa3c4d5f3de4f5b9120b660ad850dc9&amp;type=text%2Fhtml&amp;schema=spotify"" width=""456"" height=""352"" scrolling=""no"" title=""Spotify embed"" frameborder=""0"" allow=""autoplay; fullscreen; encrypted-media; picture-in-picture;"" allowfullscreen=""true""&gt;&lt;/iframe&gt;', 'width': 456, 'scrolling': False, 'media_domain_url': 'https://www.redditmedia.com/mediaembed/19d6fg4', 'height': 352}",Playlist - Random / Other / No Theme,False,1,,False,False,,False,,[],{},,,False,public,1705957742.0,text,6,,,text,open.spotify.com,False,,,,,,False,True,False,False,False,,[],[],False,5fb11b10-99e4-11e9-afa4-0e71ebf0abb0,False,False,False,,[],False,,,,t5_2qofj,False,,,,#46d160,19d6fg4,True,,joueur_du_japon,,0,True,all_ads,False,[],False,,/r/spotify/comments/19d6fg4/add_songs_that_you_like_in_my_playlist/,all_ads,False,https://open.spotify.com/playlist/32Iqpf3U2LWlZWtkkm6XlN?si=KBZPfkwuSUGo4Pc0YFOTPQ&amp;pt=f29ca43ec2087a0e34de5a462955092f&amp;pi=e-aa2QnHyeT8Wd,1396770,1705957742.0,0,"{'type': 'open.spotify.com', 'oembed': {'provider_url': 'https://spotify.com', 'description': 'Little Wing · Playlist · 20 songs', 'title': 'Little Wing', 'type': 'rich', 'thumbnail_width': 300, 'height': 352, 'width': 456, 'html': '&lt;iframe class=""embedly-embed"" src=""https://cdn.embedly.com/widgets/media.html?src=https%3A%2F%2Fopen.spotify.com%2Fembed%2Fplaylist%2F32Iqpf3U2LWlZWtkkm6XlN%3Futm_source%3Doembed&amp;display_name=Spotify&amp;url=https%3A%2F%2Fopen.spotify.com%2Fplaylist%2F32Iqpf3U2LWlZWtkkm6XlN&amp;image=https%3A%2F%2Fi.scdn.co%2Fimage%2Fab67706c0000da8479f30547792a2161c5dc1b85&amp;key=2aa3c4d5f3de4f5b9120b660ad850dc9&amp;type=text%2Fhtml&amp;schema=spotify"" width=""456"" height=""352"" scrolling=""no"" title=""Spotify embed"" frameborder=""0"" allow=""autoplay; fullscreen; encrypted-media; picture-in-picture;"" allowfullscreen=""true""&gt;&lt;/iframe&gt;', 'version': '1.0', 'provider_name': 'Spotify', 'thumbnail_url': 'https://i.scdn.co/image/ab67706c0000da8479f30547792a2161c5dc1b85', 'thumbnail_height': 241}}",False,https://open.spotify.com/playlist/32Iqpf3U2LWlZWtkkm6XlN?si=KBZPfkwuSUGo4Pc0YFOTPQ&amp;pt=f29ca43ec2087a0e34de5a462955092f&amp;pi=e-aa2QnHyeT8Wd,,,
,spotify,,t2_53883501,False,,0,False,Work Day Innie Mix - All the music from the brilliant show Severance (work),[],r/spotify,False,6,,0,,,False,,t3_19d5wzb,False,dark,1.0,,1,0,"{'content': '&lt;iframe class=""embedly-embed"" src=""https://cdn.embedly.com/widgets/media.html?src=https%3A%2F%2Fopen.spotify.com%2Fembed%2Fplaylist%2F1M9eTc2JwJJOVL5Fq5ZYV3%3Futm_source%3Doembed&amp;display_name=Spotify&amp;url=https%3A%2F%2Fopen.spotify.com%2Fplaylist%2F1M9eTc2JwJJOVL5Fq5ZYV3&amp;image=https%3A%2F%2Fi.scdn.co%2Fimage%2Fab67706c0000da84cac644b821718885eac4938d&amp;key=2aa3c4d5f3de4f5b9120b660ad850dc9&amp;type=text%2Fhtml&amp;schema=spotify"" width=""456"" height=""352"" scrolling=""no"" title=""Spotify embed"" frameborder=""0"" allow=""autoplay; fullscreen; encrypted-media; picture-in-picture;"" allowfullscreen=""true""&gt;&lt;/iframe&gt;', 'width': 456, 'scrolling': False, 'height': 352}",,,False,[],"{'type': 'open.spotify.com', 'oembed': {'provider_url': 'https://spotify.com', 'description': 'Work Day Innie Mix - Severance · Playlist · 38 songs · 60 likes', 'title': 'Work Day Innie Mix - Severance', 'type': 'rich', 'thumbnail_width': 300, 'height': 352, 'width': 456, 'html': '&lt;iframe class=""embedly-embed"" src=""https://cdn.embedly.com/widgets/media.html?src=https%3A%2F%2Fopen.spotify.com%2Fembed%2Fplaylist%2F1M9eTc2JwJJOVL5Fq5ZYV3%3Futm_source%3Doembed&amp;display_name=Spotify&amp;url=https%3A%2F%2Fopen.spotify.com%2Fplaylist%2F1M9eTc2JwJJOVL5Fq5ZYV3&amp;image=https%3A%2F%2Fi.scdn.co%2Fimage%2Fab67706c0000da84cac644b821718885eac4938d&amp;key=2aa3c4d5f3de4f5b9120b660ad850dc9&amp;type=text%2Fhtml&amp;schema=spotify"" width=""456"" height=""352"" scrolling=""no"" title=""Spotify embed"" frameborder=""0"" allow=""autoplay; fullscreen; encrypted-media; picture-in-picture;"" allowfullscreen=""true""&gt;&lt;/iframe&gt;', 'version': '1.0', 'provider_name': 'Spotify', 'thumbnail_url': 'https://i.scdn.co/image/ab67706c0000da84cac644b821718885eac4938d', 'thumbnail_height': 300}}",False,False,,"{'content': '&lt;iframe class=""embedly-embed"" src=""https://cdn.embedly.com/widgets/media.html?src=https%3A%2F%2Fopen.spotify.com%2Fembed%2Fplaylist%2F1M9eTc2JwJJOVL5Fq5ZYV3%3Futm_source%3Doembed&amp;display_name=Spotify&amp;url=https%3A%2F%2Fopen.spotify.com%2Fplaylist%2F1M9eTc2JwJJOVL5Fq5ZYV3&amp;image=https%3A%2F%2Fi.scdn.co%2Fimage%2Fab67706c0000da84cac644b821718885eac4938d&amp;key=2aa3c4d5f3de4f5b9120b660ad850dc9&amp;type=text%2Fhtml&amp;schema=spotify"" width=""456"" height=""352"" scrolling=""no"" title=""Spotify embed"" frameborder=""0"" allow=""autoplay; fullscreen; encrypted-media; picture-in-picture;"" allowfullscreen=""true""&gt;&lt;/iframe&gt;', 'width': 456, 'scrolling': False, 'media_domain_url': 'https://www.redditmedia.com/mediaembed/19d5wzb', 'height': 352}","Playlist - Theme  (Party, Beach, Study)",False,1,,False,False,,False,,[],{},,,False,public,1705956511.0,text,6,,,text,open.spotify.com,False,,,,,,False,True,False,False,False,,[],[],False,64fa8956-9fa3-11ea-ba10-0e669a062341,False,False,False,,[],False,,,,t5_2qofj,False,,,,#ffd635,19d5wzb,True,,jmcarlos27,,0,True,all_ads,False,[],False,,/r/spotify/comments/19d5wzb/work_day_innie_mix_all_the_music_from_the/,all_ads,False,https://open.spotify.com/playlist/1M9eTc2JwJJOVL5Fq5ZYV3?si=cP4zMtbaTRaS26_F0JH1jw,1396770,1705956511.0,0,"{'type': 'open.spotify.com', 'oembed': {'provider_url': 'https://spotify.com', 'description': 'Work Day Innie Mix - Severance · Playlist · 38 songs · 60 likes', 'title': 'Work Day Innie Mix - Severance', 'type': 'rich', 'thumbnail_width': 300, 'height': 352, 'width': 456, 'html': '&lt;iframe class=""embedly-embed"" src=""https://cdn.embedly.com/widgets/media.html?src=https%3A%2F%2Fopen.spotify.com%2Fembed%2Fplaylist%2F1M9eTc2JwJJOVL5Fq5ZYV3%3Futm_source%3Doembed&amp;display_name=Spotify&amp;url=https%3A%2F%2Fopen.spotify.com%2Fplaylist%2F1M9eTc2JwJJOVL5Fq5ZYV3&amp;image=https%3A%2F%2Fi.scdn.co%2Fimage%2Fab67706c0000da84cac644b821718885eac4938d&amp;key=2aa3c4d5f3de4f5b9120b660ad850dc9&amp;type=text%2Fhtml&amp;schema=spotify"" width=""456"" height=""352"" scrolling=""no"" title=""Spotify embed"" frameborder=""0"" allow=""autoplay; fullscreen; encrypted-media; picture-in-picture;"" allowfullscreen=""true""&gt;&lt;/iframe&gt;', 'version': '1.0', 'provider_name': 'Spotify', 'thumbnail_url': 'https://i.scdn.co/image/ab67706c0000da84cac644b821718885eac4938d', 'thumbnail_height': 300}}",False,https://open.spotify.com/playlist/1M9eTc2JwJJOVL5Fq5ZYV3?si=cP4zMtbaTRaS26_F0JH1jw,,,
,spotify,,t2_61oclfrq,False,,0,False,"I just started this ""Original vs Cover"" playlist with a simple idea - Every first song is the original and every second song is its cover. I share some famous covers there, but also some surprising covers, some surprising originals and even pretty unknown covers that I just like ;-)",[],r/spotify,False,6,playlist,0,,,False,,t3_19d5qsj,False,dark,1.0,,1,0,"{'content': '&lt;iframe class=""embedly-embed"" src=""https://cdn.embedly.com/widgets/media.html?src=https%3A%2F%2Fopen.spotify.com%2Fembed%2Fplaylist%2F6hgmVZh16E4U3plATT10na%3Futm_source%3Doembed&amp;display_name=Spotify&amp;url=https%3A%2F%2Fopen.spotify.com%2Fplaylist%2F6hgmVZh16E4U3plATT10na&amp;image=https%3A%2F%2Fi.scdn.co%2Fimage%2Fab67706c0000da8408c39a86bf14a4a3ccda8d4b&amp;key=2aa3c4d5f3de4f5b9120b660ad850dc9&amp;type=text%2Fhtml&amp;schema=spotify"" width=""456"" height=""352"" scrolling=""no"" title=""Spotify embed"" frameborder=""0"" allow=""autoplay; fullscreen; encrypted-media; picture-in-picture;"" allowfullscreen=""true""&gt;&lt;/iframe&gt;', 'width': 456, 'scrolling': False, 'height': 352}",,,False,[],"{'type': 'open.spotify.com', 'oembed': {'provider_url': 'https://spotify.com', 'description': 'Original vs Cover · Playlist · 28 songs', 'title': 'Original vs Cover', 'type': 'rich', 'thumbnail_width': 300, 'height': 352, 'width': 456, 'html': '&lt;iframe class=""embedly-embed"" src=""https://cdn.embedly.com/widgets/media.html?src=https%3A%2F%2Fopen.spotify.com%2Fembed%2Fplaylist%2F6hgmVZh16E4U3plATT10na%3Futm_source%3Doembed&amp;display_name=Spotify&amp;url=https%3A%2F%2Fopen.spotify.com%2Fplaylist%2F6hgmVZh16E4U3plATT10na&amp;image=https%3A%2F%2Fi.scdn.co%2Fimage%2Fab67706c0000da8408c39a86bf14a4a3ccda8d4b&amp;key=2aa3c4d5f3de4f5b9120b660ad850dc9&amp;type=text%2Fhtml&amp;schema=spotify"" width=""456"" height=""352"" scrolling=""no"" title=""Spotify embed"" frameborder=""0"" allow=""autoplay; fullscreen; encrypted-media; picture-in-picture;"" allowfullscreen=""true""&gt;&lt;/iframe&gt;', 'version': '1.0', 'provider_name': 'Spotify', 'thumbnail_url': 'https://i.scdn.co/image/ab67706c0000da8408c39a86bf14a4a3ccda8d4b', 'thumbnail_height': 300}}",False,False,,"{'content': '&lt;iframe class=""embedly-embed"" src=""https://cdn.embedly.com/widgets/media.html?src=https%3A%2F%2Fopen.spotify.com%2Fembed%2Fplaylist%2F6hgmVZh16E4U3plATT10na%3Futm_source%3Doembed&amp;display_name=Spotify&amp;url=https%3A%2F%2Fopen.spotify.com%2Fplaylist%2F6hgmVZh16E4U3plATT10na&amp;image=https%3A%2F%2Fi.scdn.co%2Fimage%2Fab67706c0000da8408c39a86bf14a4a3ccda8d4b&amp;key=2aa3c4d5f3de4f5b9120b660ad850dc9&amp;type=text%2Fhtml&amp;schema=spotify"" width=""456"" height=""352"" scrolling=""no"" title=""Spotify embed"" frameborder=""0"" allow=""autoplay; fullscreen; encrypted-media; picture-in-picture;"" allowfullscreen=""true""&gt;&lt;/iframe&gt;', 'width': 456, 'scrolling': False, 'media_domain_url': 'https://www.redditmedia.com/mediaembed/19d5qsj', 'height': 352}",Playlist - Random / Other / No Theme,False,1,,False,False,,False,,[],{},,,False,public,1705956087.0,text,6,,,text,open.spotify.com,False,,,,,,False,True,False,False,False,,[],[],False,5fb11b10-99e4-11e9-afa4-0e71ebf0abb0,False,False,False,,[],False,,,,t5_2qofj,False,,,,#46d160,19d5qsj,True,,athoszet,,1,True,all_ads,False,[],False,,/r/spotify/comments/19d5qsj/i_just_started_this_original_vs_cover_playlist/,all_ads,False,https://open.spotify.com/playlist/6hgmVZh16E4U3plATT10na?si=6ba152b243b545e5,1396770,1705956087.0,0,"{'type': 'open.spotify.com', 'oembed': {'provider_url': 'https://spotify.com', 'description': 'Original vs Cover · Playlist · 28 songs', 'title': 'Original vs Cover', 'type': 'rich', 'thumbnail_width': 300, 'height': 352, 'width': 456, 'html': '&lt;iframe class=""embedly-embed"" src=""https://cdn.embedly.com/widgets/media.html?src=https%3A%2F%2Fopen.spotify.com%2Fembed%2Fplaylist%2F6hgmVZh16E4U3plATT10na%3Futm_source%3Doembed&amp;display_name=Spotify&amp;url=https%3A%2F%2Fopen.spotify.com%2Fplaylist%2F6hgmVZh16E4U3plATT10na&amp;image=https%3A%2F%2Fi.scdn.co%2Fimage%2Fab67706c0000da8408c39a86bf14a4a3ccda8d4b&amp;key=2aa3c4d5f3de4f5b9120b660ad850dc9&amp;type=text%2Fhtml&amp;schema=spotify"" width=""456"" height=""352"" scrolling=""no"" title=""Spotify embed"" frameborder=""0"" allow=""autoplay; fullscreen; encrypted-media; picture-in-picture;"" allowfullscreen=""true""&gt;&lt;/iframe&gt;', 'version': '1.0', 'provider_name': 'Spotify', 'thumbnail_url': 'https://i.scdn.co/image/ab67706c0000da8408c39a86bf14a4a3ccda8d4b', 'thumbnail_height': 300}}",False,https://open.spotify.com/playlist/6hgmVZh16E4U3plATT10na?si=6ba152b243b545e5,,,
,spotify,[https://open.spotify.com/playlist/1dMsz9VcezNBfSZuP3iDW5?si=a0b7d79b12194a54](https://open.spotify.com/playlist/1dMsz9VcezNBfSZuP3iDW5?si=a0b7d79b12194a54),t2_nmvthkxp,False,,0,False,Mixed Genre but mainly Pop And Rock Travel Playlist - Updated Regularly. Enjoy.,[],r/spotify,False,6,,0,,,False,,t3_19d0709,False,dark,1.0,,2,0,{},,,False,[],,False,False,,{},"Playlist - Theme  (Party, Beach, Study)",False,2,,False,False,,False,,[],{},,,True,public,1705942476.0,text,6,,,text,self.spotify,False,"&lt;!-- SC_OFF --&gt;&lt;div class=""md""&gt;&lt;p&gt;&lt;a href=""https://open.spotify.com/playlist/1dMsz9VcezNBfSZuP3iDW5?si=a0b7d79b12194a54""&gt;https://open.spotify.com/playlist/1dMsz9VcezNBfSZuP3iDW5?si=a0b7d79b12194a54&lt;/a&gt;&lt;/p&gt;
&lt;/div&gt;&lt;!-- SC_ON --&gt;",,,,,False,True,False,False,False,,[],[],False,64fa8956-9fa3-11ea-ba10-0e669a062341,False,False,False,,[],False,,,,t5_2qofj,False,,,,#ffd635,19d0709,True,,iam_gabs,,0,True,all_ads,False,[],False,,/r/spotify/comments/19d0709/mixed_genre_but_mainly_pop_and_rock_travel/,all_ads,False,https://www.reddit.com/r/spotify/comments/19d0709/mixed_genre_but_mainly_pop_and_rock_travel/,1396770,1705942476.0,0,,False,,,,
,spotify,[https://open.spotify.com/user/31d2ppnhlkqjggp6d3ulfa5dq4wa?si=0adc59b7711c485c](https://open.spotify.com/user/31d2ppnhlkqjggp6d3ulfa5dq4wa?si=0adc59b7711c485c),t2_1u8anzjk,False,,0,False,Specialist Acoustic/Folk/Celtic playlists,[],r/spotify,False,6,playlist,0,,,False,,t3_19d58oc,False,dark,1.0,,1,0,{},,,False,[],,False,False,,{},Playlist - Random / Other / No Theme,False,1,,False,False,,False,,[],{},,,True,public,1705954843.0,text,6,,,text,self.spotify,False,"&lt;!-- SC_OFF --&gt;&lt;div class=""md""&gt;&lt;p&gt;&lt;a href=""https://open.spotify.com/user/31d2ppnhlkqjggp6d3ulfa5dq4wa?si=0adc59b7711c485c""&gt;https://open.spotify.com/user/31d2ppnhlkqjggp6d3ulfa5dq4wa?si=0adc59b7711c485c&lt;/a&gt;&lt;/p&gt;
&lt;/div&gt;&lt;!-- SC_ON --&gt;",,,,,False,True,False,False,False,,[],[],False,5fb11b10-99e4-11e9-afa4-0e71ebf0abb0,False,False,False,,[],False,,,,t5_2qofj,False,,,,#46d160,19d58oc,True,,agentphilsimpson,,0,True,all_ads,False,[],False,,/r/spotify/comments/19d58oc/specialist_acousticfolkceltic_playlists/,all_ads,False,https://www.reddit.com/r/spotify/comments/19d58oc/specialist_acousticfolkceltic_playlists/,1396770,1705954843.0,0,,False,,,,
,spotify,,t2_13xx34,False,,0,False,Driving through Twin Peaks,[],r/spotify,False,6,,0,,,False,,t3_19d56ut,False,dark,1.0,,1,0,"{'content': '&lt;iframe class=""embedly-embed"" src=""https://cdn.embedly.com/widgets/media.html?src=https%3A%2F%2Fopen.spotify.com%2Fembed%2Fplaylist%2F1qWzsfMY7y0AG3Gwx15ylr%3Futm_source%3Doembed&amp;display_name=Spotify&amp;url=https%3A%2F%2Fopen.spotify.com%2Fplaylist%2F1qWzsfMY7y0AG3Gwx15ylr&amp;image=https%3A%2F%2Fi.scdn.co%2Fimage%2Fab67706c0000da84ba5ec63da90e219b5d352917&amp;key=2aa3c4d5f3de4f5b9120b660ad850dc9&amp;type=text%2Fhtml&amp;schema=spotify"" width=""456"" height=""352"" scrolling=""no"" title=""Spotify embed"" frameborder=""0"" allow=""autoplay; fullscreen; encrypted-media; picture-in-picture;"" allowfullscreen=""true""&gt;&lt;/iframe&gt;', 'width': 456, 'scrolling': False, 'height': 352}",,,False,[],"{'type': 'open.spotify.com', 'oembed': {'provider_url': 'https://spotify.com', 'description': 'Driving through Twin Peaks · Playlist · 37 songs · 8 likes', 'title': 'Driving through Twin Peaks', 'type': 'rich', 'thumbnail_width': 300, 'height': 352, 'width': 456, 'html': '&lt;iframe class=""embedly-embed"" src=""https://cdn.embedly.com/widgets/media.html?src=https%3A%2F%2Fopen.spotify.com%2Fembed%2Fplaylist%2F1qWzsfMY7y0AG3Gwx15ylr%3Futm_source%3Doembed&amp;display_name=Spotify&amp;url=https%3A%2F%2Fopen.spotify.com%2Fplaylist%2F1qWzsfMY7y0AG3Gwx15ylr&amp;image=https%3A%2F%2Fi.scdn.co%2Fimage%2Fab67706c0000da84ba5ec63da90e219b5d352917&amp;key=2aa3c4d5f3de4f5b9120b660ad850dc9&amp;type=text%2Fhtml&amp;schema=spotify"" width=""456"" height=""352"" scrolling=""no"" title=""Spotify embed"" frameborder=""0"" allow=""autoplay; fullscreen; encrypted-media; picture-in-picture;"" allowfullscreen=""true""&gt;&lt;/iframe&gt;', 'version': '1.0', 'provider_name': 'Spotify', 'thumbnail_url': 'https://i.scdn.co/image/ab67706c0000da84ba5ec63da90e219b5d352917', 'thumbnail_height': 299}}",False,False,,"{'content': '&lt;iframe class=""embedly-embed"" src=""https://cdn.embedly.com/widgets/media.html?src=https%3A%2F%2Fopen.spotify.com%2Fembed%2Fplaylist%2F1qWzsfMY7y0AG3Gwx15ylr%3Futm_source%3Doembed&amp;display_name=Spotify&amp;url=https%3A%2F%2Fopen.spotify.com%2Fplaylist%2F1qWzsfMY7y0AG3Gwx15ylr&amp;image=https%3A%2F%2Fi.scdn.co%2Fimage%2Fab67706c0000da84ba5ec63da90e219b5d352917&amp;key=2aa3c4d5f3de4f5b9120b660ad850dc9&amp;type=text%2Fhtml&amp;schema=spotify"" width=""456"" height=""352"" scrolling=""no"" title=""Spotify embed"" frameborder=""0"" allow=""autoplay; fullscreen; encrypted-media; picture-in-picture;"" allowfullscreen=""true""&gt;&lt;/iframe&gt;', 'width': 456, 'scrolling': False, 'media_domain_url': 'https://www.redditmedia.com/mediaembed/19d56ut', 'height': 352}","Playlist - Theme  (Party, Beach, Study)",False,1,,False,False,,False,,[],{},,,False,public,1705954720.0,text,6,,,text,open.spotify.com,False,,,,,,False,True,False,False,False,,[],[],False,64fa8956-9fa3-11ea-ba10-0e669a062341,False,False,False,,[],False,,,,t5_2qofj,False,,,,#ffd635,19d56ut,True,,Yehhp,,0,True,all_ads,False,[],False,,/r/spotify/comments/19d56ut/driving_through_twin_peaks/,all_ads,False,https://open.spotify.com/playlist/1qWzsfMY7y0AG3Gwx15ylr?si=GTdnJnZfR6Sfo8nfkarlVA,1396770,1705954720.0,0,"{'type': 'open.spotify.com', 'oembed': {'provider_url': 'https://spotify.com', 'description': 'Driving through Twin Peaks · Playlist · 37 songs · 8 likes', 'title': 'Driving through Twin Peaks', 'type': 'rich', 'thumbnail_width': 300, 'height': 352, 'width': 456, 'html': '&lt;iframe class=""embedly-embed"" src=""https://cdn.embedly.com/widgets/media.html?src=https%3A%2F%2Fopen.spotify.com%2Fembed%2Fplaylist%2F1qWzsfMY7y0AG3Gwx15ylr%3Futm_source%3Doembed&amp;display_name=Spotify&amp;url=https%3A%2F%2Fopen.spotify.com%2Fplaylist%2F1qWzsfMY7y0AG3Gwx15ylr&amp;image=https%3A%2F%2Fi.scdn.co%2Fimage%2Fab67706c0000da84ba5ec63da90e219b5d352917&amp;key=2aa3c4d5f3de4f5b9120b660ad850dc9&amp;type=text%2Fhtml&amp;schema=spotify"" width=""456"" height=""352"" scrolling=""no"" title=""Spotify embed"" frameborder=""0"" allow=""autoplay; fullscreen; encrypted-media; picture-in-picture;"" allowfullscreen=""true""&gt;&lt;/iframe&gt;', 'version': '1.0', 'provider_name': 'Spotify', 'thumbnail_url': 'https://i.scdn.co/image/ab67706c0000da84ba5ec63da90e219b5d352917', 'thumbnail_height': 299}}",False,https://open.spotify.com/playlist/1qWzsfMY7y0AG3Gwx15ylr?si=GTdnJnZfR6Sfo8nfkarlVA,,,
,spotify,"I'll start: Kanye West.

his fans are like: ""Oh my God that's the best song ever written so amazing"" and he's saying how he fucked a model with a bleached ass. And they legitimately believe that he's better than Kendrick Lamar for example who literally made the Anthem for the fight against racism,  and even won a Pullitzer Prize for how genius his lyrics are",t2_be6ionr0,False,,0,False,What's the most obnoxious fan base ever?,[],r/spotify,False,6,question,0,,,False,,t3_19c4tut,False,light,0.7,,224,0,{},,,False,[],,False,False,,{},Question / Discussion,False,224,,False,False,,1705848381.0,,[],{},,,True,public,1705848145.0,text,6,,,text,self.spotify,False,"&lt;!-- SC_OFF --&gt;&lt;div class=""md""&gt;&lt;p&gt;I&amp;#39;ll start: Kanye West.&lt;/p&gt;

&lt;p&gt;his fans are like: &amp;quot;Oh my God that&amp;#39;s the best song ever written so amazing&amp;quot; and he&amp;#39;s saying how he fucked a model with a bleached ass. And they legitimately believe that he&amp;#39;s better than Kendrick Lamar for example who literally made the Anthem for the fight against racism,  and even won a Pullitzer Prize for how genius his lyrics are&lt;/p&gt;
&lt;/div&gt;&lt;!-- SC_ON --&gt;",,,,,False,False,False,False,False,,[],[],False,58828680-99e4-11e9-9cfc-0e6137c47742,False,False,False,,[],False,,,,t5_2qofj,False,,,,#d3d6da,19c4tut,True,,SupMan06,,544,True,all_ads,False,[],False,,/r/spotify/comments/19c4tut/whats_the_most_obnoxious_fan_base_ever/,all_ads,False,https://www.reddit.com/r/spotify/comments/19c4tut/whats_the_most_obnoxious_fan_base_ever/,1396770,1705848145.0,0,,False,,,,
,spotify,,t2_dr0w8afd7,False,,0,False,Hot Country 2024,[],r/spotify,False,6,,0,,,False,,t3_19d3tvg,False,dark,1.0,,1,0,"{'content': '&lt;iframe class=""embedly-embed"" src=""https://cdn.embedly.com/widgets/media.html?src=https%3A%2F%2Fopen.spotify.com%2Fembed%2Fplaylist%2F0TRiyeldEoiT0FIhNWKLAM%3Futm_source%3Doembed&amp;display_name=Spotify&amp;url=https%3A%2F%2Fopen.spotify.com%2Fplaylist%2F0TRiyeldEoiT0FIhNWKLAM&amp;image=https%3A%2F%2Fmosaic.scdn.co%2F300%2Fab67616d00001e026e9b10f1d115607533d44137ab67616d00001e02c734a8abb8bfddb0825824a5ab67616d00001e02cf59a62f06c6020a8ed9180bab67616d00001e02edbbadf64fc4be87fc67a139&amp;key=2aa3c4d5f3de4f5b9120b660ad850dc9&amp;type=text%2Fhtml&amp;schema=spotify"" width=""456"" height=""352"" scrolling=""no"" title=""Spotify embed"" frameborder=""0"" allow=""autoplay; fullscreen; encrypted-media; picture-in-picture;"" allowfullscreen=""true""&gt;&lt;/iframe&gt;', 'width': 456, 'scrolling': False, 'height': 352}",,,False,[],"{'type': 'open.spotify.com', 'oembed': {'provider_url': 'https://spotify.com', 'description': 'new country · Playlist · 47 songs', 'title': 'new country', 'type': 'rich', 'thumbnail_width': 300, 'height': 352, 'width': 456, 'html': '&lt;iframe class=""embedly-embed"" src=""https://cdn.embedly.com/widgets/media.html?src=https%3A%2F%2Fopen.spotify.com%2Fembed%2Fplaylist%2F0TRiyeldEoiT0FIhNWKLAM%3Futm_source%3Doembed&amp;display_name=Spotify&amp;url=https%3A%2F%2Fopen.spotify.com%2Fplaylist%2F0TRiyeldEoiT0FIhNWKLAM&amp;image=https%3A%2F%2Fmosaic.scdn.co%2F300%2Fab67616d00001e026e9b10f1d115607533d44137ab67616d00001e02c734a8abb8bfddb0825824a5ab67616d00001e02cf59a62f06c6020a8ed9180bab67616d00001e02edbbadf64fc4be87fc67a139&amp;key=2aa3c4d5f3de4f5b9120b660ad850dc9&amp;type=text%2Fhtml&amp;schema=spotify"" width=""456"" height=""352"" scrolling=""no"" title=""Spotify embed"" frameborder=""0"" allow=""autoplay; fullscreen; encrypted-media; picture-in-picture;"" allowfullscreen=""true""&gt;&lt;/iframe&gt;', 'version': '1.0', 'provider_name': 'Spotify', 'thumbnail_url': 'https://mosaic.scdn.co/300/ab67616d00001e026e9b10f1d115607533d44137ab67616d00001e02c734a8abb8bfddb0825824a5ab67616d00001e02cf59a62f06c6020a8ed9180bab67616d00001e02edbbadf64fc4be87fc67a139', 'thumbnail_height': 300}}",False,False,,"{'content': '&lt;iframe class=""embedly-embed"" src=""https://cdn.embedly.com/widgets/media.html?src=https%3A%2F%2Fopen.spotify.com%2Fembed%2Fplaylist%2F0TRiyeldEoiT0FIhNWKLAM%3Futm_source%3Doembed&amp;display_name=Spotify&amp;url=https%3A%2F%2Fopen.spotify.com%2Fplaylist%2F0TRiyeldEoiT0FIhNWKLAM&amp;image=https%3A%2F%2Fmosaic.scdn.co%2F300%2Fab67616d00001e026e9b10f1d115607533d44137ab67616d00001e02c734a8abb8bfddb0825824a5ab67616d00001e02cf59a62f06c6020a8ed9180bab67616d00001e02edbbadf64fc4be87fc67a139&amp;key=2aa3c4d5f3de4f5b9120b660ad850dc9&amp;type=text%2Fhtml&amp;schema=spotify"" width=""456"" height=""352"" scrolling=""no"" title=""Spotify embed"" frameborder=""0"" allow=""autoplay; fullscreen; encrypted-media; picture-in-picture;"" allowfullscreen=""true""&gt;&lt;/iframe&gt;', 'width': 456, 'scrolling': False, 'media_domain_url': 'https://www.redditmedia.com/mediaembed/19d3tvg', 'height': 352}",Playlist - Country,False,1,,False,False,,False,,[],{},,,False,public,1705951315.0,text,6,,,text,open.spotify.com,False,,,,,,False,True,False,False,False,,[],[],False,031deefa-9fa1-11ea-8e2a-0ed86827466f,False,False,False,,[],False,,,,t5_2qofj,False,,,,#0dd3bb,19d3tvg,True,,Individual-Insect722,,0,True,all_ads,False,[],False,,/r/spotify/comments/19d3tvg/hot_country_2024/,all_ads,False,https://open.spotify.com/playlist/0TRiyeldEoiT0FIhNWKLAM?si=eUkynLsIRY-_EFO70i5VdQ,1396770,1705951315.0,0,"{'type': 'open.spotify.com', 'oembed': {'provider_url': 'https://spotify.com', 'description': 'new country · Playlist · 47 songs', 'title': 'new country', 'type': 'rich', 'thumbnail_width': 300, 'height': 352, 'width': 456, 'html': '&lt;iframe class=""embedly-embed"" src=""https://cdn.embedly.com/widgets/media.html?src=https%3A%2F%2Fopen.spotify.com%2Fembed%2Fplaylist%2F0TRiyeldEoiT0FIhNWKLAM%3Futm_source%3Doembed&amp;display_name=Spotify&amp;url=https%3A%2F%2Fopen.spotify.com%2Fplaylist%2F0TRiyeldEoiT0FIhNWKLAM&amp;image=https%3A%2F%2Fmosaic.scdn.co%2F300%2Fab67616d00001e026e9b10f1d115607533d44137ab67616d00001e02c734a8abb8bfddb0825824a5ab67616d00001e02cf59a62f06c6020a8ed9180bab67616d00001e02edbbadf64fc4be87fc67a139&amp;key=2aa3c4d5f3de4f5b9120b660ad850dc9&amp;type=text%2Fhtml&amp;schema=spotify"" width=""456"" height=""352"" scrolling=""no"" title=""Spotify embed"" frameborder=""0"" allow=""autoplay; fullscreen; encrypted-media; picture-in-picture;"" allowfullscreen=""true""&gt;&lt;/iframe&gt;', 'version': '1.0', 'provider_name': 'Spotify', 'thumbnail_url': 'https://mosaic.scdn.co/300/ab67616d00001e026e9b10f1d115607533d44137ab67616d00001e02c734a8abb8bfddb0825824a5ab67616d00001e02cf59a62f06c6020a8ed9180bab67616d00001e02edbbadf64fc4be87fc67a139', 'thumbnail_height': 300}}",False,https://open.spotify.com/playlist/0TRiyeldEoiT0FIhNWKLAM?si=eUkynLsIRY-_EFO70i5VdQ,,,
,spotify,"Hello,

I'm looking for a playlist to listen to while reading manga. Right now I'm reading ""Tokyo Ghoul"" but other times I read, action or romance. What playlist could you recommend or share?

&amp;#x200B;

I like female voice. More into the 90s-2010 music but I'm also open to everything. Sometimes I also like the music that my wife listens (""The boy who murdered love""

&amp;#x200B;

I just dislike Hip-hop, rap, lofi chill songs, metal, house.

&amp;#x200B;

Thank you",t2_5hk3oxpg,False,,0,False,Could you share a playlist for reading Manga?,[],r/spotify,False,6,favors,0,,,False,,t3_19d2h4y,False,dark,1.0,,1,0,{},,,False,[],,False,False,,{},[REQUEST] Playlists / Songs / Artists / Albums ,False,1,,False,False,,False,,[],{},,,True,public,1705947965.0,text,6,,,text,self.spotify,False,"&lt;!-- SC_OFF --&gt;&lt;div class=""md""&gt;&lt;p&gt;Hello,&lt;/p&gt;

&lt;p&gt;I&amp;#39;m looking for a playlist to listen to while reading manga. Right now I&amp;#39;m reading &amp;quot;Tokyo Ghoul&amp;quot; but other times I read, action or romance. What playlist could you recommend or share?&lt;/p&gt;

&lt;p&gt;&amp;#x200B;&lt;/p&gt;

&lt;p&gt;I like female voice. More into the 90s-2010 music but I&amp;#39;m also open to everything. Sometimes I also like the music that my wife listens (&amp;quot;The boy who murdered love&amp;quot;&lt;/p&gt;

&lt;p&gt;&amp;#x200B;&lt;/p&gt;

&lt;p&gt;I just dislike Hip-hop, rap, lofi chill songs, metal, house.&lt;/p&gt;

&lt;p&gt;&amp;#x200B;&lt;/p&gt;

&lt;p&gt;Thank you&lt;/p&gt;
&lt;/div&gt;&lt;!-- SC_ON --&gt;",,,,,False,True,False,False,False,,[],[],False,b188c2f4-9a2e-11e9-9464-0e9d067aecce,False,False,False,,[],False,,,,t5_2qofj,False,,,,#94e044,19d2h4y,True,,Sybeiria,,0,True,all_ads,False,[],False,,/r/spotify/comments/19d2h4y/could_you_share_a_playlist_for_reading_manga/,all_ads,False,https://www.reddit.com/r/spotify/comments/19d2h4y/could_you_share_a_playlist_for_reading_manga/,1396770,1705947965.0,0,,False,,,,
,spotify,,t2_xvrz0df,False,,0,False,Trance Energy,[],r/spotify,False,6,,0,,,False,,t3_19cwkh1,False,dark,1.0,,2,0,"{'content': '&lt;iframe class=""embedly-embed"" src=""https://cdn.embedly.com/widgets/media.html?src=https%3A%2F%2Fopen.spotify.com%2Fembed%2Fplaylist%2F4vU1DA8Q3xIYZJAC0K27Kz%3Futm_source%3Doembed&amp;display_name=Spotify&amp;url=https%3A%2F%2Fopen.spotify.com%2Fplaylist%2F4vU1DA8Q3xIYZJAC0K27Kz&amp;image=https%3A%2F%2Fi.scdn.co%2Fimage%2Fab67706c0000da84d88d3885f10263a0c4ea399b&amp;key=2aa3c4d5f3de4f5b9120b660ad850dc9&amp;type=text%2Fhtml&amp;schema=spotify"" width=""456"" height=""352"" scrolling=""no"" title=""Spotify embed"" frameborder=""0"" allow=""autoplay; fullscreen; encrypted-media; picture-in-picture;"" allowfullscreen=""true""&gt;&lt;/iframe&gt;', 'width': 456, 'scrolling': False, 'height': 352}",,,False,[],"{'type': 'open.spotify.com', 'oembed': {'provider_url': 'https://spotify.com', 'description': 'Trance Energy · Playlist · 100 songs · 46 likes', 'title': 'Trance Energy', 'type': 'rich', 'thumbnail_width': 300, 'height': 352, 'width': 456, 'html': '&lt;iframe class=""embedly-embed"" src=""https://cdn.embedly.com/widgets/media.html?src=https%3A%2F%2Fopen.spotify.com%2Fembed%2Fplaylist%2F4vU1DA8Q3xIYZJAC0K27Kz%3Futm_source%3Doembed&amp;display_name=Spotify&amp;url=https%3A%2F%2Fopen.spotify.com%2Fplaylist%2F4vU1DA8Q3xIYZJAC0K27Kz&amp;image=https%3A%2F%2Fi.scdn.co%2Fimage%2Fab67706c0000da84d88d3885f10263a0c4ea399b&amp;key=2aa3c4d5f3de4f5b9120b660ad850dc9&amp;type=text%2Fhtml&amp;schema=spotify"" width=""456"" height=""352"" scrolling=""no"" title=""Spotify embed"" frameborder=""0"" allow=""autoplay; fullscreen; encrypted-media; picture-in-picture;"" allowfullscreen=""true""&gt;&lt;/iframe&gt;', 'version': '1.0', 'provider_name': 'Spotify', 'thumbnail_url': 'https://i.scdn.co/image/ab67706c0000da84d88d3885f10263a0c4ea399b', 'thumbnail_height': 300}}",False,False,,"{'content': '&lt;iframe class=""embedly-embed"" src=""https://cdn.embedly.com/widgets/media.html?src=https%3A%2F%2Fopen.spotify.com%2Fembed%2Fplaylist%2F4vU1DA8Q3xIYZJAC0K27Kz%3Futm_source%3Doembed&amp;display_name=Spotify&amp;url=https%3A%2F%2Fopen.spotify.com%2Fplaylist%2F4vU1DA8Q3xIYZJAC0K27Kz&amp;image=https%3A%2F%2Fi.scdn.co%2Fimage%2Fab67706c0000da84d88d3885f10263a0c4ea399b&amp;key=2aa3c4d5f3de4f5b9120b660ad850dc9&amp;type=text%2Fhtml&amp;schema=spotify"" width=""456"" height=""352"" scrolling=""no"" title=""Spotify embed"" frameborder=""0"" allow=""autoplay; fullscreen; encrypted-media; picture-in-picture;"" allowfullscreen=""true""&gt;&lt;/iframe&gt;', 'width': 456, 'scrolling': False, 'media_domain_url': 'https://www.redditmedia.com/mediaembed/19cwkh1', 'height': 352}",Playlist - Electronic / EDM / Dance,False,2,,False,False,,False,,[],{},,,False,public,1705932886.0,text,6,,,text,open.spotify.com,False,,,,,,False,False,False,False,False,,[],[],False,0cbd2a8e-9fa1-11ea-8e59-0e59b1c879f3,False,False,False,,[],False,,,,t5_2qofj,False,,,,#7193ff,19cwkh1,True,,AddyEPM,,0,True,all_ads,False,[],False,,/r/spotify/comments/19cwkh1/trance_energy/,all_ads,False,https://open.spotify.com/playlist/4vU1DA8Q3xIYZJAC0K27Kz?si=014b7ae7f7b64cc9,1396770,1705932886.0,0,"{'type': 'open.spotify.com', 'oembed': {'provider_url': 'https://spotify.com', 'description': 'Trance Energy · Playlist · 100 songs · 46 likes', 'title': 'Trance Energy', 'type': 'rich', 'thumbnail_width': 300, 'height': 352, 'width': 456, 'html': '&lt;iframe class=""embedly-embed"" src=""https://cdn.embedly.com/widgets/media.html?src=https%3A%2F%2Fopen.spotify.com%2Fembed%2Fplaylist%2F4vU1DA8Q3xIYZJAC0K27Kz%3Futm_source%3Doembed&amp;display_name=Spotify&amp;url=https%3A%2F%2Fopen.spotify.com%2Fplaylist%2F4vU1DA8Q3xIYZJAC0K27Kz&amp;image=https%3A%2F%2Fi.scdn.co%2Fimage%2Fab67706c0000da84d88d3885f10263a0c4ea399b&amp;key=2aa3c4d5f3de4f5b9120b660ad850dc9&amp;type=text%2Fhtml&amp;schema=spotify"" width=""456"" height=""352"" scrolling=""no"" title=""Spotify embed"" frameborder=""0"" allow=""autoplay; fullscreen; encrypted-media; picture-in-picture;"" allowfullscreen=""true""&gt;&lt;/iframe&gt;', 'version': '1.0', 'provider_name': 'Spotify', 'thumbnail_url': 'https://i.scdn.co/image/ab67706c0000da84d88d3885f10263a0c4ea399b', 'thumbnail_height': 300}}",False,https://open.spotify.com/playlist/4vU1DA8Q3xIYZJAC0K27Kz?si=014b7ae7f7b64cc9,,,
,spotify,,t2_7sh2bkabv,False,,0,False,"vibe out to some neo-soul, R&amp;B, and chill beats",[],r/spotify,False,6,,0,,,False,,t3_19d1kie,False,dark,1.0,,1,0,"{'content': '&lt;iframe class=""embedly-embed"" src=""https://cdn.embedly.com/widgets/media.html?src=https%3A%2F%2Fopen.spotify.com%2Fembed%2Fplaylist%2F6qku5N1Dcob6PIjHU8VL0j%3Futm_source%3Doembed&amp;display_name=Spotify&amp;url=https%3A%2F%2Fopen.spotify.com%2Fplaylist%2F6qku5N1Dcob6PIjHU8VL0j&amp;image=https%3A%2F%2Fi.scdn.co%2Fimage%2Fab67706c0000da84ba934e7cf2d8b31e3bae8ef4&amp;key=2aa3c4d5f3de4f5b9120b660ad850dc9&amp;type=text%2Fhtml&amp;schema=spotify"" width=""456"" height=""352"" scrolling=""no"" title=""Spotify embed"" frameborder=""0"" allow=""autoplay; fullscreen; encrypted-media; picture-in-picture;"" allowfullscreen=""true""&gt;&lt;/iframe&gt;', 'width': 456, 'scrolling': False, 'height': 352}",,,False,[],"{'type': 'open.spotify.com', 'oembed': {'provider_url': 'https://spotify.com', 'description': '34 Melange · Playlist · 363 songs · 25 likes', 'title': '34 Melange', 'type': 'rich', 'thumbnail_width': 300, 'height': 352, 'width': 456, 'html': '&lt;iframe class=""embedly-embed"" src=""https://cdn.embedly.com/widgets/media.html?src=https%3A%2F%2Fopen.spotify.com%2Fembed%2Fplaylist%2F6qku5N1Dcob6PIjHU8VL0j%3Futm_source%3Doembed&amp;display_name=Spotify&amp;url=https%3A%2F%2Fopen.spotify.com%2Fplaylist%2F6qku5N1Dcob6PIjHU8VL0j&amp;image=https%3A%2F%2Fi.scdn.co%2Fimage%2Fab67706c0000da84ba934e7cf2d8b31e3bae8ef4&amp;key=2aa3c4d5f3de4f5b9120b660ad850dc9&amp;type=text%2Fhtml&amp;schema=spotify"" width=""456"" height=""352"" scrolling=""no"" title=""Spotify embed"" frameborder=""0"" allow=""autoplay; fullscreen; encrypted-media; picture-in-picture;"" allowfullscreen=""true""&gt;&lt;/iframe&gt;', 'version': '1.0', 'provider_name': 'Spotify', 'thumbnail_url': 'https://i.scdn.co/image/ab67706c0000da84ba934e7cf2d8b31e3bae8ef4', 'thumbnail_height': 300}}",False,False,,"{'content': '&lt;iframe class=""embedly-embed"" src=""https://cdn.embedly.com/widgets/media.html?src=https%3A%2F%2Fopen.spotify.com%2Fembed%2Fplaylist%2F6qku5N1Dcob6PIjHU8VL0j%3Futm_source%3Doembed&amp;display_name=Spotify&amp;url=https%3A%2F%2Fopen.spotify.com%2Fplaylist%2F6qku5N1Dcob6PIjHU8VL0j&amp;image=https%3A%2F%2Fi.scdn.co%2Fimage%2Fab67706c0000da84ba934e7cf2d8b31e3bae8ef4&amp;key=2aa3c4d5f3de4f5b9120b660ad850dc9&amp;type=text%2Fhtml&amp;schema=spotify"" width=""456"" height=""352"" scrolling=""no"" title=""Spotify embed"" frameborder=""0"" allow=""autoplay; fullscreen; encrypted-media; picture-in-picture;"" allowfullscreen=""true""&gt;&lt;/iframe&gt;', 'width': 456, 'scrolling': False, 'media_domain_url': 'https://www.redditmedia.com/mediaembed/19d1kie', 'height': 352}","Playlist - Mood/Feeling (Chill, Lofi, Uplifting)",False,1,,False,False,,False,,[],{},,,False,public,1705945785.0,text,6,,,text,open.spotify.com,False,,,,,,False,True,False,False,False,,[],[],False,ede46e42-9fa0-11ea-8c94-0e70d5715363,False,False,False,,[],False,,,,t5_2qofj,False,,,,#c300c1,19d1kie,True,,full_variant,,0,True,all_ads,False,[],False,,/r/spotify/comments/19d1kie/vibe_out_to_some_neosoul_rb_and_chill_beats/,all_ads,False,https://open.spotify.com/playlist/6qku5N1Dcob6PIjHU8VL0j?si=882cab19bf4f432a,1396770,1705945785.0,0,"{'type': 'open.spotify.com', 'oembed': {'provider_url': 'https://spotify.com', 'description': '34 Melange · Playlist · 363 songs · 25 likes', 'title': '34 Melange', 'type': 'rich', 'thumbnail_width': 300, 'height': 352, 'width': 456, 'html': '&lt;iframe class=""embedly-embed"" src=""https://cdn.embedly.com/widgets/media.html?src=https%3A%2F%2Fopen.spotify.com%2Fembed%2Fplaylist%2F6qku5N1Dcob6PIjHU8VL0j%3Futm_source%3Doembed&amp;display_name=Spotify&amp;url=https%3A%2F%2Fopen.spotify.com%2Fplaylist%2F6qku5N1Dcob6PIjHU8VL0j&amp;image=https%3A%2F%2Fi.scdn.co%2Fimage%2Fab67706c0000da84ba934e7cf2d8b31e3bae8ef4&amp;key=2aa3c4d5f3de4f5b9120b660ad850dc9&amp;type=text%2Fhtml&amp;schema=spotify"" width=""456"" height=""352"" scrolling=""no"" title=""Spotify embed"" frameborder=""0"" allow=""autoplay; fullscreen; encrypted-media; picture-in-picture;"" allowfullscreen=""true""&gt;&lt;/iframe&gt;', 'version': '1.0', 'provider_name': 'Spotify', 'thumbnail_url': 'https://i.scdn.co/image/ab67706c0000da84ba934e7cf2d8b31e3bae8ef4', 'thumbnail_height': 300}}",False,https://open.spotify.com/playlist/6qku5N1Dcob6PIjHU8VL0j?si=882cab19bf4f432a,,,
,spotify,"Yeah we can show off our playlists, but wouldn't it also be awesome to have a section for your favorite albums? Almost like a collection of sorts? I know a lot of people who don't make playlists and listen to albums from start to finish instead. I do them both.

What do you think?",t2_as0at9r,False,,0,False,Add The Feature To Add Your Favorite Albums To Your Profile,[],r/spotify,False,6,question,0,,,False,,t3_19ctuv2,False,light,1.0,,3,0,{},,,False,[],,False,False,,{},Question / Discussion,False,3,,False,False,,False,,[],{},,,True,public,1705924117.0,text,6,,,text,self.spotify,False,"&lt;!-- SC_OFF --&gt;&lt;div class=""md""&gt;&lt;p&gt;Yeah we can show off our playlists, but wouldn&amp;#39;t it also be awesome to have a section for your favorite albums? Almost like a collection of sorts? I know a lot of people who don&amp;#39;t make playlists and listen to albums from start to finish instead. I do them both.&lt;/p&gt;

&lt;p&gt;What do you think?&lt;/p&gt;
&lt;/div&gt;&lt;!-- SC_ON --&gt;",,,,,False,False,False,False,False,,[],[],False,58828680-99e4-11e9-9cfc-0e6137c47742,False,False,False,,[],False,,,,t5_2qofj,False,,,,#d3d6da,19ctuv2,True,,molten07,,2,True,all_ads,False,[],False,,/r/spotify/comments/19ctuv2/add_the_feature_to_add_your_favorite_albums_to/,all_ads,False,https://www.reddit.com/r/spotify/comments/19ctuv2/add_the_feature_to_add_your_favorite_albums_to/,1396770,1705924117.0,0,,False,,,,
,spotify,"This song, [linked here](https://open.spotify.com/track/0gNXY64y1CKoNsIo96WuLn?si=9724370cfa5444a3), is titled as ""Leave A  Little Love"" by Alesso &amp; Armin van Buuren.  

When that song is clicked and played, the album art changes and a different song is played but the title and artist remain the same. Refer to this screenshot showing the original album artwork vs the different album artwork when played.  

https://preview.redd.it/vjwedikz01ec1.jpg?width=2256&amp;format=pjpg&amp;auto=webp&amp;s=4aedd5bc8019b6cf433f8876647f7bcdb122eff5

If you play the song from Spotify, then go to [YouTube](https://www.youtube.com/watch?v=JGtlP0Vzuq4), you will hear that the songs are different.  

I happen to like the different song, but I can't figure out what the original title/artist is. I have tried using Shazam, SoundHound, and Google. I have also tried to reverse image search the different album art, but can't identify any results.  

Is anyone able to help my identify what the different song ID is?",t2_91hb5,False,,0,False,Help identifying mislabeled track ID,[],r/spotify,False,6,favors,0,,,False,"{'vjwedikz01ec1': {'status': 'valid', 'e': 'Image', 'm': 'image/jpg', 'p': [{'y': 68, 'x': 108, 'u': 'https://preview.redd.it/vjwedikz01ec1.jpg?width=108&amp;crop=smart&amp;auto=webp&amp;s=22ee4df5cb4d90954d6fa2df5a6f28604ff8b626'}, {'y': 137, 'x': 216, 'u': 'https://preview.redd.it/vjwedikz01ec1.jpg?width=216&amp;crop=smart&amp;auto=webp&amp;s=32bea564671b6f608be1c2bc270d9d213d36ba0a'}, {'y': 203, 'x': 320, 'u': 'https://preview.redd.it/vjwedikz01ec1.jpg?width=320&amp;crop=smart&amp;auto=webp&amp;s=18cedd99017ccb69231e42ebb70b88faaa85c1e6'}, {'y': 406, 'x': 640, 'u': 'https://preview.redd.it/vjwedikz01ec1.jpg?width=640&amp;crop=smart&amp;auto=webp&amp;s=b7ded87c0b71bb501169eda8b6445bd884d023b4'}, {'y': 609, 'x': 960, 'u': 'https://preview.redd.it/vjwedikz01ec1.jpg?width=960&amp;crop=smart&amp;auto=webp&amp;s=e01edfa2902e6e33df917ceac6d843aa965ce03a'}, {'y': 686, 'x': 1080, 'u': 'https://preview.redd.it/vjwedikz01ec1.jpg?width=1080&amp;crop=smart&amp;auto=webp&amp;s=53c164afb8e6645c7e658f3b3e1c4b5f1c859989'}], 's': {'y': 1433, 'x': 2256, 'u': 'https://preview.redd.it/vjwedikz01ec1.jpg?width=2256&amp;format=pjpg&amp;auto=webp&amp;s=4aedd5bc8019b6cf433f8876647f7bcdb122eff5'}, 'id': 'vjwedikz01ec1'}}",t3_19d12im,False,dark,1.0,,1,0,"{'content': '&lt;iframe class=""embedly-embed"" src=""https://cdn.embedly.com/widgets/media.html?src=https%3A%2F%2Fopen.spotify.com%2Fembed%2Ftrack%2F0gNXY64y1CKoNsIo96WuLn%3Futm_source%3Doembed&amp;display_name=Spotify&amp;url=https%3A%2F%2Fopen.spotify.com%2Ftrack%2F0gNXY64y1CKoNsIo96WuLn&amp;image=https%3A%2F%2Fi.scdn.co%2Fimage%2Fab67616d00001e0281409778f69c4258adad7b3f&amp;key=2aa3c4d5f3de4f5b9120b660ad850dc9&amp;type=text%2Fhtml&amp;schema=spotify"" width=""456"" height=""152"" scrolling=""no"" title=""Spotify embed"" frameborder=""0"" allow=""autoplay; fullscreen; encrypted-media; picture-in-picture;"" allowfullscreen=""true""&gt;&lt;/iframe&gt;', 'width': 456, 'scrolling': False, 'height': 152}",,,False,[],"{'type': 'open.spotify.com', 'oembed': {'provider_url': 'https://spotify.com', 'description': 'Listen to Leave A Little Love on Spotify. Alesso, Armin van Buuren · Song · 2021.', 'title': 'Leave A Little Love', 'type': 'rich', 'thumbnail_width': 300, 'height': 152, 'width': 456, 'html': '&lt;iframe class=""embedly-embed"" src=""https://cdn.embedly.com/widgets/media.html?src=https%3A%2F%2Fopen.spotify.com%2Fembed%2Ftrack%2F0gNXY64y1CKoNsIo96WuLn%3Futm_source%3Doembed&amp;display_name=Spotify&amp;url=https%3A%2F%2Fopen.spotify.com%2Ftrack%2F0gNXY64y1CKoNsIo96WuLn&amp;image=https%3A%2F%2Fi.scdn.co%2Fimage%2Fab67616d00001e0281409778f69c4258adad7b3f&amp;key=2aa3c4d5f3de4f5b9120b660ad850dc9&amp;type=text%2Fhtml&amp;schema=spotify"" width=""456"" height=""152"" scrolling=""no"" title=""Spotify embed"" frameborder=""0"" allow=""autoplay; fullscreen; encrypted-media; picture-in-picture;"" allowfullscreen=""true""&gt;&lt;/iframe&gt;', 'version': '1.0', 'provider_name': 'Spotify', 'thumbnail_url': 'https://i.scdn.co/image/ab67616d00001e0281409778f69c4258adad7b3f', 'thumbnail_height': 300}}",False,False,,"{'content': '&lt;iframe class=""embedly-embed"" src=""https://cdn.embedly.com/widgets/media.html?src=https%3A%2F%2Fopen.spotify.com%2Fembed%2Ftrack%2F0gNXY64y1CKoNsIo96WuLn%3Futm_source%3Doembed&amp;display_name=Spotify&amp;url=https%3A%2F%2Fopen.spotify.com%2Ftrack%2F0gNXY64y1CKoNsIo96WuLn&amp;image=https%3A%2F%2Fi.scdn.co%2Fimage%2Fab67616d00001e0281409778f69c4258adad7b3f&amp;key=2aa3c4d5f3de4f5b9120b660ad850dc9&amp;type=text%2Fhtml&amp;schema=spotify"" width=""456"" height=""152"" scrolling=""no"" title=""Spotify embed"" frameborder=""0"" allow=""autoplay; fullscreen; encrypted-media; picture-in-picture;"" allowfullscreen=""true""&gt;&lt;/iframe&gt;', 'width': 456, 'scrolling': False, 'media_domain_url': 'https://www.redditmedia.com/mediaembed/19d12im', 'height': 152}",[REQUEST] Playlists / Songs / Artists / Albums ,False,1,,False,False,,False,,[],{},,,True,public,1705944600.0,text,6,,,text,self.spotify,False,"&lt;!-- SC_OFF --&gt;&lt;div class=""md""&gt;&lt;p&gt;This song, &lt;a href=""https://open.spotify.com/track/0gNXY64y1CKoNsIo96WuLn?si=9724370cfa5444a3""&gt;linked here&lt;/a&gt;, is titled as &amp;quot;Leave A  Little Love&amp;quot; by Alesso &amp;amp; Armin van Buuren.  &lt;/p&gt;

&lt;p&gt;When that song is clicked and played, the album art changes and a different song is played but the title and artist remain the same. Refer to this screenshot showing the original album artwork vs the different album artwork when played.  &lt;/p&gt;

&lt;p&gt;&lt;a href=""https://preview.redd.it/vjwedikz01ec1.jpg?width=2256&amp;amp;format=pjpg&amp;amp;auto=webp&amp;amp;s=4aedd5bc8019b6cf433f8876647f7bcdb122eff5""&gt;https://preview.redd.it/vjwedikz01ec1.jpg?width=2256&amp;amp;format=pjpg&amp;amp;auto=webp&amp;amp;s=4aedd5bc8019b6cf433f8876647f7bcdb122eff5&lt;/a&gt;&lt;/p&gt;

&lt;p&gt;If you play the song from Spotify, then go to &lt;a href=""https://www.youtube.com/watch?v=JGtlP0Vzuq4""&gt;YouTube&lt;/a&gt;, you will hear that the songs are different.  &lt;/p&gt;

&lt;p&gt;I happen to like the different song, but I can&amp;#39;t figure out what the original title/artist is. I have tried using Shazam, SoundHound, and Google. I have also tried to reverse image search the different album art, but can&amp;#39;t identify any results.  &lt;/p&gt;

&lt;p&gt;Is anyone able to help my identify what the different song ID is?&lt;/p&gt;
&lt;/div&gt;&lt;!-- SC_ON --&gt;",,,,,False,True,False,False,False,,[],[],False,b188c2f4-9a2e-11e9-9464-0e9d067aecce,False,False,False,,[],False,,,,t5_2qofj,False,,,,#94e044,19d12im,True,,3gcb,,0,True,all_ads,False,[],False,,/r/spotify/comments/19d12im/help_identifying_mislabeled_track_id/,all_ads,False,https://www.reddit.com/r/spotify/comments/19d12im/help_identifying_mislabeled_track_id/,1396770,1705944600.0,0,"{'type': 'open.spotify.com', 'oembed': {'provider_url': 'https://spotify.com', 'description': 'Listen to Leave A Little Love on Spotify. Alesso, Armin van Buuren · Song · 2021.', 'title': 'Leave A Little Love', 'type': 'rich', 'thumbnail_width': 300, 'height': 152, 'width': 456, 'html': '&lt;iframe class=""embedly-embed"" src=""https://cdn.embedly.com/widgets/media.html?src=https%3A%2F%2Fopen.spotify.com%2Fembed%2Ftrack%2F0gNXY64y1CKoNsIo96WuLn%3Futm_source%3Doembed&amp;display_name=Spotify&amp;url=https%3A%2F%2Fopen.spotify.com%2Ftrack%2F0gNXY64y1CKoNsIo96WuLn&amp;image=https%3A%2F%2Fi.scdn.co%2Fimage%2Fab67616d00001e0281409778f69c4258adad7b3f&amp;key=2aa3c4d5f3de4f5b9120b660ad850dc9&amp;type=text%2Fhtml&amp;schema=spotify"" width=""456"" height=""152"" scrolling=""no"" title=""Spotify embed"" frameborder=""0"" allow=""autoplay; fullscreen; encrypted-media; picture-in-picture;"" allowfullscreen=""true""&gt;&lt;/iframe&gt;', 'version': '1.0', 'provider_name': 'Spotify', 'thumbnail_url': 'https://i.scdn.co/image/ab67616d00001e0281409778f69c4258adad7b3f', 'thumbnail_height': 300}}",False,,,,
,spotify,,t2_l7oqolkg,False,,0,False,Palworld Lofi and Chill (2024),[],r/spotify,False,6,,0,,,False,,t3_19d092i,False,dark,0.5,,0,0,"{'content': '&lt;iframe class=""embedly-embed"" src=""https://cdn.embedly.com/widgets/media.html?src=https%3A%2F%2Fopen.spotify.com%2Fembed%2Fplaylist%2F5AfE6igAtaC40Pdg5RpkZw%3Futm_source%3Doembed&amp;display_name=Spotify&amp;url=https%3A%2F%2Fopen.spotify.com%2Fplaylist%2F5AfE6igAtaC40Pdg5RpkZw&amp;image=https%3A%2F%2Fi.scdn.co%2Fimage%2Fab67706c0000da84375eae9f074d9bc7dbab0084&amp;key=2aa3c4d5f3de4f5b9120b660ad850dc9&amp;type=text%2Fhtml&amp;schema=spotify"" width=""456"" height=""352"" scrolling=""no"" title=""Spotify embed"" frameborder=""0"" allow=""autoplay; fullscreen; encrypted-media; picture-in-picture;"" allowfullscreen=""true""&gt;&lt;/iframe&gt;', 'width': 456, 'scrolling': False, 'height': 352}",,,False,[],"{'type': 'open.spotify.com', 'oembed': {'provider_url': 'https://spotify.com', 'description': 'Palworld Lofi and Chill (2024) · Playlist · 234 songs', 'title': 'Palworld Lofi and Chill (2024)', 'type': 'rich', 'thumbnail_width': 300, 'height': 352, 'width': 456, 'html': '&lt;iframe class=""embedly-embed"" src=""https://cdn.embedly.com/widgets/media.html?src=https%3A%2F%2Fopen.spotify.com%2Fembed%2Fplaylist%2F5AfE6igAtaC40Pdg5RpkZw%3Futm_source%3Doembed&amp;display_name=Spotify&amp;url=https%3A%2F%2Fopen.spotify.com%2Fplaylist%2F5AfE6igAtaC40Pdg5RpkZw&amp;image=https%3A%2F%2Fi.scdn.co%2Fimage%2Fab67706c0000da84375eae9f074d9bc7dbab0084&amp;key=2aa3c4d5f3de4f5b9120b660ad850dc9&amp;type=text%2Fhtml&amp;schema=spotify"" width=""456"" height=""352"" scrolling=""no"" title=""Spotify embed"" frameborder=""0"" allow=""autoplay; fullscreen; encrypted-media; picture-in-picture;"" allowfullscreen=""true""&gt;&lt;/iframe&gt;', 'version': '1.0', 'provider_name': 'Spotify', 'thumbnail_url': 'https://i.scdn.co/image/ab67706c0000da84375eae9f074d9bc7dbab0084', 'thumbnail_height': 270}}",False,False,,"{'content': '&lt;iframe class=""embedly-embed"" src=""https://cdn.embedly.com/widgets/media.html?src=https%3A%2F%2Fopen.spotify.com%2Fembed%2Fplaylist%2F5AfE6igAtaC40Pdg5RpkZw%3Futm_source%3Doembed&amp;display_name=Spotify&amp;url=https%3A%2F%2Fopen.spotify.com%2Fplaylist%2F5AfE6igAtaC40Pdg5RpkZw&amp;image=https%3A%2F%2Fi.scdn.co%2Fimage%2Fab67706c0000da84375eae9f074d9bc7dbab0084&amp;key=2aa3c4d5f3de4f5b9120b660ad850dc9&amp;type=text%2Fhtml&amp;schema=spotify"" width=""456"" height=""352"" scrolling=""no"" title=""Spotify embed"" frameborder=""0"" allow=""autoplay; fullscreen; encrypted-media; picture-in-picture;"" allowfullscreen=""true""&gt;&lt;/iframe&gt;', 'width': 456, 'scrolling': False, 'media_domain_url': 'https://www.redditmedia.com/mediaembed/19d092i', 'height': 352}","Playlist - Mood/Feeling (Chill, Lofi, Uplifting)",False,0,,False,False,,False,,[],{},,,False,public,1705942613.0,text,6,,,text,open.spotify.com,False,,,,,,False,True,False,False,False,,[],[],False,ede46e42-9fa0-11ea-8c94-0e70d5715363,False,False,False,,[],False,,,,t5_2qofj,False,,,,#c300c1,19d092i,True,,Vitor_Ottoni,,0,True,all_ads,False,[],False,,/r/spotify/comments/19d092i/palworld_lofi_and_chill_2024/,all_ads,False,https://open.spotify.com/playlist/5AfE6igAtaC40Pdg5RpkZw?si=b8089911de874f20,1396770,1705942613.0,0,"{'type': 'open.spotify.com', 'oembed': {'provider_url': 'https://spotify.com', 'description': 'Palworld Lofi and Chill (2024) · Playlist · 234 songs', 'title': 'Palworld Lofi and Chill (2024)', 'type': 'rich', 'thumbnail_width': 300, 'height': 352, 'width': 456, 'html': '&lt;iframe class=""embedly-embed"" src=""https://cdn.embedly.com/widgets/media.html?src=https%3A%2F%2Fopen.spotify.com%2Fembed%2Fplaylist%2F5AfE6igAtaC40Pdg5RpkZw%3Futm_source%3Doembed&amp;display_name=Spotify&amp;url=https%3A%2F%2Fopen.spotify.com%2Fplaylist%2F5AfE6igAtaC40Pdg5RpkZw&amp;image=https%3A%2F%2Fi.scdn.co%2Fimage%2Fab67706c0000da84375eae9f074d9bc7dbab0084&amp;key=2aa3c4d5f3de4f5b9120b660ad850dc9&amp;type=text%2Fhtml&amp;schema=spotify"" width=""456"" height=""352"" scrolling=""no"" title=""Spotify embed"" frameborder=""0"" allow=""autoplay; fullscreen; encrypted-media; picture-in-picture;"" allowfullscreen=""true""&gt;&lt;/iframe&gt;', 'version': '1.0', 'provider_name': 'Spotify', 'thumbnail_url': 'https://i.scdn.co/image/ab67706c0000da84375eae9f074d9bc7dbab0084', 'thumbnail_height': 270}}",False,https://open.spotify.com/playlist/5AfE6igAtaC40Pdg5RpkZw?si=b8089911de874f20,,,
,spotify,"I have my playlist setup in like a top 20 of my favourites kind of thing but the last few days I noticed it first swapped my top song with one that was way down in the middle and I couldn't really get it to change it using the edit playlist feature. Today it did it again but just moved my top song to the middle without swapping them. I changed it back again but the order of my playlist isn't the same on my phone compared to my xbox. I'm a premium member and I don't pay to have it change my playlists around. 

Has anyone else had this problem on Android and any known fixes? (I have already closed the app, force stopped the app, uninstalled and and reinstalled the app on my phone)",t2_pozgw12r,False,,0,False,Spotify replacing songs in my playlist and changing order,[],r/spotify,False,6,,0,,,False,,t3_19cgfld,False,light,0.92,,27,0,{},,,False,[],,False,False,,{},Shuffle Complaint,False,27,,False,False,,False,,[],{},,,True,public,1705877809.0,text,6,,,text,self.spotify,False,"&lt;!-- SC_OFF --&gt;&lt;div class=""md""&gt;&lt;p&gt;I have my playlist setup in like a top 20 of my favourites kind of thing but the last few days I noticed it first swapped my top song with one that was way down in the middle and I couldn&amp;#39;t really get it to change it using the edit playlist feature. Today it did it again but just moved my top song to the middle without swapping them. I changed it back again but the order of my playlist isn&amp;#39;t the same on my phone compared to my xbox. I&amp;#39;m a premium member and I don&amp;#39;t pay to have it change my playlists around. &lt;/p&gt;

&lt;p&gt;Has anyone else had this problem on Android and any known fixes? (I have already closed the app, force stopped the app, uninstalled and and reinstalled the app on my phone)&lt;/p&gt;
&lt;/div&gt;&lt;!-- SC_ON --&gt;",,,,,False,False,False,False,False,,[],[],False,c26db3f0-eaf4-11ea-842b-0e000ead5bdb,False,False,False,,[],False,,,,t5_2qofj,False,,,,,19cgfld,True,,TMS_Stingray,,12,True,all_ads,False,[],False,,/r/spotify/comments/19cgfld/spotify_replacing_songs_in_my_playlist_and/,all_ads,False,https://www.reddit.com/r/spotify/comments/19cgfld/spotify_replacing_songs_in_my_playlist_and/,1396770,1705877809.0,0,,False,,,,
,spotify,,t2_dta5wcgp,False,,0,False,"I hope y""all like my playlist",[],r/spotify,False,6,favors,0,,,False,,t3_19czun1,False,dark,0.5,,0,0,"{'content': '&lt;iframe class=""embedly-embed"" src=""https://cdn.embedly.com/widgets/media.html?src=https%3A%2F%2Fopen.spotify.com%2Fembed%2Fplaylist%2F3YY0qsu53UBDsBckIlxnQj%3Futm_source%3Doembed&amp;display_name=Spotify&amp;url=https%3A%2F%2Fopen.spotify.com%2Fplaylist%2F3YY0qsu53UBDsBckIlxnQj&amp;image=https%3A%2F%2Fi.scdn.co%2Fimage%2Fab67706c0000da84bbc57a360830a451a52e6a94&amp;key=2aa3c4d5f3de4f5b9120b660ad850dc9&amp;type=text%2Fhtml&amp;schema=spotify"" width=""456"" height=""352"" scrolling=""no"" title=""Spotify embed"" frameborder=""0"" allow=""autoplay; fullscreen; encrypted-media; picture-in-picture;"" allowfullscreen=""true""&gt;&lt;/iframe&gt;', 'width': 456, 'scrolling': False, 'height': 352}",,,False,[],"{'type': 'open.spotify.com', 'oembed': {'provider_url': 'https://spotify.com', 'description': 'Reddit mix playlist · Playlist · 124 songs', 'title': 'Reddit mix playlist', 'type': 'rich', 'thumbnail_width': 300, 'height': 352, 'width': 456, 'html': '&lt;iframe class=""embedly-embed"" src=""https://cdn.embedly.com/widgets/media.html?src=https%3A%2F%2Fopen.spotify.com%2Fembed%2Fplaylist%2F3YY0qsu53UBDsBckIlxnQj%3Futm_source%3Doembed&amp;display_name=Spotify&amp;url=https%3A%2F%2Fopen.spotify.com%2Fplaylist%2F3YY0qsu53UBDsBckIlxnQj&amp;image=https%3A%2F%2Fi.scdn.co%2Fimage%2Fab67706c0000da84bbc57a360830a451a52e6a94&amp;key=2aa3c4d5f3de4f5b9120b660ad850dc9&amp;type=text%2Fhtml&amp;schema=spotify"" width=""456"" height=""352"" scrolling=""no"" title=""Spotify embed"" frameborder=""0"" allow=""autoplay; fullscreen; encrypted-media; picture-in-picture;"" allowfullscreen=""true""&gt;&lt;/iframe&gt;', 'version': '1.0', 'provider_name': 'Spotify', 'thumbnail_url': 'https://i.scdn.co/image/ab67706c0000da84bbc57a360830a451a52e6a94', 'thumbnail_height': 300}}",False,False,,"{'content': '&lt;iframe class=""embedly-embed"" src=""https://cdn.embedly.com/widgets/media.html?src=https%3A%2F%2Fopen.spotify.com%2Fembed%2Fplaylist%2F3YY0qsu53UBDsBckIlxnQj%3Futm_source%3Doembed&amp;display_name=Spotify&amp;url=https%3A%2F%2Fopen.spotify.com%2Fplaylist%2F3YY0qsu53UBDsBckIlxnQj&amp;image=https%3A%2F%2Fi.scdn.co%2Fimage%2Fab67706c0000da84bbc57a360830a451a52e6a94&amp;key=2aa3c4d5f3de4f5b9120b660ad850dc9&amp;type=text%2Fhtml&amp;schema=spotify"" width=""456"" height=""352"" scrolling=""no"" title=""Spotify embed"" frameborder=""0"" allow=""autoplay; fullscreen; encrypted-media; picture-in-picture;"" allowfullscreen=""true""&gt;&lt;/iframe&gt;', 'width': 456, 'scrolling': False, 'media_domain_url': 'https://www.redditmedia.com/mediaembed/19czun1', 'height': 352}",[REQUEST] Playlists / Songs / Artists / Albums ,False,0,,False,False,,False,,[],{},,,False,public,1705941624.0,text,6,,,text,open.spotify.com,False,,,,,,False,True,False,False,False,,[],[],False,b188c2f4-9a2e-11e9-9464-0e9d067aecce,False,False,False,,[],False,,,,t5_2qofj,False,,,,#94e044,19czun1,True,,muscle-girl,,0,True,all_ads,False,[],False,,/r/spotify/comments/19czun1/i_hope_yall_like_my_playlist/,all_ads,False,https://open.spotify.com/playlist/3YY0qsu53UBDsBckIlxnQj?si=xMDC_ipMRSmIOjckmNHDVQ&amp;pt=51cb88d90705f64d4b90d64fc3dd8847,1396770,1705941624.0,0,"{'type': 'open.spotify.com', 'oembed': {'provider_url': 'https://spotify.com', 'description': 'Reddit mix playlist · Playlist · 124 songs', 'title': 'Reddit mix playlist', 'type': 'rich', 'thumbnail_width': 300, 'height': 352, 'width': 456, 'html': '&lt;iframe class=""embedly-embed"" src=""https://cdn.embedly.com/widgets/media.html?src=https%3A%2F%2Fopen.spotify.com%2Fembed%2Fplaylist%2F3YY0qsu53UBDsBckIlxnQj%3Futm_source%3Doembed&amp;display_name=Spotify&amp;url=https%3A%2F%2Fopen.spotify.com%2Fplaylist%2F3YY0qsu53UBDsBckIlxnQj&amp;image=https%3A%2F%2Fi.scdn.co%2Fimage%2Fab67706c0000da84bbc57a360830a451a52e6a94&amp;key=2aa3c4d5f3de4f5b9120b660ad850dc9&amp;type=text%2Fhtml&amp;schema=spotify"" width=""456"" height=""352"" scrolling=""no"" title=""Spotify embed"" frameborder=""0"" allow=""autoplay; fullscreen; encrypted-media; picture-in-picture;"" allowfullscreen=""true""&gt;&lt;/iframe&gt;', 'version': '1.0', 'provider_name': 'Spotify', 'thumbnail_url': 'https://i.scdn.co/image/ab67706c0000da84bbc57a360830a451a52e6a94', 'thumbnail_height': 300}}",False,https://open.spotify.com/playlist/3YY0qsu53UBDsBckIlxnQj?si=xMDC_ipMRSmIOjckmNHDVQ&amp;pt=51cb88d90705f64d4b90d64fc3dd8847,,,
,spotify,,t2_l0zpsoz70,False,,0,False,Aperitivo Time 2024,[],r/spotify,False,6,,0,,,False,,t3_19czqqt,False,dark,1.0,,1,0,"{'content': '&lt;iframe class=""embedly-embed"" src=""https://cdn.embedly.com/widgets/media.html?src=https%3A%2F%2Fopen.spotify.com%2Fembed%2Fplaylist%2F49foq9veTEh3ys46V6VOFC%3Futm_source%3Doembed&amp;display_name=Spotify&amp;url=https%3A%2F%2Fopen.spotify.com%2Fplaylist%2F49foq9veTEh3ys46V6VOFC&amp;image=https%3A%2F%2Fi.scdn.co%2Fimage%2Fab67706c0000da84c215e5e52c4e0f03ebbf4d61&amp;key=2aa3c4d5f3de4f5b9120b660ad850dc9&amp;type=text%2Fhtml&amp;schema=spotify"" width=""456"" height=""352"" scrolling=""no"" title=""Spotify embed"" frameborder=""0"" allow=""autoplay; fullscreen; encrypted-media; picture-in-picture;"" allowfullscreen=""true""&gt;&lt;/iframe&gt;', 'width': 456, 'scrolling': False, 'height': 352}",,,False,[],"{'type': 'open.spotify.com', 'oembed': {'provider_url': 'https://spotify.com', 'description': 'Aperitivo Time 2024 · Playlist · 300 songs · 1.2K likes', 'title': 'Aperitivo Time 2024', 'type': 'rich', 'thumbnail_width': 300, 'height': 352, 'width': 456, 'html': '&lt;iframe class=""embedly-embed"" src=""https://cdn.embedly.com/widgets/media.html?src=https%3A%2F%2Fopen.spotify.com%2Fembed%2Fplaylist%2F49foq9veTEh3ys46V6VOFC%3Futm_source%3Doembed&amp;display_name=Spotify&amp;url=https%3A%2F%2Fopen.spotify.com%2Fplaylist%2F49foq9veTEh3ys46V6VOFC&amp;image=https%3A%2F%2Fi.scdn.co%2Fimage%2Fab67706c0000da84c215e5e52c4e0f03ebbf4d61&amp;key=2aa3c4d5f3de4f5b9120b660ad850dc9&amp;type=text%2Fhtml&amp;schema=spotify"" width=""456"" height=""352"" scrolling=""no"" title=""Spotify embed"" frameborder=""0"" allow=""autoplay; fullscreen; encrypted-media; picture-in-picture;"" allowfullscreen=""true""&gt;&lt;/iframe&gt;', 'version': '1.0', 'provider_name': 'Spotify', 'thumbnail_url': 'https://i.scdn.co/image/ab67706c0000da84c215e5e52c4e0f03ebbf4d61', 'thumbnail_height': 300}}",False,False,,"{'content': '&lt;iframe class=""embedly-embed"" src=""https://cdn.embedly.com/widgets/media.html?src=https%3A%2F%2Fopen.spotify.com%2Fembed%2Fplaylist%2F49foq9veTEh3ys46V6VOFC%3Futm_source%3Doembed&amp;display_name=Spotify&amp;url=https%3A%2F%2Fopen.spotify.com%2Fplaylist%2F49foq9veTEh3ys46V6VOFC&amp;image=https%3A%2F%2Fi.scdn.co%2Fimage%2Fab67706c0000da84c215e5e52c4e0f03ebbf4d61&amp;key=2aa3c4d5f3de4f5b9120b660ad850dc9&amp;type=text%2Fhtml&amp;schema=spotify"" width=""456"" height=""352"" scrolling=""no"" title=""Spotify embed"" frameborder=""0"" allow=""autoplay; fullscreen; encrypted-media; picture-in-picture;"" allowfullscreen=""true""&gt;&lt;/iframe&gt;', 'width': 456, 'scrolling': False, 'media_domain_url': 'https://www.redditmedia.com/mediaembed/19czqqt', 'height': 352}","Playlist - Theme  (Party, Beach, Study)",False,1,,False,False,,False,,[],{},,,False,public,1705941350.0,text,6,,,text,open.spotify.com,False,,,,,,False,True,False,False,False,,[],[],False,64fa8956-9fa3-11ea-ba10-0e669a062341,False,False,False,,[],False,,,,t5_2qofj,False,,,,#ffd635,19czqqt,True,,ArianaJasmineMusic,,0,True,all_ads,False,[],False,,/r/spotify/comments/19czqqt/aperitivo_time_2024/,all_ads,False,https://open.spotify.com/playlist/49foq9veTEh3ys46V6VOFC?si=a8da6117b41444ca,1396770,1705941350.0,0,"{'type': 'open.spotify.com', 'oembed': {'provider_url': 'https://spotify.com', 'description': 'Aperitivo Time 2024 · Playlist · 300 songs · 1.2K likes', 'title': 'Aperitivo Time 2024', 'type': 'rich', 'thumbnail_width': 300, 'height': 352, 'width': 456, 'html': '&lt;iframe class=""embedly-embed"" src=""https://cdn.embedly.com/widgets/media.html?src=https%3A%2F%2Fopen.spotify.com%2Fembed%2Fplaylist%2F49foq9veTEh3ys46V6VOFC%3Futm_source%3Doembed&amp;display_name=Spotify&amp;url=https%3A%2F%2Fopen.spotify.com%2Fplaylist%2F49foq9veTEh3ys46V6VOFC&amp;image=https%3A%2F%2Fi.scdn.co%2Fimage%2Fab67706c0000da84c215e5e52c4e0f03ebbf4d61&amp;key=2aa3c4d5f3de4f5b9120b660ad850dc9&amp;type=text%2Fhtml&amp;schema=spotify"" width=""456"" height=""352"" scrolling=""no"" title=""Spotify embed"" frameborder=""0"" allow=""autoplay; fullscreen; encrypted-media; picture-in-picture;"" allowfullscreen=""true""&gt;&lt;/iframe&gt;', 'version': '1.0', 'provider_name': 'Spotify', 'thumbnail_url': 'https://i.scdn.co/image/ab67706c0000da84c215e5e52c4e0f03ebbf4d61', 'thumbnail_height': 300}}",False,https://open.spotify.com/playlist/49foq9veTEh3ys46V6VOFC?si=a8da6117b41444ca,,,
,spotify,"25M here and I grew listening to a variety of music: 70s rock, 80s new wave, 90s rnb, 00s alt-rock, 2010s indie and EDM. However, I find myself deleting them to force myself to listen to new stuff. Sort of like leaving the past behind because in some ways, I can't move on and I'm seeking comfort? If that makes sense.

Yet I find myself redownloading those old playlists. I feel lame because the only new music I listen to are afrobeats and latin music only because they are trending and popular. I don't actively seek out music like I used to and music has always been a way for me to connect with others.

My friend was playing a Drake song and I thought it was cool so I asked if this is his new stuff. He told me it's old, from 2021 exactly. He told me I need to get out more.

I know this seems like such a petty thing to fuss over, but it's a testament that I'm not as socially connected as I was. I used to be like my friend who was always out and about meeting new people, but nowadays I'm just a lame homebody. Just wondering if there are others who are in the same boat",t2_iywnxugip,False,,0,False,Do you still keep old playlists?,[],r/spotify,False,6,question,0,,,False,,t3_19c66tr,False,light,0.99,,85,0,{},,,False,[],,False,False,,{},Question / Discussion,False,85,,False,False,,False,,[],{},,,True,public,1705851966.0,text,6,,,text,self.spotify,False,"&lt;!-- SC_OFF --&gt;&lt;div class=""md""&gt;&lt;p&gt;25M here and I grew listening to a variety of music: 70s rock, 80s new wave, 90s rnb, 00s alt-rock, 2010s indie and EDM. However, I find myself deleting them to force myself to listen to new stuff. Sort of like leaving the past behind because in some ways, I can&amp;#39;t move on and I&amp;#39;m seeking comfort? If that makes sense.&lt;/p&gt;

&lt;p&gt;Yet I find myself redownloading those old playlists. I feel lame because the only new music I listen to are afrobeats and latin music only because they are trending and popular. I don&amp;#39;t actively seek out music like I used to and music has always been a way for me to connect with others.&lt;/p&gt;

&lt;p&gt;My friend was playing a Drake song and I thought it was cool so I asked if this is his new stuff. He told me it&amp;#39;s old, from 2021 exactly. He told me I need to get out more.&lt;/p&gt;

&lt;p&gt;I know this seems like such a petty thing to fuss over, but it&amp;#39;s a testament that I&amp;#39;m not as socially connected as I was. I used to be like my friend who was always out and about meeting new people, but nowadays I&amp;#39;m just a lame homebody. Just wondering if there are others who are in the same boat&lt;/p&gt;
&lt;/div&gt;&lt;!-- SC_ON --&gt;",,,,,False,False,False,False,False,,[],[],False,58828680-99e4-11e9-9cfc-0e6137c47742,False,False,False,,[],False,,,,t5_2qofj,False,,,,#d3d6da,19c66tr,True,,useless_brownie,,51,True,all_ads,False,[],False,,/r/spotify/comments/19c66tr/do_you_still_keep_old_playlists/,all_ads,False,https://www.reddit.com/r/spotify/comments/19c66tr/do_you_still_keep_old_playlists/,1396770,1705851966.0,0,,False,,,,
,spotify,,t2_36eun53w,False,,0,False,Pop Hits Now ande Then: Sonic Caffeine,[],r/spotify,False,6,,0,,,False,,t3_19cxbd6,False,dark,1.0,,1,0,"{'content': '&lt;iframe class=""embedly-embed"" src=""https://cdn.embedly.com/widgets/media.html?src=https%3A%2F%2Fopen.spotify.com%2Fembed%2Fplaylist%2F52Hald9Dv62IzqmnDNi16D%3Futm_source%3Doembed&amp;display_name=Spotify&amp;url=https%3A%2F%2Fopen.spotify.com%2Fplaylist%2F52Hald9Dv62IzqmnDNi16D&amp;image=https%3A%2F%2Fi.scdn.co%2Fimage%2Fab67706c0000da849b97b00f312ea5ad50092f44&amp;key=2aa3c4d5f3de4f5b9120b660ad850dc9&amp;type=text%2Fhtml&amp;schema=spotify"" width=""456"" height=""352"" scrolling=""no"" title=""Spotify embed"" frameborder=""0"" allow=""autoplay; fullscreen; encrypted-media; picture-in-picture;"" allowfullscreen=""true""&gt;&lt;/iframe&gt;', 'width': 456, 'scrolling': False, 'height': 352}",,,False,[],"{'type': 'open.spotify.com', 'oembed': {'provider_url': 'https://spotify.com', 'description': 'Sonic Caffeine: Pop Hits 1960 - 2024 · Playlist · 184 songs · 3K likes', 'title': 'Sonic Caffeine: Pop Hits 1960 - 2024', 'type': 'rich', 'thumbnail_width': 300, 'height': 352, 'width': 456, 'html': '&lt;iframe class=""embedly-embed"" src=""https://cdn.embedly.com/widgets/media.html?src=https%3A%2F%2Fopen.spotify.com%2Fembed%2Fplaylist%2F52Hald9Dv62IzqmnDNi16D%3Futm_source%3Doembed&amp;display_name=Spotify&amp;url=https%3A%2F%2Fopen.spotify.com%2Fplaylist%2F52Hald9Dv62IzqmnDNi16D&amp;image=https%3A%2F%2Fi.scdn.co%2Fimage%2Fab67706c0000da849b97b00f312ea5ad50092f44&amp;key=2aa3c4d5f3de4f5b9120b660ad850dc9&amp;type=text%2Fhtml&amp;schema=spotify"" width=""456"" height=""352"" scrolling=""no"" title=""Spotify embed"" frameborder=""0"" allow=""autoplay; fullscreen; encrypted-media; picture-in-picture;"" allowfullscreen=""true""&gt;&lt;/iframe&gt;', 'version': '1.0', 'provider_name': 'Spotify', 'thumbnail_url': 'https://i.scdn.co/image/ab67706c0000da849b97b00f312ea5ad50092f44', 'thumbnail_height': 300}}",False,False,,"{'content': '&lt;iframe class=""embedly-embed"" src=""https://cdn.embedly.com/widgets/media.html?src=https%3A%2F%2Fopen.spotify.com%2Fembed%2Fplaylist%2F52Hald9Dv62IzqmnDNi16D%3Futm_source%3Doembed&amp;display_name=Spotify&amp;url=https%3A%2F%2Fopen.spotify.com%2Fplaylist%2F52Hald9Dv62IzqmnDNi16D&amp;image=https%3A%2F%2Fi.scdn.co%2Fimage%2Fab67706c0000da849b97b00f312ea5ad50092f44&amp;key=2aa3c4d5f3de4f5b9120b660ad850dc9&amp;type=text%2Fhtml&amp;schema=spotify"" width=""456"" height=""352"" scrolling=""no"" title=""Spotify embed"" frameborder=""0"" allow=""autoplay; fullscreen; encrypted-media; picture-in-picture;"" allowfullscreen=""true""&gt;&lt;/iframe&gt;', 'width': 456, 'scrolling': False, 'media_domain_url': 'https://www.redditmedia.com/mediaembed/19cxbd6', 'height': 352}",Playlist - Pop / R&amp;B / Top 40,False,1,,False,False,,False,,[],{},,,False,public,1705935032.0,text,6,,,text,open.spotify.com,False,,,,,,False,True,False,False,False,,[],[],False,e5554224-9fa0-11ea-8d77-0ef74412130d,False,False,False,,[],False,,,,t5_2qofj,False,,,,#39c3de,19cxbd6,True,,ChicagoboyTechno,,0,True,all_ads,False,[],False,,/r/spotify/comments/19cxbd6/pop_hits_now_ande_then_sonic_caffeine/,all_ads,False,https://open.spotify.com/playlist/52Hald9Dv62IzqmnDNi16D?si=8d9204f915a44cd9,1396770,1705935032.0,0,"{'type': 'open.spotify.com', 'oembed': {'provider_url': 'https://spotify.com', 'description': 'Sonic Caffeine: Pop Hits 1960 - 2024 · Playlist · 184 songs · 3K likes', 'title': 'Sonic Caffeine: Pop Hits 1960 - 2024', 'type': 'rich', 'thumbnail_width': 300, 'height': 352, 'width': 456, 'html': '&lt;iframe class=""embedly-embed"" src=""https://cdn.embedly.com/widgets/media.html?src=https%3A%2F%2Fopen.spotify.com%2Fembed%2Fplaylist%2F52Hald9Dv62IzqmnDNi16D%3Futm_source%3Doembed&amp;display_name=Spotify&amp;url=https%3A%2F%2Fopen.spotify.com%2Fplaylist%2F52Hald9Dv62IzqmnDNi16D&amp;image=https%3A%2F%2Fi.scdn.co%2Fimage%2Fab67706c0000da849b97b00f312ea5ad50092f44&amp;key=2aa3c4d5f3de4f5b9120b660ad850dc9&amp;type=text%2Fhtml&amp;schema=spotify"" width=""456"" height=""352"" scrolling=""no"" title=""Spotify embed"" frameborder=""0"" allow=""autoplay; fullscreen; encrypted-media; picture-in-picture;"" allowfullscreen=""true""&gt;&lt;/iframe&gt;', 'version': '1.0', 'provider_name': 'Spotify', 'thumbnail_url': 'https://i.scdn.co/image/ab67706c0000da849b97b00f312ea5ad50092f44', 'thumbnail_height': 300}}",False,https://open.spotify.com/playlist/52Hald9Dv62IzqmnDNi16D?si=8d9204f915a44cd9,,,
,spotify,,t2_6tvk4zfbk,False,,0,False,Sing your heart out to over 12 hours of Broadway show tunes and movie musicals:,[],r/spotify,False,6,,0,,,False,,t3_19cv9sd,False,dark,1.0,,1,0,"{'content': '&lt;iframe class=""embedly-embed"" src=""https://cdn.embedly.com/widgets/media.html?src=https%3A%2F%2Fopen.spotify.com%2Fembed%2Fplaylist%2F4CoPdjcrK79SSLhliZjZGw%3Futm_source%3Doembed&amp;display_name=Spotify&amp;url=https%3A%2F%2Fopen.spotify.com%2Fplaylist%2F4CoPdjcrK79SSLhliZjZGw&amp;image=https%3A%2F%2Fi.scdn.co%2Fimage%2Fab67706c0000da849a6c6266430148b96bf76865&amp;key=ed8fa8699ce04833838e66ce79ba05f1&amp;type=text%2Fhtml&amp;schema=spotify"" width=""456"" height=""352"" scrolling=""no"" title=""Spotify embed"" frameborder=""0"" allow=""autoplay; fullscreen; encrypted-media; picture-in-picture;"" allowfullscreen=""true""&gt;&lt;/iframe&gt;', 'width': 456, 'scrolling': False, 'height': 352}",,,False,[],"{'type': 'open.spotify.com', 'oembed': {'provider_url': 'https://spotify.com', 'description': 'Broadway Baby · Playlist · 202 songs · 30 likes', 'title': 'Broadway Baby', 'type': 'rich', 'thumbnail_width': 300, 'height': 352, 'width': 456, 'html': '&lt;iframe class=""embedly-embed"" src=""https://cdn.embedly.com/widgets/media.html?src=https%3A%2F%2Fopen.spotify.com%2Fembed%2Fplaylist%2F4CoPdjcrK79SSLhliZjZGw%3Futm_source%3Doembed&amp;display_name=Spotify&amp;url=https%3A%2F%2Fopen.spotify.com%2Fplaylist%2F4CoPdjcrK79SSLhliZjZGw&amp;image=https%3A%2F%2Fi.scdn.co%2Fimage%2Fab67706c0000da849a6c6266430148b96bf76865&amp;key=ed8fa8699ce04833838e66ce79ba05f1&amp;type=text%2Fhtml&amp;schema=spotify"" width=""456"" height=""352"" scrolling=""no"" title=""Spotify embed"" frameborder=""0"" allow=""autoplay; fullscreen; encrypted-media; picture-in-picture;"" allowfullscreen=""true""&gt;&lt;/iframe&gt;', 'version': '1.0', 'provider_name': 'Spotify', 'thumbnail_url': 'https://i.scdn.co/image/ab67706c0000da849a6c6266430148b96bf76865', 'thumbnail_height': 300}}",False,False,,"{'content': '&lt;iframe class=""embedly-embed"" src=""https://cdn.embedly.com/widgets/media.html?src=https%3A%2F%2Fopen.spotify.com%2Fembed%2Fplaylist%2F4CoPdjcrK79SSLhliZjZGw%3Futm_source%3Doembed&amp;display_name=Spotify&amp;url=https%3A%2F%2Fopen.spotify.com%2Fplaylist%2F4CoPdjcrK79SSLhliZjZGw&amp;image=https%3A%2F%2Fi.scdn.co%2Fimage%2Fab67706c0000da849a6c6266430148b96bf76865&amp;key=ed8fa8699ce04833838e66ce79ba05f1&amp;type=text%2Fhtml&amp;schema=spotify"" width=""456"" height=""352"" scrolling=""no"" title=""Spotify embed"" frameborder=""0"" allow=""autoplay; fullscreen; encrypted-media; picture-in-picture;"" allowfullscreen=""true""&gt;&lt;/iframe&gt;', 'width': 456, 'scrolling': False, 'media_domain_url': 'https://www.redditmedia.com/mediaembed/19cv9sd', 'height': 352}","Playlist - Theme  (Party, Beach, Study)",False,1,,False,False,,False,,[],{},,,False,public,1705928953.0,text,6,,,text,open.spotify.com,False,,,,,,False,True,False,False,False,,[],[],False,64fa8956-9fa3-11ea-ba10-0e669a062341,False,False,False,,[],False,,,,t5_2qofj,False,,,,#ffd635,19cv9sd,True,,cgraygo,,0,True,all_ads,False,[],False,,/r/spotify/comments/19cv9sd/sing_your_heart_out_to_over_12_hours_of_broadway/,all_ads,False,https://open.spotify.com/playlist/4CoPdjcrK79SSLhliZjZGw?si=fbfa5670e4be412f,1396770,1705928953.0,0,"{'type': 'open.spotify.com', 'oembed': {'provider_url': 'https://spotify.com', 'description': 'Broadway Baby · Playlist · 202 songs · 30 likes', 'title': 'Broadway Baby', 'type': 'rich', 'thumbnail_width': 300, 'height': 352, 'width': 456, 'html': '&lt;iframe class=""embedly-embed"" src=""https://cdn.embedly.com/widgets/media.html?src=https%3A%2F%2Fopen.spotify.com%2Fembed%2Fplaylist%2F4CoPdjcrK79SSLhliZjZGw%3Futm_source%3Doembed&amp;display_name=Spotify&amp;url=https%3A%2F%2Fopen.spotify.com%2Fplaylist%2F4CoPdjcrK79SSLhliZjZGw&amp;image=https%3A%2F%2Fi.scdn.co%2Fimage%2Fab67706c0000da849a6c6266430148b96bf76865&amp;key=ed8fa8699ce04833838e66ce79ba05f1&amp;type=text%2Fhtml&amp;schema=spotify"" width=""456"" height=""352"" scrolling=""no"" title=""Spotify embed"" frameborder=""0"" allow=""autoplay; fullscreen; encrypted-media; picture-in-picture;"" allowfullscreen=""true""&gt;&lt;/iframe&gt;', 'version': '1.0', 'provider_name': 'Spotify', 'thumbnail_url': 'https://i.scdn.co/image/ab67706c0000da849a6c6266430148b96bf76865', 'thumbnail_height': 300}}",False,https://open.spotify.com/playlist/4CoPdjcrK79SSLhliZjZGw?si=fbfa5670e4be412f,,,
,spotify,"
This is my main playlist with 288 songs currently. It features Grunge, Alt Rock, Pop Punk and Punk Rock. If you like Nirvana, Third eye Blind, Matchbox 20, Blink 182 ect... you might like this playlist. Don't mind the playlist name 😅

https://open.spotify.com/playlist/3RGgtccLAaR9P113gHPtjE?si=l-tE3SbWSnW_PTPfdMr05A",t2_86nyse819,False,,0,False,God Stuffed Cords (Playlist),[],r/spotify,False,6,,0,,,False,,t3_19cv66r,False,dark,1.0,,1,0,{},,,False,[],,False,False,,{},Playlist - Rock/Metal/Indie/Alt,False,1,,False,False,,False,,[],{},,,True,public,1705928624.0,text,6,,,text,self.spotify,False,"&lt;!-- SC_OFF --&gt;&lt;div class=""md""&gt;&lt;p&gt;This is my main playlist with 288 songs currently. It features Grunge, Alt Rock, Pop Punk and Punk Rock. If you like Nirvana, Third eye Blind, Matchbox 20, Blink 182 ect... you might like this playlist. Don&amp;#39;t mind the playlist name 😅&lt;/p&gt;

&lt;p&gt;&lt;a href=""https://open.spotify.com/playlist/3RGgtccLAaR9P113gHPtjE?si=l-tE3SbWSnW_PTPfdMr05A""&gt;https://open.spotify.com/playlist/3RGgtccLAaR9P113gHPtjE?si=l-tE3SbWSnW_PTPfdMr05A&lt;/a&gt;&lt;/p&gt;
&lt;/div&gt;&lt;!-- SC_ON --&gt;",,,,,False,False,False,False,False,,[],[],False,d0dbfc3e-9fa0-11ea-9b6c-0e248f77e35b,False,False,False,,[],False,,,,t5_2qofj,False,,,,#fb8f1b,19cv66r,True,,Paul_thebaII,,0,True,all_ads,False,[],False,,/r/spotify/comments/19cv66r/god_stuffed_cords_playlist/,all_ads,False,https://www.reddit.com/r/spotify/comments/19cv66r/god_stuffed_cords_playlist/,1396770,1705928624.0,0,,False,,,,
,spotify,"I listen to a ton of music but always find myself ""losing"" songs I like or getting sick of hearing the same stuff over and over again - especially if I'm busy and in a period of just liking random songs from my discover weekly. 

How do you organize your playlists? do you have a master playlist that you add everything to and prune every so often? listen to full albums? separated by vibes or genre? telling a story? I need more effective music organization lol. ",t2_qthhro3,False,,0,False,How do you guys organize your music/playlists?,[],r/spotify,False,6,question,0,,,False,,t3_19c9vs0,False,light,1.0,,30,0,{},,,False,[],,False,False,,{},Question / Discussion,False,30,,False,False,,False,,[],{},,,True,public,1705861423.0,text,6,,,text,self.spotify,False,"&lt;!-- SC_OFF --&gt;&lt;div class=""md""&gt;&lt;p&gt;I listen to a ton of music but always find myself &amp;quot;losing&amp;quot; songs I like or getting sick of hearing the same stuff over and over again - especially if I&amp;#39;m busy and in a period of just liking random songs from my discover weekly. &lt;/p&gt;

&lt;p&gt;How do you organize your playlists? do you have a master playlist that you add everything to and prune every so often? listen to full albums? separated by vibes or genre? telling a story? I need more effective music organization lol. &lt;/p&gt;
&lt;/div&gt;&lt;!-- SC_ON --&gt;",,,,,False,False,False,False,False,,[],[],False,58828680-99e4-11e9-9cfc-0e6137c47742,False,False,False,,[],False,,,,t5_2qofj,False,,,,#d3d6da,19c9vs0,True,,sunnyd_123,,27,True,all_ads,False,[],False,,/r/spotify/comments/19c9vs0/how_do_you_guys_organize_your_musicplaylists/,all_ads,False,https://www.reddit.com/r/spotify/comments/19c9vs0/how_do_you_guys_organize_your_musicplaylists/,1396770,1705861423.0,0,,False,,,,
,spotify,,t2_13ldx3,False,,0,False,Collaborative Playlist,[],r/spotify,False,6,,0,,,False,,t3_19ct6nd,False,dark,1.0,,1,0,"{'content': '&lt;iframe class=""embedly-embed"" src=""https://cdn.embedly.com/widgets/media.html?src=https%3A%2F%2Fopen.spotify.com%2Fembed%2Fplaylist%2F6cELHhRhbBK2I3AofcoAz6%3Futm_source%3Doembed&amp;display_name=Spotify&amp;url=https%3A%2F%2Fopen.spotify.com%2Fplaylist%2F6cELHhRhbBK2I3AofcoAz6&amp;image=https%3A%2F%2Fi.scdn.co%2Fimage%2Fab67706c0000da84af9b22dcfead92c6b19c7796&amp;key=2aa3c4d5f3de4f5b9120b660ad850dc9&amp;type=text%2Fhtml&amp;schema=spotify"" width=""456"" height=""352"" scrolling=""no"" title=""Spotify embed"" frameborder=""0"" allow=""autoplay; fullscreen; encrypted-media; picture-in-picture;"" allowfullscreen=""true""&gt;&lt;/iframe&gt;', 'width': 456, 'scrolling': False, 'height': 352}",,,False,[],"{'type': 'open.spotify.com', 'oembed': {'provider_url': 'https://spotify.com', 'description': 'Collaborative Playlist · Playlist · 116 songs · 9 likes', 'title': 'Collaborative Playlist', 'type': 'rich', 'thumbnail_width': 300, 'height': 352, 'width': 456, 'html': '&lt;iframe class=""embedly-embed"" src=""https://cdn.embedly.com/widgets/media.html?src=https%3A%2F%2Fopen.spotify.com%2Fembed%2Fplaylist%2F6cELHhRhbBK2I3AofcoAz6%3Futm_source%3Doembed&amp;display_name=Spotify&amp;url=https%3A%2F%2Fopen.spotify.com%2Fplaylist%2F6cELHhRhbBK2I3AofcoAz6&amp;image=https%3A%2F%2Fi.scdn.co%2Fimage%2Fab67706c0000da84af9b22dcfead92c6b19c7796&amp;key=2aa3c4d5f3de4f5b9120b660ad850dc9&amp;type=text%2Fhtml&amp;schema=spotify"" width=""456"" height=""352"" scrolling=""no"" title=""Spotify embed"" frameborder=""0"" allow=""autoplay; fullscreen; encrypted-media; picture-in-picture;"" allowfullscreen=""true""&gt;&lt;/iframe&gt;', 'version': '1.0', 'provider_name': 'Spotify', 'thumbnail_url': 'https://i.scdn.co/image/ab67706c0000da84af9b22dcfead92c6b19c7796', 'thumbnail_height': 300}}",False,False,,"{'content': '&lt;iframe class=""embedly-embed"" src=""https://cdn.embedly.com/widgets/media.html?src=https%3A%2F%2Fopen.spotify.com%2Fembed%2Fplaylist%2F6cELHhRhbBK2I3AofcoAz6%3Futm_source%3Doembed&amp;display_name=Spotify&amp;url=https%3A%2F%2Fopen.spotify.com%2Fplaylist%2F6cELHhRhbBK2I3AofcoAz6&amp;image=https%3A%2F%2Fi.scdn.co%2Fimage%2Fab67706c0000da84af9b22dcfead92c6b19c7796&amp;key=2aa3c4d5f3de4f5b9120b660ad850dc9&amp;type=text%2Fhtml&amp;schema=spotify"" width=""456"" height=""352"" scrolling=""no"" title=""Spotify embed"" frameborder=""0"" allow=""autoplay; fullscreen; encrypted-media; picture-in-picture;"" allowfullscreen=""true""&gt;&lt;/iframe&gt;', 'width': 456, 'scrolling': False, 'media_domain_url': 'https://www.redditmedia.com/mediaembed/19ct6nd', 'height': 352}",Playlist - Rock/Metal/Indie/Alt,False,1,,False,False,,False,,[],{},,,False,public,1705921491.0,text,6,,,text,open.spotify.com,False,,,,,,False,False,False,False,False,,[],[],False,d0dbfc3e-9fa0-11ea-9b6c-0e248f77e35b,False,False,False,,[],False,,,,t5_2qofj,False,,,,#fb8f1b,19ct6nd,True,,CrisVola,,0,True,all_ads,False,[],False,,/r/spotify/comments/19ct6nd/collaborative_playlist/,all_ads,False,https://open.spotify.com/playlist/6cELHhRhbBK2I3AofcoAz6,1396770,1705921491.0,0,"{'type': 'open.spotify.com', 'oembed': {'provider_url': 'https://spotify.com', 'description': 'Collaborative Playlist · Playlist · 116 songs · 9 likes', 'title': 'Collaborative Playlist', 'type': 'rich', 'thumbnail_width': 300, 'height': 352, 'width': 456, 'html': '&lt;iframe class=""embedly-embed"" src=""https://cdn.embedly.com/widgets/media.html?src=https%3A%2F%2Fopen.spotify.com%2Fembed%2Fplaylist%2F6cELHhRhbBK2I3AofcoAz6%3Futm_source%3Doembed&amp;display_name=Spotify&amp;url=https%3A%2F%2Fopen.spotify.com%2Fplaylist%2F6cELHhRhbBK2I3AofcoAz6&amp;image=https%3A%2F%2Fi.scdn.co%2Fimage%2Fab67706c0000da84af9b22dcfead92c6b19c7796&amp;key=2aa3c4d5f3de4f5b9120b660ad850dc9&amp;type=text%2Fhtml&amp;schema=spotify"" width=""456"" height=""352"" scrolling=""no"" title=""Spotify embed"" frameborder=""0"" allow=""autoplay; fullscreen; encrypted-media; picture-in-picture;"" allowfullscreen=""true""&gt;&lt;/iframe&gt;', 'version': '1.0', 'provider_name': 'Spotify', 'thumbnail_url': 'https://i.scdn.co/image/ab67706c0000da84af9b22dcfead92c6b19c7796', 'thumbnail_height': 300}}",False,https://open.spotify.com/playlist/6cELHhRhbBK2I3AofcoAz6,,,
,spotify,"Every year I create a new playlist to show my evolution in music. This is my 7th year doing it. It's interesting to see the overlap of the end of one year to the start of another.  Then seeing what bands/artists influenced the discovery of new ones. It really is a testament to everything I've witnessed in my life.

&amp;#x200B;

https://preview.redd.it/107n38v7wtdc1.png?width=397&amp;format=png&amp;auto=webp&amp;s=d47ea47ca8c6eb3224d882550d54afb661c96cc8",t2_2v7itr0o,False,,0,False,Yearly Playlists,[],r/spotify,False,6,question,0,,,False,"{'107n38v7wtdc1': {'status': 'valid', 'e': 'Image', 'm': 'image/png', 'p': [{'y': 106, 'x': 108, 'u': 'https://preview.redd.it/107n38v7wtdc1.png?width=108&amp;crop=smart&amp;auto=webp&amp;s=08a38d32711a6ddadcc16d46c70a19abc71b4e84'}, {'y': 212, 'x': 216, 'u': 'https://preview.redd.it/107n38v7wtdc1.png?width=216&amp;crop=smart&amp;auto=webp&amp;s=0c4533cb8bb39a692083a0100433c3c561395b47'}, {'y': 315, 'x': 320, 'u': 'https://preview.redd.it/107n38v7wtdc1.png?width=320&amp;crop=smart&amp;auto=webp&amp;s=a495949927d452d9efbc4a551913deb282e3663e'}], 's': {'y': 391, 'x': 397, 'u': 'https://preview.redd.it/107n38v7wtdc1.png?width=397&amp;format=png&amp;auto=webp&amp;s=d47ea47ca8c6eb3224d882550d54afb661c96cc8'}, 'id': '107n38v7wtdc1'}}",t3_19c8lmd,False,light,0.96,,23,0,{},,,False,[],,False,False,,{},Question / Discussion,False,23,,False,False,,False,,[],{},,,True,public,1705858233.0,text,6,,,text,self.spotify,False,"&lt;!-- SC_OFF --&gt;&lt;div class=""md""&gt;&lt;p&gt;Every year I create a new playlist to show my evolution in music. This is my 7th year doing it. It&amp;#39;s interesting to see the overlap of the end of one year to the start of another.  Then seeing what bands/artists influenced the discovery of new ones. It really is a testament to everything I&amp;#39;ve witnessed in my life.&lt;/p&gt;

&lt;p&gt;&amp;#x200B;&lt;/p&gt;

&lt;p&gt;&lt;a href=""https://preview.redd.it/107n38v7wtdc1.png?width=397&amp;amp;format=png&amp;amp;auto=webp&amp;amp;s=d47ea47ca8c6eb3224d882550d54afb661c96cc8""&gt;https://preview.redd.it/107n38v7wtdc1.png?width=397&amp;amp;format=png&amp;amp;auto=webp&amp;amp;s=d47ea47ca8c6eb3224d882550d54afb661c96cc8&lt;/a&gt;&lt;/p&gt;
&lt;/div&gt;&lt;!-- SC_ON --&gt;",,,,,False,False,False,False,False,,[],[],False,58828680-99e4-11e9-9cfc-0e6137c47742,False,False,False,,[],False,,,,t5_2qofj,False,,,,#d3d6da,19c8lmd,True,,TheMisAdventuresofMe,,6,True,all_ads,False,[],False,,/r/spotify/comments/19c8lmd/yearly_playlists/,all_ads,False,https://www.reddit.com/r/spotify/comments/19c8lmd/yearly_playlists/,1396770,1705858233.0,0,,False,,,,
,spotify,for fans of 2000’s garage rock &amp; The Strokes:,t2_6iikby9w,False,,0,False,is this The Strokes?,[],r/spotify,False,6,,0,,,False,,t3_19cpiis,False,dark,1.0,,2,0,"{'content': '&lt;iframe class=""embedly-embed"" src=""https://cdn.embedly.com/widgets/media.html?src=https%3A%2F%2Fopen.spotify.com%2Fembed%2Fplaylist%2F40m7VILcHQPOM2CjLdLByG%3Futm_source%3Doembed&amp;display_name=Spotify&amp;url=https%3A%2F%2Fopen.spotify.com%2Fplaylist%2F40m7VILcHQPOM2CjLdLByG&amp;image=https%3A%2F%2Fi.scdn.co%2Fimage%2Fab67706c0000da848d0fb04519422ee727a7ceda&amp;key=2aa3c4d5f3de4f5b9120b660ad850dc9&amp;type=text%2Fhtml&amp;schema=spotify"" width=""456"" height=""352"" scrolling=""no"" title=""Spotify embed"" frameborder=""0"" allow=""autoplay; fullscreen; encrypted-media; picture-in-picture;"" allowfullscreen=""true""&gt;&lt;/iframe&gt;', 'width': 456, 'scrolling': False, 'height': 352}",,,False,[],"{'type': 'open.spotify.com', 'oembed': {'provider_url': 'https://spotify.com', 'description': 'is this The Strokes? · Playlist · 50 songs', 'title': 'is this The Strokes?', 'type': 'rich', 'thumbnail_width': 300, 'height': 352, 'width': 456, 'html': '&lt;iframe class=""embedly-embed"" src=""https://cdn.embedly.com/widgets/media.html?src=https%3A%2F%2Fopen.spotify.com%2Fembed%2Fplaylist%2F40m7VILcHQPOM2CjLdLByG%3Futm_source%3Doembed&amp;display_name=Spotify&amp;url=https%3A%2F%2Fopen.spotify.com%2Fplaylist%2F40m7VILcHQPOM2CjLdLByG&amp;image=https%3A%2F%2Fi.scdn.co%2Fimage%2Fab67706c0000da848d0fb04519422ee727a7ceda&amp;key=2aa3c4d5f3de4f5b9120b660ad850dc9&amp;type=text%2Fhtml&amp;schema=spotify"" width=""456"" height=""352"" scrolling=""no"" title=""Spotify embed"" frameborder=""0"" allow=""autoplay; fullscreen; encrypted-media; picture-in-picture;"" allowfullscreen=""true""&gt;&lt;/iframe&gt;', 'version': '1.0', 'provider_name': 'Spotify', 'thumbnail_url': 'https://i.scdn.co/image/ab67706c0000da848d0fb04519422ee727a7ceda', 'thumbnail_height': 300}}",False,False,,"{'content': '&lt;iframe class=""embedly-embed"" src=""https://cdn.embedly.com/widgets/media.html?src=https%3A%2F%2Fopen.spotify.com%2Fembed%2Fplaylist%2F40m7VILcHQPOM2CjLdLByG%3Futm_source%3Doembed&amp;display_name=Spotify&amp;url=https%3A%2F%2Fopen.spotify.com%2Fplaylist%2F40m7VILcHQPOM2CjLdLByG&amp;image=https%3A%2F%2Fi.scdn.co%2Fimage%2Fab67706c0000da848d0fb04519422ee727a7ceda&amp;key=2aa3c4d5f3de4f5b9120b660ad850dc9&amp;type=text%2Fhtml&amp;schema=spotify"" width=""456"" height=""352"" scrolling=""no"" title=""Spotify embed"" frameborder=""0"" allow=""autoplay; fullscreen; encrypted-media; picture-in-picture;"" allowfullscreen=""true""&gt;&lt;/iframe&gt;', 'width': 456, 'scrolling': False, 'media_domain_url': 'https://www.redditmedia.com/mediaembed/19cpiis', 'height': 352}",Playlist - Rock/Metal/Indie/Alt,False,2,,False,False,,False,,[],{},,,False,public,1705905758.0,text,6,,,text,open.spotify.com,False,"&lt;!-- SC_OFF --&gt;&lt;div class=""md""&gt;&lt;p&gt;for fans of 2000’s garage rock &amp;amp; The Strokes:&lt;/p&gt;
&lt;/div&gt;&lt;!-- SC_ON --&gt;",,,,,False,False,False,False,False,,[],[],False,d0dbfc3e-9fa0-11ea-9b6c-0e248f77e35b,False,False,False,,[],False,,,,t5_2qofj,False,,,,#fb8f1b,19cpiis,True,,dexxam,,2,True,all_ads,False,[],False,,/r/spotify/comments/19cpiis/is_this_the_strokes/,all_ads,False,https://open.spotify.com/playlist/40m7VILcHQPOM2CjLdLByG?si=Ii3x5sr6R-G9VLyVwoxCrQ,1396770,1705905758.0,0,"{'type': 'open.spotify.com', 'oembed': {'provider_url': 'https://spotify.com', 'description': 'is this The Strokes? · Playlist · 50 songs', 'title': 'is this The Strokes?', 'type': 'rich', 'thumbnail_width': 300, 'height': 352, 'width': 456, 'html': '&lt;iframe class=""embedly-embed"" src=""https://cdn.embedly.com/widgets/media.html?src=https%3A%2F%2Fopen.spotify.com%2Fembed%2Fplaylist%2F40m7VILcHQPOM2CjLdLByG%3Futm_source%3Doembed&amp;display_name=Spotify&amp;url=https%3A%2F%2Fopen.spotify.com%2Fplaylist%2F40m7VILcHQPOM2CjLdLByG&amp;image=https%3A%2F%2Fi.scdn.co%2Fimage%2Fab67706c0000da848d0fb04519422ee727a7ceda&amp;key=2aa3c4d5f3de4f5b9120b660ad850dc9&amp;type=text%2Fhtml&amp;schema=spotify"" width=""456"" height=""352"" scrolling=""no"" title=""Spotify embed"" frameborder=""0"" allow=""autoplay; fullscreen; encrypted-media; picture-in-picture;"" allowfullscreen=""true""&gt;&lt;/iframe&gt;', 'version': '1.0', 'provider_name': 'Spotify', 'thumbnail_url': 'https://i.scdn.co/image/ab67706c0000da848d0fb04519422ee727a7ceda', 'thumbnail_height': 300}}",False,https://open.spotify.com/playlist/40m7VILcHQPOM2CjLdLByG?si=Ii3x5sr6R-G9VLyVwoxCrQ,,,
,spotify,"If you are having problems playing music, try TURNING OFF SMART SHUFFLE. We have a family plan, and my mom for weeks couldn’t play songs from her liked songs. Some would play, others you could click on them over and over and they wouldn’t play. The ones that would play would only play half the song and then shut off. Spent so long googling, turning off and on, uninstalling, etc, and it turns out that turning off the SMART SHUFFLE is what fixed everything. My iphone plays it just fine, but on her android, turning it on makes her playlist unplayable. She is currently happy with her jbl speaker finally listening to music after weeks of trying to figure this out. Not sure if anyone else is experiencing this, so I thought I would post here in case.",t2_hhaoudmy,False,,0,False,Samsung Galaxy Smart Shuffle glitch,[],r/spotify,False,6,,0,,,False,,t3_19cm8e1,False,light,1.0,,3,0,{},,,False,[],,False,False,,{},Shuffle Complaint,False,3,,False,False,,False,,[],{},,,True,public,1705894585.0,text,6,,,text,self.spotify,False,"&lt;!-- SC_OFF --&gt;&lt;div class=""md""&gt;&lt;p&gt;If you are having problems playing music, try TURNING OFF SMART SHUFFLE. We have a family plan, and my mom for weeks couldn’t play songs from her liked songs. Some would play, others you could click on them over and over and they wouldn’t play. The ones that would play would only play half the song and then shut off. Spent so long googling, turning off and on, uninstalling, etc, and it turns out that turning off the SMART SHUFFLE is what fixed everything. My iphone plays it just fine, but on her android, turning it on makes her playlist unplayable. She is currently happy with her jbl speaker finally listening to music after weeks of trying to figure this out. Not sure if anyone else is experiencing this, so I thought I would post here in case.&lt;/p&gt;
&lt;/div&gt;&lt;!-- SC_ON --&gt;",,,,,False,False,False,False,False,,[],[],False,c26db3f0-eaf4-11ea-842b-0e000ead5bdb,False,False,False,,[],False,,,,t5_2qofj,False,,,,,19cm8e1,True,,CozmoLocke,,0,True,all_ads,False,[],False,,/r/spotify/comments/19cm8e1/samsung_galaxy_smart_shuffle_glitch/,all_ads,False,https://www.reddit.com/r/spotify/comments/19cm8e1/samsung_galaxy_smart_shuffle_glitch/,1396770,1705894585.0,0,,False,,,,
,spotify,,t2_fsv55sej,False,,0,False,"JCBL - Tales from Underground, Vol. 1",[],r/spotify,False,6,,0,,,False,,t3_19cnmp3,False,dark,1.0,,2,0,"{'content': '&lt;iframe class=""embedly-embed"" src=""https://cdn.embedly.com/widgets/media.html?src=https%3A%2F%2Fopen.spotify.com%2Fembed%2Falbum%2F7L323PwfPeZN6wAe2AXdpy%3Futm_source%3Doembed&amp;display_name=Spotify&amp;url=https%3A%2F%2Fopen.spotify.com%2Falbum%2F7L323PwfPeZN6wAe2AXdpy&amp;image=https%3A%2F%2Fi.scdn.co%2Fimage%2Fab67616d00001e02046fbc60617118cb0335fd0d&amp;key=2aa3c4d5f3de4f5b9120b660ad850dc9&amp;type=text%2Fhtml&amp;schema=spotify"" width=""456"" height=""352"" scrolling=""no"" title=""Spotify embed"" frameborder=""0"" allow=""autoplay; fullscreen; encrypted-media; picture-in-picture;"" allowfullscreen=""true""&gt;&lt;/iframe&gt;', 'width': 456, 'scrolling': False, 'height': 352}",,,False,[],"{'type': 'open.spotify.com', 'oembed': {'provider_url': 'https://spotify.com', 'description': 'Listen to Tales from Underground, Vol. 1 on Spotify. JCBL · Album · 2021 · 11 songs.', 'title': 'Tales from Underground, Vol. 1', 'type': 'rich', 'thumbnail_width': 300, 'height': 352, 'width': 456, 'html': '&lt;iframe class=""embedly-embed"" src=""https://cdn.embedly.com/widgets/media.html?src=https%3A%2F%2Fopen.spotify.com%2Fembed%2Falbum%2F7L323PwfPeZN6wAe2AXdpy%3Futm_source%3Doembed&amp;display_name=Spotify&amp;url=https%3A%2F%2Fopen.spotify.com%2Falbum%2F7L323PwfPeZN6wAe2AXdpy&amp;image=https%3A%2F%2Fi.scdn.co%2Fimage%2Fab67616d00001e02046fbc60617118cb0335fd0d&amp;key=2aa3c4d5f3de4f5b9120b660ad850dc9&amp;type=text%2Fhtml&amp;schema=spotify"" width=""456"" height=""352"" scrolling=""no"" title=""Spotify embed"" frameborder=""0"" allow=""autoplay; fullscreen; encrypted-media; picture-in-picture;"" allowfullscreen=""true""&gt;&lt;/iframe&gt;', 'version': '1.0', 'provider_name': 'Spotify', 'thumbnail_url': 'https://i.scdn.co/image/ab67616d00001e02046fbc60617118cb0335fd0d', 'thumbnail_height': 300}}",False,False,,"{'content': '&lt;iframe class=""embedly-embed"" src=""https://cdn.embedly.com/widgets/media.html?src=https%3A%2F%2Fopen.spotify.com%2Fembed%2Falbum%2F7L323PwfPeZN6wAe2AXdpy%3Futm_source%3Doembed&amp;display_name=Spotify&amp;url=https%3A%2F%2Fopen.spotify.com%2Falbum%2F7L323PwfPeZN6wAe2AXdpy&amp;image=https%3A%2F%2Fi.scdn.co%2Fimage%2Fab67616d00001e02046fbc60617118cb0335fd0d&amp;key=2aa3c4d5f3de4f5b9120b660ad850dc9&amp;type=text%2Fhtml&amp;schema=spotify"" width=""456"" height=""352"" scrolling=""no"" title=""Spotify embed"" frameborder=""0"" allow=""autoplay; fullscreen; encrypted-media; picture-in-picture;"" allowfullscreen=""true""&gt;&lt;/iframe&gt;', 'width': 456, 'scrolling': False, 'media_domain_url': 'https://www.redditmedia.com/mediaembed/19cnmp3', 'height': 352}",Playlist - Rap / Hip Hop,False,2,,False,False,,False,,[],{},,,False,public,1705899091.0,text,6,,,text,open.spotify.com,False,,,,,,False,True,False,False,False,,[],[],False,dbc1d8d0-9fa0-11ea-982a-0e836220e083,False,False,False,,[],False,,,,t5_2qofj,False,,,,#e82638,19cnmp3,True,,JointCbeatLab,,0,True,all_ads,False,[],False,,/r/spotify/comments/19cnmp3/jcbl_tales_from_underground_vol_1/,all_ads,False,https://open.spotify.com/album/7L323PwfPeZN6wAe2AXdpy?si=cRMyHgkeSiaisyS4XfAbyA,1396770,1705899091.0,0,"{'type': 'open.spotify.com', 'oembed': {'provider_url': 'https://spotify.com', 'description': 'Listen to Tales from Underground, Vol. 1 on Spotify. JCBL · Album · 2021 · 11 songs.', 'title': 'Tales from Underground, Vol. 1', 'type': 'rich', 'thumbnail_width': 300, 'height': 352, 'width': 456, 'html': '&lt;iframe class=""embedly-embed"" src=""https://cdn.embedly.com/widgets/media.html?src=https%3A%2F%2Fopen.spotify.com%2Fembed%2Falbum%2F7L323PwfPeZN6wAe2AXdpy%3Futm_source%3Doembed&amp;display_name=Spotify&amp;url=https%3A%2F%2Fopen.spotify.com%2Falbum%2F7L323PwfPeZN6wAe2AXdpy&amp;image=https%3A%2F%2Fi.scdn.co%2Fimage%2Fab67616d00001e02046fbc60617118cb0335fd0d&amp;key=2aa3c4d5f3de4f5b9120b660ad850dc9&amp;type=text%2Fhtml&amp;schema=spotify"" width=""456"" height=""352"" scrolling=""no"" title=""Spotify embed"" frameborder=""0"" allow=""autoplay; fullscreen; encrypted-media; picture-in-picture;"" allowfullscreen=""true""&gt;&lt;/iframe&gt;', 'version': '1.0', 'provider_name': 'Spotify', 'thumbnail_url': 'https://i.scdn.co/image/ab67616d00001e02046fbc60617118cb0335fd0d', 'thumbnail_height': 300}}",False,https://open.spotify.com/album/7L323PwfPeZN6wAe2AXdpy?si=cRMyHgkeSiaisyS4XfAbyA,,,
,spotify,,t2_6c3kqa5,False,,0,False,"sonder: late night r&amp;b jams - from artists like Kali Uchis, Brent Faiyaz, Steve Lacy, Daniel Caesar, Miguel, Aaliyah, &amp; more",[],r/spotify,False,6,,0,,,False,,t3_19coevr,False,dark,0.5,,0,0,"{'content': '&lt;iframe class=""embedly-embed"" src=""https://cdn.embedly.com/widgets/media.html?src=https%3A%2F%2Fopen.spotify.com%2Fembed%2Fplaylist%2F4miQwyKNtSJsHZ5PEbq9tv%3Futm_source%3Doembed&amp;display_name=Spotify&amp;url=https%3A%2F%2Fopen.spotify.com%2Fplaylist%2F4miQwyKNtSJsHZ5PEbq9tv&amp;image=https%3A%2F%2Fi.scdn.co%2Fimage%2Fab67706c0000da84b508dc28bd97d2c3092fc21c&amp;key=2aa3c4d5f3de4f5b9120b660ad850dc9&amp;type=text%2Fhtml&amp;schema=spotify"" width=""456"" height=""352"" scrolling=""no"" title=""Spotify embed"" frameborder=""0"" allow=""autoplay; fullscreen; encrypted-media; picture-in-picture;"" allowfullscreen=""true""&gt;&lt;/iframe&gt;', 'width': 456, 'scrolling': False, 'height': 352}",,,False,[],"{'type': 'open.spotify.com', 'oembed': {'provider_url': 'https://spotify.com', 'description': 'sonder · Playlist · 287 songs · 3 likes', 'title': 'sonder', 'type': 'rich', 'thumbnail_width': 300, 'height': 352, 'width': 456, 'html': '&lt;iframe class=""embedly-embed"" src=""https://cdn.embedly.com/widgets/media.html?src=https%3A%2F%2Fopen.spotify.com%2Fembed%2Fplaylist%2F4miQwyKNtSJsHZ5PEbq9tv%3Futm_source%3Doembed&amp;display_name=Spotify&amp;url=https%3A%2F%2Fopen.spotify.com%2Fplaylist%2F4miQwyKNtSJsHZ5PEbq9tv&amp;image=https%3A%2F%2Fi.scdn.co%2Fimage%2Fab67706c0000da84b508dc28bd97d2c3092fc21c&amp;key=2aa3c4d5f3de4f5b9120b660ad850dc9&amp;type=text%2Fhtml&amp;schema=spotify"" width=""456"" height=""352"" scrolling=""no"" title=""Spotify embed"" frameborder=""0"" allow=""autoplay; fullscreen; encrypted-media; picture-in-picture;"" allowfullscreen=""true""&gt;&lt;/iframe&gt;', 'version': '1.0', 'provider_name': 'Spotify', 'thumbnail_url': 'https://i.scdn.co/image/ab67706c0000da84b508dc28bd97d2c3092fc21c', 'thumbnail_height': 300}}",False,False,,"{'content': '&lt;iframe class=""embedly-embed"" src=""https://cdn.embedly.com/widgets/media.html?src=https%3A%2F%2Fopen.spotify.com%2Fembed%2Fplaylist%2F4miQwyKNtSJsHZ5PEbq9tv%3Futm_source%3Doembed&amp;display_name=Spotify&amp;url=https%3A%2F%2Fopen.spotify.com%2Fplaylist%2F4miQwyKNtSJsHZ5PEbq9tv&amp;image=https%3A%2F%2Fi.scdn.co%2Fimage%2Fab67706c0000da84b508dc28bd97d2c3092fc21c&amp;key=2aa3c4d5f3de4f5b9120b660ad850dc9&amp;type=text%2Fhtml&amp;schema=spotify"" width=""456"" height=""352"" scrolling=""no"" title=""Spotify embed"" frameborder=""0"" allow=""autoplay; fullscreen; encrypted-media; picture-in-picture;"" allowfullscreen=""true""&gt;&lt;/iframe&gt;', 'width': 456, 'scrolling': False, 'media_domain_url': 'https://www.redditmedia.com/mediaembed/19coevr', 'height': 352}","Playlist - Theme  (Party, Beach, Study)",False,0,,False,False,,False,,[],{},,,False,public,1705901682.0,text,6,,,text,open.spotify.com,False,,,,,,False,True,False,False,False,,[],[],False,64fa8956-9fa3-11ea-ba10-0e669a062341,False,False,False,,[],False,,,,t5_2qofj,False,,,,#ffd635,19coevr,True,,Ricora,,0,True,all_ads,False,[],False,,/r/spotify/comments/19coevr/sonder_late_night_rb_jams_from_artists_like_kali/,all_ads,False,https://open.spotify.com/playlist/4miQwyKNtSJsHZ5PEbq9tv?si=caa601e95fd84b1d,1396770,1705901682.0,0,"{'type': 'open.spotify.com', 'oembed': {'provider_url': 'https://spotify.com', 'description': 'sonder · Playlist · 287 songs · 3 likes', 'title': 'sonder', 'type': 'rich', 'thumbnail_width': 300, 'height': 352, 'width': 456, 'html': '&lt;iframe class=""embedly-embed"" src=""https://cdn.embedly.com/widgets/media.html?src=https%3A%2F%2Fopen.spotify.com%2Fembed%2Fplaylist%2F4miQwyKNtSJsHZ5PEbq9tv%3Futm_source%3Doembed&amp;display_name=Spotify&amp;url=https%3A%2F%2Fopen.spotify.com%2Fplaylist%2F4miQwyKNtSJsHZ5PEbq9tv&amp;image=https%3A%2F%2Fi.scdn.co%2Fimage%2Fab67706c0000da84b508dc28bd97d2c3092fc21c&amp;key=2aa3c4d5f3de4f5b9120b660ad850dc9&amp;type=text%2Fhtml&amp;schema=spotify"" width=""456"" height=""352"" scrolling=""no"" title=""Spotify embed"" frameborder=""0"" allow=""autoplay; fullscreen; encrypted-media; picture-in-picture;"" allowfullscreen=""true""&gt;&lt;/iframe&gt;', 'version': '1.0', 'provider_name': 'Spotify', 'thumbnail_url': 'https://i.scdn.co/image/ab67706c0000da84b508dc28bd97d2c3092fc21c', 'thumbnail_height': 300}}",False,https://open.spotify.com/playlist/4miQwyKNtSJsHZ5PEbq9tv?si=caa601e95fd84b1d,,,
,spotify,Handpicked for an alternative listening experience.,t2_d2u1twv6,False,,0,False,"Over 35 hours of my favourite music released in 2023. Indie, folk, dream pop, new wave, alternative, electronica, jazz, ambient, blues, Americana, and more.",[],r/spotify,False,6,playlist,0,,,False,,t3_19cgv3t,False,dark,0.81,,3,0,"{'content': '&lt;iframe class=""embedly-embed"" src=""https://cdn.embedly.com/widgets/media.html?src=https%3A%2F%2Fopen.spotify.com%2Fembed%2Fplaylist%2F3s1PTSKogu2p9L347oC58I%3Futm_source%3Doembed&amp;display_name=Spotify&amp;url=https%3A%2F%2Fopen.spotify.com%2Fplaylist%2F3s1PTSKogu2p9L347oC58I&amp;image=https%3A%2F%2Fi.scdn.co%2Fimage%2Fab67706c0000da8476de522968fff08cceaaa17c&amp;key=2aa3c4d5f3de4f5b9120b660ad850dc9&amp;type=text%2Fhtml&amp;schema=spotify"" width=""456"" height=""352"" scrolling=""no"" title=""Spotify embed"" frameborder=""0"" allow=""autoplay; fullscreen; encrypted-media; picture-in-picture;"" allowfullscreen=""true""&gt;&lt;/iframe&gt;', 'width': 456, 'scrolling': False, 'height': 352}",,,False,[],"{'type': 'open.spotify.com', 'oembed': {'provider_url': 'https://spotify.com', 'description': ""The Archives: Release Radio '23 · Playlist · 506 songs · 3 likes"", 'title': ""The Archives: Release Radio '23"", 'type': 'rich', 'thumbnail_width': 300, 'height': 352, 'width': 456, 'html': '&lt;iframe class=""embedly-embed"" src=""https://cdn.embedly.com/widgets/media.html?src=https%3A%2F%2Fopen.spotify.com%2Fembed%2Fplaylist%2F3s1PTSKogu2p9L347oC58I%3Futm_source%3Doembed&amp;display_name=Spotify&amp;url=https%3A%2F%2Fopen.spotify.com%2Fplaylist%2F3s1PTSKogu2p9L347oC58I&amp;image=https%3A%2F%2Fi.scdn.co%2Fimage%2Fab67706c0000da8476de522968fff08cceaaa17c&amp;key=2aa3c4d5f3de4f5b9120b660ad850dc9&amp;type=text%2Fhtml&amp;schema=spotify"" width=""456"" height=""352"" scrolling=""no"" title=""Spotify embed"" frameborder=""0"" allow=""autoplay; fullscreen; encrypted-media; picture-in-picture;"" allowfullscreen=""true""&gt;&lt;/iframe&gt;', 'version': '1.0', 'provider_name': 'Spotify', 'thumbnail_url': 'https://i.scdn.co/image/ab67706c0000da8476de522968fff08cceaaa17c', 'thumbnail_height': 300}}",False,False,,"{'content': '&lt;iframe class=""embedly-embed"" src=""https://cdn.embedly.com/widgets/media.html?src=https%3A%2F%2Fopen.spotify.com%2Fembed%2Fplaylist%2F3s1PTSKogu2p9L347oC58I%3Futm_source%3Doembed&amp;display_name=Spotify&amp;url=https%3A%2F%2Fopen.spotify.com%2Fplaylist%2F3s1PTSKogu2p9L347oC58I&amp;image=https%3A%2F%2Fi.scdn.co%2Fimage%2Fab67706c0000da8476de522968fff08cceaaa17c&amp;key=2aa3c4d5f3de4f5b9120b660ad850dc9&amp;type=text%2Fhtml&amp;schema=spotify"" width=""456"" height=""352"" scrolling=""no"" title=""Spotify embed"" frameborder=""0"" allow=""autoplay; fullscreen; encrypted-media; picture-in-picture;"" allowfullscreen=""true""&gt;&lt;/iframe&gt;', 'width': 456, 'scrolling': False, 'media_domain_url': 'https://www.redditmedia.com/mediaembed/19cgv3t', 'height': 352}",Playlist - Random / Other / No Theme,False,3,,False,False,,False,,[],{},,,False,public,1705878928.0,text,6,,,text,open.spotify.com,False,"&lt;!-- SC_OFF --&gt;&lt;div class=""md""&gt;&lt;p&gt;Handpicked for an alternative listening experience.&lt;/p&gt;
&lt;/div&gt;&lt;!-- SC_ON --&gt;",,,,,False,False,False,False,False,,[],[],False,5fb11b10-99e4-11e9-afa4-0e71ebf0abb0,False,False,False,,[],False,,,,t5_2qofj,False,,,,#46d160,19cgv3t,True,,Laitagnome,,0,True,all_ads,False,[],False,,/r/spotify/comments/19cgv3t/over_35_hours_of_my_favourite_music_released_in/,all_ads,False,https://open.spotify.com/playlist/3s1PTSKogu2p9L347oC58I?si=CSjN_vlqQG-65Oe66LnCpw&amp;pi=e-tLvyD-biRDGi,1396770,1705878928.0,0,"{'type': 'open.spotify.com', 'oembed': {'provider_url': 'https://spotify.com', 'description': ""The Archives: Release Radio '23 · Playlist · 506 songs · 3 likes"", 'title': ""The Archives: Release Radio '23"", 'type': 'rich', 'thumbnail_width': 300, 'height': 352, 'width': 456, 'html': '&lt;iframe class=""embedly-embed"" src=""https://cdn.embedly.com/widgets/media.html?src=https%3A%2F%2Fopen.spotify.com%2Fembed%2Fplaylist%2F3s1PTSKogu2p9L347oC58I%3Futm_source%3Doembed&amp;display_name=Spotify&amp;url=https%3A%2F%2Fopen.spotify.com%2Fplaylist%2F3s1PTSKogu2p9L347oC58I&amp;image=https%3A%2F%2Fi.scdn.co%2Fimage%2Fab67706c0000da8476de522968fff08cceaaa17c&amp;key=2aa3c4d5f3de4f5b9120b660ad850dc9&amp;type=text%2Fhtml&amp;schema=spotify"" width=""456"" height=""352"" scrolling=""no"" title=""Spotify embed"" frameborder=""0"" allow=""autoplay; fullscreen; encrypted-media; picture-in-picture;"" allowfullscreen=""true""&gt;&lt;/iframe&gt;', 'version': '1.0', 'provider_name': 'Spotify', 'thumbnail_url': 'https://i.scdn.co/image/ab67706c0000da8476de522968fff08cceaaa17c', 'thumbnail_height': 300}}",False,https://open.spotify.com/playlist/3s1PTSKogu2p9L347oC58I?si=CSjN_vlqQG-65Oe66LnCpw&amp;pi=e-tLvyD-biRDGi,,,
,spotify,,t2_a6nabf0o,False,,0,False,Lets Go,[],r/spotify,False,6,,0,,,False,,t3_19cneiu,False,dark,1.0,,1,0,"{'content': '&lt;iframe class=""embedly-embed"" src=""https://cdn.embedly.com/widgets/media.html?src=https%3A%2F%2Fopen.spotify.com%2Fembed%2Fplaylist%2F56g9z9dzz2kIW1QLFVSyVw%3Futm_source%3Doembed&amp;display_name=Spotify&amp;url=https%3A%2F%2Fopen.spotify.com%2Fplaylist%2F56g9z9dzz2kIW1QLFVSyVw&amp;image=https%3A%2F%2Fi.scdn.co%2Fimage%2Fab67706c0000da84d601db0f624dcd88e9cee325&amp;key=2aa3c4d5f3de4f5b9120b660ad850dc9&amp;type=text%2Fhtml&amp;schema=spotify"" width=""456"" height=""352"" scrolling=""no"" title=""Spotify embed"" frameborder=""0"" allow=""autoplay; fullscreen; encrypted-media; picture-in-picture;"" allowfullscreen=""true""&gt;&lt;/iframe&gt;', 'width': 456, 'scrolling': False, 'height': 352}",,,False,[],"{'type': 'open.spotify.com', 'oembed': {'provider_url': 'https://spotify.com', 'description': ""Let's Go | DJ Party | by Arma Avenue · Playlist · 75 songs · 34.5K likes"", 'title': ""Let's Go | DJ Party | by Arma Avenue"", 'type': 'rich', 'thumbnail_width': 300, 'height': 352, 'width': 456, 'html': '&lt;iframe class=""embedly-embed"" src=""https://cdn.embedly.com/widgets/media.html?src=https%3A%2F%2Fopen.spotify.com%2Fembed%2Fplaylist%2F56g9z9dzz2kIW1QLFVSyVw%3Futm_source%3Doembed&amp;display_name=Spotify&amp;url=https%3A%2F%2Fopen.spotify.com%2Fplaylist%2F56g9z9dzz2kIW1QLFVSyVw&amp;image=https%3A%2F%2Fi.scdn.co%2Fimage%2Fab67706c0000da84d601db0f624dcd88e9cee325&amp;key=2aa3c4d5f3de4f5b9120b660ad850dc9&amp;type=text%2Fhtml&amp;schema=spotify"" width=""456"" height=""352"" scrolling=""no"" title=""Spotify embed"" frameborder=""0"" allow=""autoplay; fullscreen; encrypted-media; picture-in-picture;"" allowfullscreen=""true""&gt;&lt;/iframe&gt;', 'version': '1.0', 'provider_name': 'Spotify', 'thumbnail_url': 'https://i.scdn.co/image/ab67706c0000da84d601db0f624dcd88e9cee325', 'thumbnail_height': 275}}",False,False,,"{'content': '&lt;iframe class=""embedly-embed"" src=""https://cdn.embedly.com/widgets/media.html?src=https%3A%2F%2Fopen.spotify.com%2Fembed%2Fplaylist%2F56g9z9dzz2kIW1QLFVSyVw%3Futm_source%3Doembed&amp;display_name=Spotify&amp;url=https%3A%2F%2Fopen.spotify.com%2Fplaylist%2F56g9z9dzz2kIW1QLFVSyVw&amp;image=https%3A%2F%2Fi.scdn.co%2Fimage%2Fab67706c0000da84d601db0f624dcd88e9cee325&amp;key=2aa3c4d5f3de4f5b9120b660ad850dc9&amp;type=text%2Fhtml&amp;schema=spotify"" width=""456"" height=""352"" scrolling=""no"" title=""Spotify embed"" frameborder=""0"" allow=""autoplay; fullscreen; encrypted-media; picture-in-picture;"" allowfullscreen=""true""&gt;&lt;/iframe&gt;', 'width': 456, 'scrolling': False, 'media_domain_url': 'https://www.redditmedia.com/mediaembed/19cneiu', 'height': 352}",Playlist - Electronic / EDM / Dance,False,1,,False,False,,False,,[],{},,,False,public,1705898340.0,text,6,,,text,open.spotify.com,False,,,,,,False,True,False,False,False,,[],[],False,0cbd2a8e-9fa1-11ea-8e59-0e59b1c879f3,False,False,False,,[],False,,,,t5_2qofj,False,,,,#7193ff,19cneiu,True,,Tauras_Arma,,1,True,all_ads,False,[],False,,/r/spotify/comments/19cneiu/lets_go/,all_ads,False,https://open.spotify.com/playlist/56g9z9dzz2kIW1QLFVSyVw?si=fd2e95b177b348ab,1396770,1705898340.0,0,"{'type': 'open.spotify.com', 'oembed': {'provider_url': 'https://spotify.com', 'description': ""Let's Go | DJ Party | by Arma Avenue · Playlist · 75 songs · 34.5K likes"", 'title': ""Let's Go | DJ Party | by Arma Avenue"", 'type': 'rich', 'thumbnail_width': 300, 'height': 352, 'width': 456, 'html': '&lt;iframe class=""embedly-embed"" src=""https://cdn.embedly.com/widgets/media.html?src=https%3A%2F%2Fopen.spotify.com%2Fembed%2Fplaylist%2F56g9z9dzz2kIW1QLFVSyVw%3Futm_source%3Doembed&amp;display_name=Spotify&amp;url=https%3A%2F%2Fopen.spotify.com%2Fplaylist%2F56g9z9dzz2kIW1QLFVSyVw&amp;image=https%3A%2F%2Fi.scdn.co%2Fimage%2Fab67706c0000da84d601db0f624dcd88e9cee325&amp;key=2aa3c4d5f3de4f5b9120b660ad850dc9&amp;type=text%2Fhtml&amp;schema=spotify"" width=""456"" height=""352"" scrolling=""no"" title=""Spotify embed"" frameborder=""0"" allow=""autoplay; fullscreen; encrypted-media; picture-in-picture;"" allowfullscreen=""true""&gt;&lt;/iframe&gt;', 'version': '1.0', 'provider_name': 'Spotify', 'thumbnail_url': 'https://i.scdn.co/image/ab67706c0000da84d601db0f624dcd88e9cee325', 'thumbnail_height': 275}}",False,https://open.spotify.com/playlist/56g9z9dzz2kIW1QLFVSyVw?si=fd2e95b177b348ab,,,
,spotify,,t2_gi7l7km5o,False,,0,False,Marti Shanti - Sciath [Flute],[],r/spotify,False,6,,0,,,False,,t3_19c998u,False,dark,1.0,,8,0,"{'content': '&lt;iframe class=""embedly-embed"" src=""https://cdn.embedly.com/widgets/media.html?src=https%3A%2F%2Fopen.spotify.com%2Fembed%2Ftrack%2F4ehIhxDU5uqZtjBaaBNTzB%3Futm_source%3Doembed&amp;display_name=Spotify&amp;url=https%3A%2F%2Fopen.spotify.com%2Ftrack%2F4ehIhxDU5uqZtjBaaBNTzB&amp;image=https%3A%2F%2Fi.scdn.co%2Fimage%2Fab67616d00001e02e6622d6cb2efdaacc0614e04&amp;key=2aa3c4d5f3de4f5b9120b660ad850dc9&amp;type=text%2Fhtml&amp;schema=spotify"" width=""456"" height=""152"" scrolling=""no"" title=""Spotify embed"" frameborder=""0"" allow=""autoplay; fullscreen; encrypted-media; picture-in-picture;"" allowfullscreen=""true""&gt;&lt;/iframe&gt;', 'width': 456, 'scrolling': False, 'height': 152}",,,False,[],"{'type': 'open.spotify.com', 'oembed': {'provider_url': 'https://spotify.com', 'description': 'Listen to Sciath on Spotify. Marti Shanti · Song · 2024.', 'title': 'Sciath', 'type': 'rich', 'thumbnail_width': 300, 'height': 152, 'width': 456, 'html': '&lt;iframe class=""embedly-embed"" src=""https://cdn.embedly.com/widgets/media.html?src=https%3A%2F%2Fopen.spotify.com%2Fembed%2Ftrack%2F4ehIhxDU5uqZtjBaaBNTzB%3Futm_source%3Doembed&amp;display_name=Spotify&amp;url=https%3A%2F%2Fopen.spotify.com%2Ftrack%2F4ehIhxDU5uqZtjBaaBNTzB&amp;image=https%3A%2F%2Fi.scdn.co%2Fimage%2Fab67616d00001e02e6622d6cb2efdaacc0614e04&amp;key=2aa3c4d5f3de4f5b9120b660ad850dc9&amp;type=text%2Fhtml&amp;schema=spotify"" width=""456"" height=""152"" scrolling=""no"" title=""Spotify embed"" frameborder=""0"" allow=""autoplay; fullscreen; encrypted-media; picture-in-picture;"" allowfullscreen=""true""&gt;&lt;/iframe&gt;', 'version': '1.0', 'provider_name': 'Spotify', 'thumbnail_url': 'https://i.scdn.co/image/ab67616d00001e02e6622d6cb2efdaacc0614e04', 'thumbnail_height': 300}}",False,False,,"{'content': '&lt;iframe class=""embedly-embed"" src=""https://cdn.embedly.com/widgets/media.html?src=https%3A%2F%2Fopen.spotify.com%2Fembed%2Ftrack%2F4ehIhxDU5uqZtjBaaBNTzB%3Futm_source%3Doembed&amp;display_name=Spotify&amp;url=https%3A%2F%2Fopen.spotify.com%2Ftrack%2F4ehIhxDU5uqZtjBaaBNTzB&amp;image=https%3A%2F%2Fi.scdn.co%2Fimage%2Fab67616d00001e02e6622d6cb2efdaacc0614e04&amp;key=2aa3c4d5f3de4f5b9120b660ad850dc9&amp;type=text%2Fhtml&amp;schema=spotify"" width=""456"" height=""152"" scrolling=""no"" title=""Spotify embed"" frameborder=""0"" allow=""autoplay; fullscreen; encrypted-media; picture-in-picture;"" allowfullscreen=""true""&gt;&lt;/iframe&gt;', 'width': 456, 'scrolling': False, 'media_domain_url': 'https://www.redditmedia.com/mediaembed/19c998u', 'height': 152}","Playlist - Mood/Feeling (Chill, Lofi, Uplifting)",False,8,,False,False,,False,,[],{},,,False,public,1705859874.0,text,6,,,text,open.spotify.com,False,,,,,,False,False,False,False,False,,[],[],False,ede46e42-9fa0-11ea-8c94-0e70d5715363,False,False,False,,[],False,,,,t5_2qofj,False,,,,#c300c1,19c998u,True,,Brimbadil,,0,True,all_ads,False,[],False,,/r/spotify/comments/19c998u/marti_shanti_sciath_flute/,all_ads,False,https://open.spotify.com/track/4ehIhxDU5uqZtjBaaBNTzB?si=57ee9e29499d452c,1396770,1705859874.0,0,"{'type': 'open.spotify.com', 'oembed': {'provider_url': 'https://spotify.com', 'description': 'Listen to Sciath on Spotify. Marti Shanti · Song · 2024.', 'title': 'Sciath', 'type': 'rich', 'thumbnail_width': 300, 'height': 152, 'width': 456, 'html': '&lt;iframe class=""embedly-embed"" src=""https://cdn.embedly.com/widgets/media.html?src=https%3A%2F%2Fopen.spotify.com%2Fembed%2Ftrack%2F4ehIhxDU5uqZtjBaaBNTzB%3Futm_source%3Doembed&amp;display_name=Spotify&amp;url=https%3A%2F%2Fopen.spotify.com%2Ftrack%2F4ehIhxDU5uqZtjBaaBNTzB&amp;image=https%3A%2F%2Fi.scdn.co%2Fimage%2Fab67616d00001e02e6622d6cb2efdaacc0614e04&amp;key=2aa3c4d5f3de4f5b9120b660ad850dc9&amp;type=text%2Fhtml&amp;schema=spotify"" width=""456"" height=""152"" scrolling=""no"" title=""Spotify embed"" frameborder=""0"" allow=""autoplay; fullscreen; encrypted-media; picture-in-picture;"" allowfullscreen=""true""&gt;&lt;/iframe&gt;', 'version': '1.0', 'provider_name': 'Spotify', 'thumbnail_url': 'https://i.scdn.co/image/ab67616d00001e02e6622d6cb2efdaacc0614e04', 'thumbnail_height': 300}}",False,https://open.spotify.com/track/4ehIhxDU5uqZtjBaaBNTzB?si=57ee9e29499d452c,,,
,spotify,"I know nothing about music and what people are listening to, and as such any suggestions are welcome!",t2_5gky747z0,False,,0,False,"I'm a high school guy who somehow has very little exposure to music, and I would like to know what I should listen to!",[],r/spotify,False,6,favors,0,,,False,,t3_19botq1,False,dark,0.97,,216,0,{},,,False,[],,False,False,,{},Song / Artist / Album / Playlist Requests,False,216,,False,False,,False,,[],{},,,True,public,1705792533.0,text,6,,,text,self.spotify,False,"&lt;!-- SC_OFF --&gt;&lt;div class=""md""&gt;&lt;p&gt;I know nothing about music and what people are listening to, and as such any suggestions are welcome!&lt;/p&gt;
&lt;/div&gt;&lt;!-- SC_ON --&gt;",,,,,False,False,False,False,False,,[],[],False,b188c2f4-9a2e-11e9-9464-0e9d067aecce,False,False,False,,[],False,,,,t5_2qofj,False,,,,#94e044,19botq1,True,,Ozone220,,322,True,all_ads,False,[],False,,/r/spotify/comments/19botq1/im_a_high_school_guy_who_somehow_has_very_little/,all_ads,False,https://www.reddit.com/r/spotify/comments/19botq1/im_a_high_school_guy_who_somehow_has_very_little/,1396770,1705792533.0,1,,False,,,,
,spotify,"I'm doing my own version of the album challenge, where I listen to complete albums of songs I love or from artists I want more of. I started with 'The Suburbs' by Arcade Fire, and listening to their songs within the context of the album blew me away. Do you have any album suggestions similar to that? Basically, I'm looking for albums that make the story feel complete when you listen to the entirety of it.",t2_8ypq7mui,False,,0,False,Albums that tell a story,[],r/spotify,False,6,favors,0,,,False,,t3_19by0zj,False,dark,0.95,,41,0,{},,,False,[],,False,False,,{},Song / Artist / Album / Playlist Requests,False,41,,False,False,,False,,[],{},,,True,public,1705822413.0,text,6,,,text,self.spotify,False,"&lt;!-- SC_OFF --&gt;&lt;div class=""md""&gt;&lt;p&gt;I&amp;#39;m doing my own version of the album challenge, where I listen to complete albums of songs I love or from artists I want more of. I started with &amp;#39;The Suburbs&amp;#39; by Arcade Fire, and listening to their songs within the context of the album blew me away. Do you have any album suggestions similar to that? Basically, I&amp;#39;m looking for albums that make the story feel complete when you listen to the entirety of it.&lt;/p&gt;
&lt;/div&gt;&lt;!-- SC_ON --&gt;",,,,,False,False,False,False,False,,[],[],False,b188c2f4-9a2e-11e9-9464-0e9d067aecce,False,False,False,,[],False,,,,t5_2qofj,False,,,,#94e044,19by0zj,True,,NeptunesDream,,91,True,all_ads,False,[],False,,/r/spotify/comments/19by0zj/albums_that_tell_a_story/,all_ads,False,https://www.reddit.com/r/spotify/comments/19by0zj/albums_that_tell_a_story/,1396770,1705822413.0,0,,False,,,,
,spotify,"Not a functional playlist (not gonna listen in one sitting). Half are memes. Welcome to suggestions. I couldn't sort it if I tried for genre.  


[https://open.spotify.com/playlist/6yRatUL6atoPl8pNOINNaz?si=ba3ada7a45544835](https://open.spotify.com/playlist/6yRatUL6atoPl8pNOINNaz?si=ba3ada7a45544835)",t2_bu4a1c1mz,False,,0,False,Random Playlist,[],r/spotify,False,6,playlist,0,,,False,,t3_19ckady,False,dark,1.0,,1,0,{},,,False,[],,False,False,,{},Playlist - Random / Other / No Theme,False,1,,False,False,,False,,[],{},,,True,public,1705888620.0,text,6,,,text,self.spotify,False,"&lt;!-- SC_OFF --&gt;&lt;div class=""md""&gt;&lt;p&gt;Not a functional playlist (not gonna listen in one sitting). Half are memes. Welcome to suggestions. I couldn&amp;#39;t sort it if I tried for genre.  &lt;/p&gt;

&lt;p&gt;&lt;a href=""https://open.spotify.com/playlist/6yRatUL6atoPl8pNOINNaz?si=ba3ada7a45544835""&gt;https://open.spotify.com/playlist/6yRatUL6atoPl8pNOINNaz?si=ba3ada7a45544835&lt;/a&gt;&lt;/p&gt;
&lt;/div&gt;&lt;!-- SC_ON --&gt;",,,,,False,True,False,False,False,,[],[],False,5fb11b10-99e4-11e9-afa4-0e71ebf0abb0,False,False,False,,[],False,,,,t5_2qofj,False,,,,#46d160,19ckady,True,,Motor_Combination677,,0,True,all_ads,False,[],False,,/r/spotify/comments/19ckady/random_playlist/,all_ads,False,https://www.reddit.com/r/spotify/comments/19ckady/random_playlist/,1396770,1705888620.0,0,,False,,,,
,spotify,"I have perhaps 5000 songs in my library or close to (I need to delete the duplicated songs to really tell). I want to sort my music by mood playlists and was wondering what does everyone here do? I really like the short playlists made to have a flow but I think it's harder work then the generally long playlists for shuffle purposes and would require a bunch of them. I've started to make well curated shorter playlists of 90 minutes limite or so but thought about just giving up at this point and making playlists of 100 - 200 songs made to shuffle. 

Also what are your way for playlists arrangement? Do you have multiple folders? Do you have any rules? I struggle to find what type of moods should build my playlists on. I really need a convenient way to sort my 5000 liked songs and a bit of inspiration. I can use your help.",t2_hkaj3,False,,0,False,Short playlists for order listening vs long playlists for shuffle listening. What is your method?,[],r/spotify,False,6,question,0,,,False,,t3_19cjmso,False,light,0.67,,1,0,{},,,False,[],,False,False,,{},Question / Discussion,False,1,,False,False,,False,,[],{},,,True,public,1705886643.0,text,6,,,text,self.spotify,False,"&lt;!-- SC_OFF --&gt;&lt;div class=""md""&gt;&lt;p&gt;I have perhaps 5000 songs in my library or close to (I need to delete the duplicated songs to really tell). I want to sort my music by mood playlists and was wondering what does everyone here do? I really like the short playlists made to have a flow but I think it&amp;#39;s harder work then the generally long playlists for shuffle purposes and would require a bunch of them. I&amp;#39;ve started to make well curated shorter playlists of 90 minutes limite or so but thought about just giving up at this point and making playlists of 100 - 200 songs made to shuffle. &lt;/p&gt;

&lt;p&gt;Also what are your way for playlists arrangement? Do you have multiple folders? Do you have any rules? I struggle to find what type of moods should build my playlists on. I really need a convenient way to sort my 5000 liked songs and a bit of inspiration. I can use your help.&lt;/p&gt;
&lt;/div&gt;&lt;!-- SC_ON --&gt;",,,,,False,True,False,False,False,,[],[],False,58828680-99e4-11e9-9cfc-0e6137c47742,False,False,False,,[],False,,,,t5_2qofj,False,,,,#d3d6da,19cjmso,True,,MrSebasss,,3,True,all_ads,False,[],False,,/r/spotify/comments/19cjmso/short_playlists_for_order_listening_vs_long/,all_ads,False,https://www.reddit.com/r/spotify/comments/19cjmso/short_playlists_for_order_listening_vs_long/,1396770,1705886643.0,0,,False,,,,
,spotify,,t2_rnfwm9z5,False,,0,False,Best Shoegaze,[],r/spotify,False,6,,0,,,False,,t3_19cehvx,False,dark,1.0,,2,0,"{'content': '&lt;iframe class=""embedly-embed"" src=""https://cdn.embedly.com/widgets/media.html?src=https%3A%2F%2Fopen.spotify.com%2Fembed%2Fplaylist%2F7FyfUzKNOpfv8CxIDSgxtY%3Futm_source%3Doembed&amp;display_name=Spotify&amp;url=https%3A%2F%2Fopen.spotify.com%2Fplaylist%2F7FyfUzKNOpfv8CxIDSgxtY&amp;image=https%3A%2F%2Fmosaic.scdn.co%2F300%2Fab67616d00001e020ede770070357575bc050511ab67616d00001e025b956c9f8b6f17910d7d0fdbab67616d00001e027f13c9391e9a8ca982fd30efab67616d00001e02f6e31941d10e4819d290af41&amp;key=2aa3c4d5f3de4f5b9120b660ad850dc9&amp;type=text%2Fhtml&amp;schema=spotify"" width=""456"" height=""352"" scrolling=""no"" title=""Spotify embed"" frameborder=""0"" allow=""autoplay; fullscreen; encrypted-media; picture-in-picture;"" allowfullscreen=""true""&gt;&lt;/iframe&gt;', 'width': 456, 'scrolling': False, 'height': 352}",,,False,[],"{'type': 'open.spotify.com', 'oembed': {'provider_url': 'https://spotify.com', 'description': 'Rock Climbing · Playlist · 109 songs · 5 likes', 'title': 'Rock Climbing', 'type': 'rich', 'thumbnail_width': 300, 'height': 352, 'width': 456, 'html': '&lt;iframe class=""embedly-embed"" src=""https://cdn.embedly.com/widgets/media.html?src=https%3A%2F%2Fopen.spotify.com%2Fembed%2Fplaylist%2F7FyfUzKNOpfv8CxIDSgxtY%3Futm_source%3Doembed&amp;display_name=Spotify&amp;url=https%3A%2F%2Fopen.spotify.com%2Fplaylist%2F7FyfUzKNOpfv8CxIDSgxtY&amp;image=https%3A%2F%2Fmosaic.scdn.co%2F300%2Fab67616d00001e020ede770070357575bc050511ab67616d00001e025b956c9f8b6f17910d7d0fdbab67616d00001e027f13c9391e9a8ca982fd30efab67616d00001e02f6e31941d10e4819d290af41&amp;key=2aa3c4d5f3de4f5b9120b660ad850dc9&amp;type=text%2Fhtml&amp;schema=spotify"" width=""456"" height=""352"" scrolling=""no"" title=""Spotify embed"" frameborder=""0"" allow=""autoplay; fullscreen; encrypted-media; picture-in-picture;"" allowfullscreen=""true""&gt;&lt;/iframe&gt;', 'version': '1.0', 'provider_name': 'Spotify', 'thumbnail_url': 'https://mosaic.scdn.co/300/ab67616d00001e020ede770070357575bc050511ab67616d00001e025b956c9f8b6f17910d7d0fdbab67616d00001e027f13c9391e9a8ca982fd30efab67616d00001e02f6e31941d10e4819d290af41', 'thumbnail_height': 300}}",False,False,,"{'content': '&lt;iframe class=""embedly-embed"" src=""https://cdn.embedly.com/widgets/media.html?src=https%3A%2F%2Fopen.spotify.com%2Fembed%2Fplaylist%2F7FyfUzKNOpfv8CxIDSgxtY%3Futm_source%3Doembed&amp;display_name=Spotify&amp;url=https%3A%2F%2Fopen.spotify.com%2Fplaylist%2F7FyfUzKNOpfv8CxIDSgxtY&amp;image=https%3A%2F%2Fmosaic.scdn.co%2F300%2Fab67616d00001e020ede770070357575bc050511ab67616d00001e025b956c9f8b6f17910d7d0fdbab67616d00001e027f13c9391e9a8ca982fd30efab67616d00001e02f6e31941d10e4819d290af41&amp;key=2aa3c4d5f3de4f5b9120b660ad850dc9&amp;type=text%2Fhtml&amp;schema=spotify"" width=""456"" height=""352"" scrolling=""no"" title=""Spotify embed"" frameborder=""0"" allow=""autoplay; fullscreen; encrypted-media; picture-in-picture;"" allowfullscreen=""true""&gt;&lt;/iframe&gt;', 'width': 456, 'scrolling': False, 'media_domain_url': 'https://www.redditmedia.com/mediaembed/19cehvx', 'height': 352}",Playlist - Rock/Metal/Indie/Alt,False,2,,False,False,,False,,[],{},,,False,public,1705872907.0,text,6,,,text,open.spotify.com,False,,,,,,False,False,False,False,False,,[],[],False,d0dbfc3e-9fa0-11ea-9b6c-0e248f77e35b,False,False,False,,[],False,,,,t5_2qofj,False,,,,#fb8f1b,19cehvx,True,,followonspotify,,0,True,all_ads,False,[],False,,/r/spotify/comments/19cehvx/best_shoegaze/,all_ads,False,https://open.spotify.com/playlist/7FyfUzKNOpfv8CxIDSgxtY?si=4e933515f4214fc5,1396770,1705872907.0,0,"{'type': 'open.spotify.com', 'oembed': {'provider_url': 'https://spotify.com', 'description': 'Rock Climbing · Playlist · 109 songs · 5 likes', 'title': 'Rock Climbing', 'type': 'rich', 'thumbnail_width': 300, 'height': 352, 'width': 456, 'html': '&lt;iframe class=""embedly-embed"" src=""https://cdn.embedly.com/widgets/media.html?src=https%3A%2F%2Fopen.spotify.com%2Fembed%2Fplaylist%2F7FyfUzKNOpfv8CxIDSgxtY%3Futm_source%3Doembed&amp;display_name=Spotify&amp;url=https%3A%2F%2Fopen.spotify.com%2Fplaylist%2F7FyfUzKNOpfv8CxIDSgxtY&amp;image=https%3A%2F%2Fmosaic.scdn.co%2F300%2Fab67616d00001e020ede770070357575bc050511ab67616d00001e025b956c9f8b6f17910d7d0fdbab67616d00001e027f13c9391e9a8ca982fd30efab67616d00001e02f6e31941d10e4819d290af41&amp;key=2aa3c4d5f3de4f5b9120b660ad850dc9&amp;type=text%2Fhtml&amp;schema=spotify"" width=""456"" height=""352"" scrolling=""no"" title=""Spotify embed"" frameborder=""0"" allow=""autoplay; fullscreen; encrypted-media; picture-in-picture;"" allowfullscreen=""true""&gt;&lt;/iframe&gt;', 'version': '1.0', 'provider_name': 'Spotify', 'thumbnail_url': 'https://mosaic.scdn.co/300/ab67616d00001e020ede770070357575bc050511ab67616d00001e025b956c9f8b6f17910d7d0fdbab67616d00001e027f13c9391e9a8ca982fd30efab67616d00001e02f6e31941d10e4819d290af41', 'thumbnail_height': 300}}",False,https://open.spotify.com/playlist/7FyfUzKNOpfv8CxIDSgxtY?si=4e933515f4214fc5,,,
,spotify,Open for suggestions.,t2_81u3bntt,False,,0,False,PROG/PSYCH METAL,[],r/spotify,False,6,,0,,,False,,t3_19c9uts,False,dark,1.0,,3,0,"{'content': '&lt;iframe class=""embedly-embed"" src=""https://cdn.embedly.com/widgets/media.html?src=https%3A%2F%2Fopen.spotify.com%2Fembed%2Fplaylist%2F74aW5CdMTi2tnWVD4JHIrZ%3Futm_source%3Doembed&amp;display_name=Spotify&amp;url=https%3A%2F%2Fopen.spotify.com%2Fplaylist%2F74aW5CdMTi2tnWVD4JHIrZ&amp;image=https%3A%2F%2Fi.scdn.co%2Fimage%2Fab67706c0000da8499d433e2c42501b70586aece&amp;key=2aa3c4d5f3de4f5b9120b660ad850dc9&amp;type=text%2Fhtml&amp;schema=spotify"" width=""456"" height=""352"" scrolling=""no"" title=""Spotify embed"" frameborder=""0"" allow=""autoplay; fullscreen; encrypted-media; picture-in-picture;"" allowfullscreen=""true""&gt;&lt;/iframe&gt;', 'width': 456, 'scrolling': False, 'height': 352}",,,False,[],"{'type': 'open.spotify.com', 'oembed': {'provider_url': 'https://spotify.com', 'description': 'PROG/PSYCH METAL · Playlist · 58 songs', 'title': 'PROG/PSYCH METAL', 'type': 'rich', 'thumbnail_width': 300, 'height': 352, 'width': 456, 'html': '&lt;iframe class=""embedly-embed"" src=""https://cdn.embedly.com/widgets/media.html?src=https%3A%2F%2Fopen.spotify.com%2Fembed%2Fplaylist%2F74aW5CdMTi2tnWVD4JHIrZ%3Futm_source%3Doembed&amp;display_name=Spotify&amp;url=https%3A%2F%2Fopen.spotify.com%2Fplaylist%2F74aW5CdMTi2tnWVD4JHIrZ&amp;image=https%3A%2F%2Fi.scdn.co%2Fimage%2Fab67706c0000da8499d433e2c42501b70586aece&amp;key=2aa3c4d5f3de4f5b9120b660ad850dc9&amp;type=text%2Fhtml&amp;schema=spotify"" width=""456"" height=""352"" scrolling=""no"" title=""Spotify embed"" frameborder=""0"" allow=""autoplay; fullscreen; encrypted-media; picture-in-picture;"" allowfullscreen=""true""&gt;&lt;/iframe&gt;', 'version': '1.0', 'provider_name': 'Spotify', 'thumbnail_url': 'https://i.scdn.co/image/ab67706c0000da8499d433e2c42501b70586aece', 'thumbnail_height': 300}}",False,False,,"{'content': '&lt;iframe class=""embedly-embed"" src=""https://cdn.embedly.com/widgets/media.html?src=https%3A%2F%2Fopen.spotify.com%2Fembed%2Fplaylist%2F74aW5CdMTi2tnWVD4JHIrZ%3Futm_source%3Doembed&amp;display_name=Spotify&amp;url=https%3A%2F%2Fopen.spotify.com%2Fplaylist%2F74aW5CdMTi2tnWVD4JHIrZ&amp;image=https%3A%2F%2Fi.scdn.co%2Fimage%2Fab67706c0000da8499d433e2c42501b70586aece&amp;key=2aa3c4d5f3de4f5b9120b660ad850dc9&amp;type=text%2Fhtml&amp;schema=spotify"" width=""456"" height=""352"" scrolling=""no"" title=""Spotify embed"" frameborder=""0"" allow=""autoplay; fullscreen; encrypted-media; picture-in-picture;"" allowfullscreen=""true""&gt;&lt;/iframe&gt;', 'width': 456, 'scrolling': False, 'media_domain_url': 'https://www.redditmedia.com/mediaembed/19c9uts', 'height': 352}",Playlist - Rock/Metal/Indie/Alt,False,3,,False,False,,False,,[],{},,,False,public,1705861353.0,text,6,,,text,open.spotify.com,False,"&lt;!-- SC_OFF --&gt;&lt;div class=""md""&gt;&lt;p&gt;Open for suggestions.&lt;/p&gt;
&lt;/div&gt;&lt;!-- SC_ON --&gt;",,,,,False,True,False,False,False,,[],[],False,d0dbfc3e-9fa0-11ea-9b6c-0e248f77e35b,False,False,False,,[],False,,,,t5_2qofj,False,,,,#fb8f1b,19c9uts,True,,jsstlrgr,,0,True,all_ads,False,[],False,,/r/spotify/comments/19c9uts/progpsych_metal/,all_ads,False,https://open.spotify.com/playlist/74aW5CdMTi2tnWVD4JHIrZ?si=DKkS01EJTgSf8_N8nfvZEg&amp;pi=u-YDlTv1OkR7-l,1396770,1705861353.0,0,"{'type': 'open.spotify.com', 'oembed': {'provider_url': 'https://spotify.com', 'description': 'PROG/PSYCH METAL · Playlist · 58 songs', 'title': 'PROG/PSYCH METAL', 'type': 'rich', 'thumbnail_width': 300, 'height': 352, 'width': 456, 'html': '&lt;iframe class=""embedly-embed"" src=""https://cdn.embedly.com/widgets/media.html?src=https%3A%2F%2Fopen.spotify.com%2Fembed%2Fplaylist%2F74aW5CdMTi2tnWVD4JHIrZ%3Futm_source%3Doembed&amp;display_name=Spotify&amp;url=https%3A%2F%2Fopen.spotify.com%2Fplaylist%2F74aW5CdMTi2tnWVD4JHIrZ&amp;image=https%3A%2F%2Fi.scdn.co%2Fimage%2Fab67706c0000da8499d433e2c42501b70586aece&amp;key=2aa3c4d5f3de4f5b9120b660ad850dc9&amp;type=text%2Fhtml&amp;schema=spotify"" width=""456"" height=""352"" scrolling=""no"" title=""Spotify embed"" frameborder=""0"" allow=""autoplay; fullscreen; encrypted-media; picture-in-picture;"" allowfullscreen=""true""&gt;&lt;/iframe&gt;', 'version': '1.0', 'provider_name': 'Spotify', 'thumbnail_url': 'https://i.scdn.co/image/ab67706c0000da8499d433e2c42501b70586aece', 'thumbnail_height': 300}}",False,https://open.spotify.com/playlist/74aW5CdMTi2tnWVD4JHIrZ?si=DKkS01EJTgSf8_N8nfvZEg&amp;pi=u-YDlTv1OkR7-l,,,
,spotify,,t2_uiwllbis,False,,0,False,"Experimental, Electronic, Indie and World Music [Free Submission Link in Comments]",[],r/spotify,False,6,,0,,,False,,t3_19c60k8,False,dark,1.0,,3,0,"{'content': '&lt;iframe class=""embedly-embed"" src=""https://cdn.embedly.com/widgets/media.html?src=https%3A%2F%2Fopen.spotify.com%2Fembed%2Fplaylist%2F7LF0r3y71YkT5NWEGmaDWQ%3Futm_source%3Doembed&amp;display_name=Spotify&amp;url=https%3A%2F%2Fopen.spotify.com%2Fplaylist%2F7LF0r3y71YkT5NWEGmaDWQ&amp;image=https%3A%2F%2Fi.scdn.co%2Fimage%2Fab67706c0000da8429b62b343ace20098da369ab&amp;key=2aa3c4d5f3de4f5b9120b660ad850dc9&amp;type=text%2Fhtml&amp;schema=spotify"" width=""456"" height=""352"" scrolling=""no"" title=""Spotify embed"" frameborder=""0"" allow=""autoplay; fullscreen; encrypted-media; picture-in-picture;"" allowfullscreen=""true""&gt;&lt;/iframe&gt;', 'width': 456, 'scrolling': False, 'height': 352}",,,False,[],"{'type': 'open.spotify.com', 'oembed': {'provider_url': 'https://spotify.com', 'description': 'Experimental, Electronic, Indie and World Music · Playlist · 65 songs · 147 likes', 'title': 'Experimental, Electronic, Indie and World Music', 'type': 'rich', 'thumbnail_width': 300, 'height': 352, 'width': 456, 'html': '&lt;iframe class=""embedly-embed"" src=""https://cdn.embedly.com/widgets/media.html?src=https%3A%2F%2Fopen.spotify.com%2Fembed%2Fplaylist%2F7LF0r3y71YkT5NWEGmaDWQ%3Futm_source%3Doembed&amp;display_name=Spotify&amp;url=https%3A%2F%2Fopen.spotify.com%2Fplaylist%2F7LF0r3y71YkT5NWEGmaDWQ&amp;image=https%3A%2F%2Fi.scdn.co%2Fimage%2Fab67706c0000da8429b62b343ace20098da369ab&amp;key=2aa3c4d5f3de4f5b9120b660ad850dc9&amp;type=text%2Fhtml&amp;schema=spotify"" width=""456"" height=""352"" scrolling=""no"" title=""Spotify embed"" frameborder=""0"" allow=""autoplay; fullscreen; encrypted-media; picture-in-picture;"" allowfullscreen=""true""&gt;&lt;/iframe&gt;', 'version': '1.0', 'provider_name': 'Spotify', 'thumbnail_url': 'https://i.scdn.co/image/ab67706c0000da8429b62b343ace20098da369ab', 'thumbnail_height': 300}}",False,False,,"{'content': '&lt;iframe class=""embedly-embed"" src=""https://cdn.embedly.com/widgets/media.html?src=https%3A%2F%2Fopen.spotify.com%2Fembed%2Fplaylist%2F7LF0r3y71YkT5NWEGmaDWQ%3Futm_source%3Doembed&amp;display_name=Spotify&amp;url=https%3A%2F%2Fopen.spotify.com%2Fplaylist%2F7LF0r3y71YkT5NWEGmaDWQ&amp;image=https%3A%2F%2Fi.scdn.co%2Fimage%2Fab67706c0000da8429b62b343ace20098da369ab&amp;key=2aa3c4d5f3de4f5b9120b660ad850dc9&amp;type=text%2Fhtml&amp;schema=spotify"" width=""456"" height=""352"" scrolling=""no"" title=""Spotify embed"" frameborder=""0"" allow=""autoplay; fullscreen; encrypted-media; picture-in-picture;"" allowfullscreen=""true""&gt;&lt;/iframe&gt;', 'width': 456, 'scrolling': False, 'media_domain_url': 'https://www.redditmedia.com/mediaembed/19c60k8', 'height': 352}",Playlist - Electronic / EDM / Dance,False,3,,False,False,,False,,[],{},,,False,public,1705851507.0,text,6,,,text,open.spotify.com,False,,,,,,False,True,False,False,False,,[],[],False,0cbd2a8e-9fa1-11ea-8e59-0e59b1c879f3,False,False,False,,[],False,,,,t5_2qofj,False,,,,#7193ff,19c60k8,True,,avidbeats,,1,True,all_ads,False,[],False,,/r/spotify/comments/19c60k8/experimental_electronic_indie_and_world_music/,all_ads,False,https://open.spotify.com/playlist/7LF0r3y71YkT5NWEGmaDWQ?si=ae6e4d2bb3d64d84,1396770,1705851507.0,0,"{'type': 'open.spotify.com', 'oembed': {'provider_url': 'https://spotify.com', 'description': 'Experimental, Electronic, Indie and World Music · Playlist · 65 songs · 147 likes', 'title': 'Experimental, Electronic, Indie and World Music', 'type': 'rich', 'thumbnail_width': 300, 'height': 352, 'width': 456, 'html': '&lt;iframe class=""embedly-embed"" src=""https://cdn.embedly.com/widgets/media.html?src=https%3A%2F%2Fopen.spotify.com%2Fembed%2Fplaylist%2F7LF0r3y71YkT5NWEGmaDWQ%3Futm_source%3Doembed&amp;display_name=Spotify&amp;url=https%3A%2F%2Fopen.spotify.com%2Fplaylist%2F7LF0r3y71YkT5NWEGmaDWQ&amp;image=https%3A%2F%2Fi.scdn.co%2Fimage%2Fab67706c0000da8429b62b343ace20098da369ab&amp;key=2aa3c4d5f3de4f5b9120b660ad850dc9&amp;type=text%2Fhtml&amp;schema=spotify"" width=""456"" height=""352"" scrolling=""no"" title=""Spotify embed"" frameborder=""0"" allow=""autoplay; fullscreen; encrypted-media; picture-in-picture;"" allowfullscreen=""true""&gt;&lt;/iframe&gt;', 'version': '1.0', 'provider_name': 'Spotify', 'thumbnail_url': 'https://i.scdn.co/image/ab67706c0000da8429b62b343ace20098da369ab', 'thumbnail_height': 300}}",False,https://open.spotify.com/playlist/7LF0r3y71YkT5NWEGmaDWQ?si=ae6e4d2bb3d64d84,,,
,spotify,,t2_rnfwm9z5,False,,0,False,Studio Ghibli Relaxing Piano,[],r/spotify,False,6,,0,,,False,,t3_19cefj7,False,dark,1.0,,1,0,"{'content': '&lt;iframe class=""embedly-embed"" src=""https://cdn.embedly.com/widgets/media.html?src=https%3A%2F%2Fopen.spotify.com%2Fembed%2Fplaylist%2F7cImbgGLUhHhVNzFZSRe6v%3Futm_source%3Doembed&amp;display_name=Spotify&amp;url=https%3A%2F%2Fopen.spotify.com%2Fplaylist%2F7cImbgGLUhHhVNzFZSRe6v&amp;image=https%3A%2F%2Fmosaic.scdn.co%2F300%2Fab67616d00001e020bf6635cde65170f6f28d2c0ab67616d00001e0233c927e353611ebb8115fc90ab67616d00001e0262c1f3370811c52ae2d26d24ab67616d00001e02fd220b07117400ccbc85ed96&amp;key=2aa3c4d5f3de4f5b9120b660ad850dc9&amp;type=text%2Fhtml&amp;schema=spotify"" width=""456"" height=""352"" scrolling=""no"" title=""Spotify embed"" frameborder=""0"" allow=""autoplay; fullscreen; encrypted-media; picture-in-picture;"" allowfullscreen=""true""&gt;&lt;/iframe&gt;', 'width': 456, 'scrolling': False, 'height': 352}",,,False,[],"{'type': 'open.spotify.com', 'oembed': {'provider_url': 'https://spotify.com', 'description': 'Studio Ghibli · Playlist · 101 songs · 5 likes', 'title': 'Studio Ghibli', 'type': 'rich', 'thumbnail_width': 300, 'height': 352, 'width': 456, 'html': '&lt;iframe class=""embedly-embed"" src=""https://cdn.embedly.com/widgets/media.html?src=https%3A%2F%2Fopen.spotify.com%2Fembed%2Fplaylist%2F7cImbgGLUhHhVNzFZSRe6v%3Futm_source%3Doembed&amp;display_name=Spotify&amp;url=https%3A%2F%2Fopen.spotify.com%2Fplaylist%2F7cImbgGLUhHhVNzFZSRe6v&amp;image=https%3A%2F%2Fmosaic.scdn.co%2F300%2Fab67616d00001e020bf6635cde65170f6f28d2c0ab67616d00001e0233c927e353611ebb8115fc90ab67616d00001e0262c1f3370811c52ae2d26d24ab67616d00001e02fd220b07117400ccbc85ed96&amp;key=2aa3c4d5f3de4f5b9120b660ad850dc9&amp;type=text%2Fhtml&amp;schema=spotify"" width=""456"" height=""352"" scrolling=""no"" title=""Spotify embed"" frameborder=""0"" allow=""autoplay; fullscreen; encrypted-media; picture-in-picture;"" allowfullscreen=""true""&gt;&lt;/iframe&gt;', 'version': '1.0', 'provider_name': 'Spotify', 'thumbnail_url': 'https://mosaic.scdn.co/300/ab67616d00001e020bf6635cde65170f6f28d2c0ab67616d00001e0233c927e353611ebb8115fc90ab67616d00001e0262c1f3370811c52ae2d26d24ab67616d00001e02fd220b07117400ccbc85ed96', 'thumbnail_height': 300}}",False,False,,"{'content': '&lt;iframe class=""embedly-embed"" src=""https://cdn.embedly.com/widgets/media.html?src=https%3A%2F%2Fopen.spotify.com%2Fembed%2Fplaylist%2F7cImbgGLUhHhVNzFZSRe6v%3Futm_source%3Doembed&amp;display_name=Spotify&amp;url=https%3A%2F%2Fopen.spotify.com%2Fplaylist%2F7cImbgGLUhHhVNzFZSRe6v&amp;image=https%3A%2F%2Fmosaic.scdn.co%2F300%2Fab67616d00001e020bf6635cde65170f6f28d2c0ab67616d00001e0233c927e353611ebb8115fc90ab67616d00001e0262c1f3370811c52ae2d26d24ab67616d00001e02fd220b07117400ccbc85ed96&amp;key=2aa3c4d5f3de4f5b9120b660ad850dc9&amp;type=text%2Fhtml&amp;schema=spotify"" width=""456"" height=""352"" scrolling=""no"" title=""Spotify embed"" frameborder=""0"" allow=""autoplay; fullscreen; encrypted-media; picture-in-picture;"" allowfullscreen=""true""&gt;&lt;/iframe&gt;', 'width': 456, 'scrolling': False, 'media_domain_url': 'https://www.redditmedia.com/mediaembed/19cefj7', 'height': 352}","Playlist - Mood/Feeling (Chill, Lofi, Uplifting)",False,1,,False,False,,False,,[],{},,,False,public,1705872754.0,text,6,,,text,open.spotify.com,False,,,,,,False,True,False,False,False,,[],[],False,ede46e42-9fa0-11ea-8c94-0e70d5715363,False,False,False,,[],False,,,,t5_2qofj,False,,,,#c300c1,19cefj7,True,,followonspotify,,0,True,all_ads,False,[],False,,/r/spotify/comments/19cefj7/studio_ghibli_relaxing_piano/,all_ads,False,https://open.spotify.com/playlist/7cImbgGLUhHhVNzFZSRe6v?si=da458e4341024bd2,1396770,1705872754.0,0,"{'type': 'open.spotify.com', 'oembed': {'provider_url': 'https://spotify.com', 'description': 'Studio Ghibli · Playlist · 101 songs · 5 likes', 'title': 'Studio Ghibli', 'type': 'rich', 'thumbnail_width': 300, 'height': 352, 'width': 456, 'html': '&lt;iframe class=""embedly-embed"" src=""https://cdn.embedly.com/widgets/media.html?src=https%3A%2F%2Fopen.spotify.com%2Fembed%2Fplaylist%2F7cImbgGLUhHhVNzFZSRe6v%3Futm_source%3Doembed&amp;display_name=Spotify&amp;url=https%3A%2F%2Fopen.spotify.com%2Fplaylist%2F7cImbgGLUhHhVNzFZSRe6v&amp;image=https%3A%2F%2Fmosaic.scdn.co%2F300%2Fab67616d00001e020bf6635cde65170f6f28d2c0ab67616d00001e0233c927e353611ebb8115fc90ab67616d00001e0262c1f3370811c52ae2d26d24ab67616d00001e02fd220b07117400ccbc85ed96&amp;key=2aa3c4d5f3de4f5b9120b660ad850dc9&amp;type=text%2Fhtml&amp;schema=spotify"" width=""456"" height=""352"" scrolling=""no"" title=""Spotify embed"" frameborder=""0"" allow=""autoplay; fullscreen; encrypted-media; picture-in-picture;"" allowfullscreen=""true""&gt;&lt;/iframe&gt;', 'version': '1.0', 'provider_name': 'Spotify', 'thumbnail_url': 'https://mosaic.scdn.co/300/ab67616d00001e020bf6635cde65170f6f28d2c0ab67616d00001e0233c927e353611ebb8115fc90ab67616d00001e0262c1f3370811c52ae2d26d24ab67616d00001e02fd220b07117400ccbc85ed96', 'thumbnail_height': 300}}",False,https://open.spotify.com/playlist/7cImbgGLUhHhVNzFZSRe6v?si=da458e4341024bd2,,,
,spotify,,t2_aive6p8k,False,,0,False,I made my own ranking of songs to come out in 2023. Check it out if you’d like.,[],r/spotify,False,6,,0,,,False,,t3_19cec8c,False,dark,0.5,,0,0,"{'content': '&lt;iframe class=""embedly-embed"" src=""https://cdn.embedly.com/widgets/media.html?src=https%3A%2F%2Fopen.spotify.com%2Fembed%2Fplaylist%2F0OxeVkw57mfAeSFKIInTN7%3Futm_source%3Doembed&amp;display_name=Spotify&amp;url=https%3A%2F%2Fopen.spotify.com%2Fplaylist%2F0OxeVkw57mfAeSFKIInTN7&amp;image=https%3A%2F%2Fi.scdn.co%2Fimage%2Fab67706c0000da848bd452016ef9694d1a51cd74&amp;key=2aa3c4d5f3de4f5b9120b660ad850dc9&amp;type=text%2Fhtml&amp;schema=spotify"" width=""456"" height=""352"" scrolling=""no"" title=""Spotify embed"" frameborder=""0"" allow=""autoplay; fullscreen; encrypted-media; picture-in-picture;"" allowfullscreen=""true""&gt;&lt;/iframe&gt;', 'width': 456, 'scrolling': False, 'height': 352}",,,False,[],"{'type': 'open.spotify.com', 'oembed': {'provider_url': 'https://spotify.com', 'description': 'Top 100 2023 · Playlist · 100 songs · 3 likes', 'title': 'Top 100 2023', 'type': 'rich', 'thumbnail_width': 300, 'height': 352, 'width': 456, 'html': '&lt;iframe class=""embedly-embed"" src=""https://cdn.embedly.com/widgets/media.html?src=https%3A%2F%2Fopen.spotify.com%2Fembed%2Fplaylist%2F0OxeVkw57mfAeSFKIInTN7%3Futm_source%3Doembed&amp;display_name=Spotify&amp;url=https%3A%2F%2Fopen.spotify.com%2Fplaylist%2F0OxeVkw57mfAeSFKIInTN7&amp;image=https%3A%2F%2Fi.scdn.co%2Fimage%2Fab67706c0000da848bd452016ef9694d1a51cd74&amp;key=2aa3c4d5f3de4f5b9120b660ad850dc9&amp;type=text%2Fhtml&amp;schema=spotify"" width=""456"" height=""352"" scrolling=""no"" title=""Spotify embed"" frameborder=""0"" allow=""autoplay; fullscreen; encrypted-media; picture-in-picture;"" allowfullscreen=""true""&gt;&lt;/iframe&gt;', 'version': '1.0', 'provider_name': 'Spotify', 'thumbnail_url': 'https://i.scdn.co/image/ab67706c0000da848bd452016ef9694d1a51cd74', 'thumbnail_height': 299}}",False,False,,"{'content': '&lt;iframe class=""embedly-embed"" src=""https://cdn.embedly.com/widgets/media.html?src=https%3A%2F%2Fopen.spotify.com%2Fembed%2Fplaylist%2F0OxeVkw57mfAeSFKIInTN7%3Futm_source%3Doembed&amp;display_name=Spotify&amp;url=https%3A%2F%2Fopen.spotify.com%2Fplaylist%2F0OxeVkw57mfAeSFKIInTN7&amp;image=https%3A%2F%2Fi.scdn.co%2Fimage%2Fab67706c0000da848bd452016ef9694d1a51cd74&amp;key=2aa3c4d5f3de4f5b9120b660ad850dc9&amp;type=text%2Fhtml&amp;schema=spotify"" width=""456"" height=""352"" scrolling=""no"" title=""Spotify embed"" frameborder=""0"" allow=""autoplay; fullscreen; encrypted-media; picture-in-picture;"" allowfullscreen=""true""&gt;&lt;/iframe&gt;', 'width': 456, 'scrolling': False, 'media_domain_url': 'https://www.redditmedia.com/mediaembed/19cec8c', 'height': 352}","Playlist - Theme  (Party, Beach, Study)",False,0,,False,False,,False,,[],{},,,False,public,1705872538.0,text,6,,,text,open.spotify.com,False,,,,,,False,True,False,False,False,,[],[],False,64fa8956-9fa3-11ea-ba10-0e669a062341,False,False,False,,[],False,,,,t5_2qofj,False,,,,#ffd635,19cec8c,True,,abstrxcti0n,,0,True,all_ads,False,[],False,,/r/spotify/comments/19cec8c/i_made_my_own_ranking_of_songs_to_come_out_in/,all_ads,False,https://open.spotify.com/playlist/0OxeVkw57mfAeSFKIInTN7?si=K6F-D5rPRHWKa5OXFZfNBA&amp;pi=u-znyK1E37QGWL,1396770,1705872538.0,1,"{'type': 'open.spotify.com', 'oembed': {'provider_url': 'https://spotify.com', 'description': 'Top 100 2023 · Playlist · 100 songs · 3 likes', 'title': 'Top 100 2023', 'type': 'rich', 'thumbnail_width': 300, 'height': 352, 'width': 456, 'html': '&lt;iframe class=""embedly-embed"" src=""https://cdn.embedly.com/widgets/media.html?src=https%3A%2F%2Fopen.spotify.com%2Fembed%2Fplaylist%2F0OxeVkw57mfAeSFKIInTN7%3Futm_source%3Doembed&amp;display_name=Spotify&amp;url=https%3A%2F%2Fopen.spotify.com%2Fplaylist%2F0OxeVkw57mfAeSFKIInTN7&amp;image=https%3A%2F%2Fi.scdn.co%2Fimage%2Fab67706c0000da848bd452016ef9694d1a51cd74&amp;key=2aa3c4d5f3de4f5b9120b660ad850dc9&amp;type=text%2Fhtml&amp;schema=spotify"" width=""456"" height=""352"" scrolling=""no"" title=""Spotify embed"" frameborder=""0"" allow=""autoplay; fullscreen; encrypted-media; picture-in-picture;"" allowfullscreen=""true""&gt;&lt;/iframe&gt;', 'version': '1.0', 'provider_name': 'Spotify', 'thumbnail_url': 'https://i.scdn.co/image/ab67706c0000da848bd452016ef9694d1a51cd74', 'thumbnail_height': 299}}",False,https://open.spotify.com/playlist/0OxeVkw57mfAeSFKIInTN7?si=K6F-D5rPRHWKa5OXFZfNBA&amp;pi=u-znyK1E37QGWL,,,
,spotify,"What are your favorite songs to listen to that make you feel effortless, strong, comfortable and confident in who you are?",t2_ncz7tsu,False,,0,False,Songs for pure confidence?,[],r/spotify,False,6,favors,0,,,False,,t3_19bsfbm,False,dark,0.93,,34,0,{},,,False,[],,False,False,,{},Song / Artist / Album / Playlist Requests,False,34,,False,False,,False,,[],{},,,True,public,1705802880.0,text,6,,,text,self.spotify,False,"&lt;!-- SC_OFF --&gt;&lt;div class=""md""&gt;&lt;p&gt;What are your favorite songs to listen to that make you feel effortless, strong, comfortable and confident in who you are?&lt;/p&gt;
&lt;/div&gt;&lt;!-- SC_ON --&gt;",,,,,False,False,False,False,False,,[],[],False,b188c2f4-9a2e-11e9-9464-0e9d067aecce,False,False,False,,[],False,,,,t5_2qofj,False,,,,#94e044,19bsfbm,True,,mandypu,,52,True,all_ads,False,[],False,,/r/spotify/comments/19bsfbm/songs_for_pure_confidence/,all_ads,False,https://www.reddit.com/r/spotify/comments/19bsfbm/songs_for_pure_confidence/,1396770,1705802880.0,0,,False,,,,
,spotify,"Hey everyone, I’ve been using Spotify as a premium member for almost four years now, wondering how I can optimize the UI on both IPhone and Windows to look better and also be much cleaner and simpler.

On windows there’s to be too much, playlists and artists on the side, too many Spotify made pop ups, same on iPhone.


Any suggestions/tips help, is there also a safe way to modify the looks of my Spotify?",t2_98v35cxl,False,,0,False,Tips to optimize Spotify and its looks,[],r/spotify,False,6,question,0,,,False,,t3_19cdz1e,False,light,1.0,,1,0,{},,,False,[],,False,False,,{},Question / Discussion,False,1,,False,False,,False,,[],{},,,True,public,1705871645.0,text,6,,,text,self.spotify,False,"&lt;!-- SC_OFF --&gt;&lt;div class=""md""&gt;&lt;p&gt;Hey everyone, I’ve been using Spotify as a premium member for almost four years now, wondering how I can optimize the UI on both IPhone and Windows to look better and also be much cleaner and simpler.&lt;/p&gt;

&lt;p&gt;On windows there’s to be too much, playlists and artists on the side, too many Spotify made pop ups, same on iPhone.&lt;/p&gt;

&lt;p&gt;Any suggestions/tips help, is there also a safe way to modify the looks of my Spotify?&lt;/p&gt;
&lt;/div&gt;&lt;!-- SC_ON --&gt;",,,,,False,True,False,False,False,,[],[],False,58828680-99e4-11e9-9cfc-0e6137c47742,False,False,False,,[],False,,,,t5_2qofj,False,,,,#d3d6da,19cdz1e,True,,SpookyDeno,,1,True,all_ads,False,[],False,,/r/spotify/comments/19cdz1e/tips_to_optimize_spotify_and_its_looks/,all_ads,False,https://www.reddit.com/r/spotify/comments/19cdz1e/tips_to_optimize_spotify_and_its_looks/,1396770,1705871645.0,0,,False,,,,
,spotify,"in reference to gospel as well, it doesn’t have to be featured in the whole song, for example when they’re thrown in the last verse or remaining few minutes. three examples of what I’m looking for in similarities: Demon Days by Gorillaz /// If I Believe You by The 1975 /// All These Things I’ve Done by The Killers",t2_luglfac,False,,0,False,what’s a song you could recommend that strongly features a prominent backup group chorus? looking for something to send chills down my spine.,[],r/spotify,False,6,favors,0,,,False,,t3_19bzmbh,False,dark,1.0,,9,0,{},,,False,[],,False,False,,{},Song / Artist / Album / Playlist Requests,False,9,,False,False,,False,,[],{},,,True,public,1705828980.0,text,6,,,text,self.spotify,False,"&lt;!-- SC_OFF --&gt;&lt;div class=""md""&gt;&lt;p&gt;in reference to gospel as well, it doesn’t have to be featured in the whole song, for example when they’re thrown in the last verse or remaining few minutes. three examples of what I’m looking for in similarities: Demon Days by Gorillaz /// If I Believe You by The 1975 /// All These Things I’ve Done by The Killers&lt;/p&gt;
&lt;/div&gt;&lt;!-- SC_ON --&gt;",,,,,False,False,False,False,False,,[],[],False,b188c2f4-9a2e-11e9-9464-0e9d067aecce,False,False,False,,[],False,,,,t5_2qofj,False,,,,#94e044,19bzmbh,True,,heinous_legacy,,14,True,all_ads,False,[],False,,/r/spotify/comments/19bzmbh/whats_a_song_you_could_recommend_that_strongly/,all_ads,False,https://www.reddit.com/r/spotify/comments/19bzmbh/whats_a_song_you_could_recommend_that_strongly/,1396770,1705828980.0,0,,False,,,,
,spotify,If you like those sad guitar songs from tik tok slideshows here is a playlist I made with similar songs,t2_tdc3c6fs,False,,0,False,If you like sign crushes motorist I made a playlist for you,[],r/spotify,False,6,,0,,,False,,t3_19cd49u,False,dark,1.0,,1,0,"{'content': '&lt;iframe class=""embedly-embed"" src=""https://cdn.embedly.com/widgets/media.html?src=https%3A%2F%2Fopen.spotify.com%2Fembed%2Fplaylist%2F6yfWBbVTpPdfezveaJ1lEQ%3Futm_source%3Doembed&amp;display_name=Spotify&amp;url=https%3A%2F%2Fopen.spotify.com%2Fplaylist%2F6yfWBbVTpPdfezveaJ1lEQ&amp;image=https%3A%2F%2Fi.scdn.co%2Fimage%2Fab67706c0000da8484304f30b3aea68b74da43a2&amp;key=2aa3c4d5f3de4f5b9120b660ad850dc9&amp;type=text%2Fhtml&amp;schema=spotify"" width=""456"" height=""352"" scrolling=""no"" title=""Spotify embed"" frameborder=""0"" allow=""autoplay; fullscreen; encrypted-media; picture-in-picture;"" allowfullscreen=""true""&gt;&lt;/iframe&gt;', 'width': 456, 'scrolling': False, 'height': 352}",,,False,[],"{'type': 'open.spotify.com', 'oembed': {'provider_url': 'https://spotify.com', 'description': 'guitar songs · Playlist · 23 songs', 'title': 'guitar songs', 'type': 'rich', 'thumbnail_width': 300, 'height': 352, 'width': 456, 'html': '&lt;iframe class=""embedly-embed"" src=""https://cdn.embedly.com/widgets/media.html?src=https%3A%2F%2Fopen.spotify.com%2Fembed%2Fplaylist%2F6yfWBbVTpPdfezveaJ1lEQ%3Futm_source%3Doembed&amp;display_name=Spotify&amp;url=https%3A%2F%2Fopen.spotify.com%2Fplaylist%2F6yfWBbVTpPdfezveaJ1lEQ&amp;image=https%3A%2F%2Fi.scdn.co%2Fimage%2Fab67706c0000da8484304f30b3aea68b74da43a2&amp;key=2aa3c4d5f3de4f5b9120b660ad850dc9&amp;type=text%2Fhtml&amp;schema=spotify"" width=""456"" height=""352"" scrolling=""no"" title=""Spotify embed"" frameborder=""0"" allow=""autoplay; fullscreen; encrypted-media; picture-in-picture;"" allowfullscreen=""true""&gt;&lt;/iframe&gt;', 'version': '1.0', 'provider_name': 'Spotify', 'thumbnail_url': 'https://i.scdn.co/image/ab67706c0000da8484304f30b3aea68b74da43a2', 'thumbnail_height': 300}}",False,False,,"{'content': '&lt;iframe class=""embedly-embed"" src=""https://cdn.embedly.com/widgets/media.html?src=https%3A%2F%2Fopen.spotify.com%2Fembed%2Fplaylist%2F6yfWBbVTpPdfezveaJ1lEQ%3Futm_source%3Doembed&amp;display_name=Spotify&amp;url=https%3A%2F%2Fopen.spotify.com%2Fplaylist%2F6yfWBbVTpPdfezveaJ1lEQ&amp;image=https%3A%2F%2Fi.scdn.co%2Fimage%2Fab67706c0000da8484304f30b3aea68b74da43a2&amp;key=2aa3c4d5f3de4f5b9120b660ad850dc9&amp;type=text%2Fhtml&amp;schema=spotify"" width=""456"" height=""352"" scrolling=""no"" title=""Spotify embed"" frameborder=""0"" allow=""autoplay; fullscreen; encrypted-media; picture-in-picture;"" allowfullscreen=""true""&gt;&lt;/iframe&gt;', 'width': 456, 'scrolling': False, 'media_domain_url': 'https://www.redditmedia.com/mediaembed/19cd49u', 'height': 352}","Playlist - Mood/Feeling (Chill, Lofi, Uplifting)",False,1,,False,False,,False,,[],{},,,False,public,1705869496.0,text,6,,,text,open.spotify.com,False,"&lt;!-- SC_OFF --&gt;&lt;div class=""md""&gt;&lt;p&gt;If you like those sad guitar songs from tik tok slideshows here is a playlist I made with similar songs&lt;/p&gt;
&lt;/div&gt;&lt;!-- SC_ON --&gt;",,,,,False,False,False,False,False,,[],[],False,ede46e42-9fa0-11ea-8c94-0e70d5715363,False,False,False,,[],False,,,,t5_2qofj,False,,,,#c300c1,19cd49u,True,,nikmoct,,0,True,all_ads,False,[],False,,/r/spotify/comments/19cd49u/if_you_like_sign_crushes_motorist_i_made_a/,all_ads,False,https://open.spotify.com/playlist/6yfWBbVTpPdfezveaJ1lEQ?si=fh1a5lDNRHqiit8tArpHmA&amp;pi=u-_Ktf-zy1TuWH,1396770,1705869496.0,0,"{'type': 'open.spotify.com', 'oembed': {'provider_url': 'https://spotify.com', 'description': 'guitar songs · Playlist · 23 songs', 'title': 'guitar songs', 'type': 'rich', 'thumbnail_width': 300, 'height': 352, 'width': 456, 'html': '&lt;iframe class=""embedly-embed"" src=""https://cdn.embedly.com/widgets/media.html?src=https%3A%2F%2Fopen.spotify.com%2Fembed%2Fplaylist%2F6yfWBbVTpPdfezveaJ1lEQ%3Futm_source%3Doembed&amp;display_name=Spotify&amp;url=https%3A%2F%2Fopen.spotify.com%2Fplaylist%2F6yfWBbVTpPdfezveaJ1lEQ&amp;image=https%3A%2F%2Fi.scdn.co%2Fimage%2Fab67706c0000da8484304f30b3aea68b74da43a2&amp;key=2aa3c4d5f3de4f5b9120b660ad850dc9&amp;type=text%2Fhtml&amp;schema=spotify"" width=""456"" height=""352"" scrolling=""no"" title=""Spotify embed"" frameborder=""0"" allow=""autoplay; fullscreen; encrypted-media; picture-in-picture;"" allowfullscreen=""true""&gt;&lt;/iframe&gt;', 'version': '1.0', 'provider_name': 'Spotify', 'thumbnail_url': 'https://i.scdn.co/image/ab67706c0000da8484304f30b3aea68b74da43a2', 'thumbnail_height': 300}}",False,https://open.spotify.com/playlist/6yfWBbVTpPdfezveaJ1lEQ?si=fh1a5lDNRHqiit8tArpHmA&amp;pi=u-_Ktf-zy1TuWH,,,
,spotify,,t2_1dr9srqm,False,,0,False,Best Road Trip Song?,[],r/spotify,False,6,favors,0,,,False,,t3_19blu73,False,dark,0.94,,66,0,{},,,False,[],,False,False,,{},Song / Artist / Album / Playlist Requests,False,66,,False,False,,False,,[],{},,,True,public,1705784590.0,text,6,,,text,self.spotify,False,,,,,,False,False,False,False,False,,[],[],False,b188c2f4-9a2e-11e9-9464-0e9d067aecce,False,False,False,,[],False,,,,t5_2qofj,False,,,,#94e044,19blu73,True,,Virmedius,,147,False,all_ads,False,[],False,,/r/spotify/comments/19blu73/best_road_trip_song/,all_ads,False,https://www.reddit.com/r/spotify/comments/19blu73/best_road_trip_song/,1396770,1705784590.0,0,,False,,,,
,spotify,,t2_fyuyxkhu3,False,,0,False,Chill-Hop Mix - No Lyrics,[],r/spotify,False,6,,0,,,False,,t3_19cc52z,False,dark,1.0,,1,0,"{'content': '&lt;iframe class=""embedly-embed"" src=""https://cdn.embedly.com/widgets/media.html?src=https%3A%2F%2Fopen.spotify.com%2Fembed%2Fplaylist%2F5LcaVTVklKnIXhmB8ddcgH%3Futm_source%3Doembed&amp;display_name=Spotify&amp;url=https%3A%2F%2Fopen.spotify.com%2Fplaylist%2F5LcaVTVklKnIXhmB8ddcgH&amp;image=https%3A%2F%2Fi.scdn.co%2Fimage%2Fab67706c0000da843ab8dfb94ab753b4e14849a6&amp;key=2aa3c4d5f3de4f5b9120b660ad850dc9&amp;type=text%2Fhtml&amp;schema=spotify"" width=""456"" height=""352"" scrolling=""no"" title=""Spotify embed"" frameborder=""0"" allow=""autoplay; fullscreen; encrypted-media; picture-in-picture;"" allowfullscreen=""true""&gt;&lt;/iframe&gt;', 'width': 456, 'scrolling': False, 'height': 352}",,,False,[],"{'type': 'open.spotify.com', 'oembed': {'provider_url': 'https://spotify.com', 'description': 'Chill-Hop Mix - No Lyrics · Playlist · 240 songs · 16 likes', 'title': 'Chill-Hop Mix - No Lyrics', 'type': 'rich', 'thumbnail_width': 300, 'height': 352, 'width': 456, 'html': '&lt;iframe class=""embedly-embed"" src=""https://cdn.embedly.com/widgets/media.html?src=https%3A%2F%2Fopen.spotify.com%2Fembed%2Fplaylist%2F5LcaVTVklKnIXhmB8ddcgH%3Futm_source%3Doembed&amp;display_name=Spotify&amp;url=https%3A%2F%2Fopen.spotify.com%2Fplaylist%2F5LcaVTVklKnIXhmB8ddcgH&amp;image=https%3A%2F%2Fi.scdn.co%2Fimage%2Fab67706c0000da843ab8dfb94ab753b4e14849a6&amp;key=2aa3c4d5f3de4f5b9120b660ad850dc9&amp;type=text%2Fhtml&amp;schema=spotify"" width=""456"" height=""352"" scrolling=""no"" title=""Spotify embed"" frameborder=""0"" allow=""autoplay; fullscreen; encrypted-media; picture-in-picture;"" allowfullscreen=""true""&gt;&lt;/iframe&gt;', 'version': '1.0', 'provider_name': 'Spotify', 'thumbnail_url': 'https://i.scdn.co/image/ab67706c0000da843ab8dfb94ab753b4e14849a6', 'thumbnail_height': 300}}",False,False,,"{'content': '&lt;iframe class=""embedly-embed"" src=""https://cdn.embedly.com/widgets/media.html?src=https%3A%2F%2Fopen.spotify.com%2Fembed%2Fplaylist%2F5LcaVTVklKnIXhmB8ddcgH%3Futm_source%3Doembed&amp;display_name=Spotify&amp;url=https%3A%2F%2Fopen.spotify.com%2Fplaylist%2F5LcaVTVklKnIXhmB8ddcgH&amp;image=https%3A%2F%2Fi.scdn.co%2Fimage%2Fab67706c0000da843ab8dfb94ab753b4e14849a6&amp;key=2aa3c4d5f3de4f5b9120b660ad850dc9&amp;type=text%2Fhtml&amp;schema=spotify"" width=""456"" height=""352"" scrolling=""no"" title=""Spotify embed"" frameborder=""0"" allow=""autoplay; fullscreen; encrypted-media; picture-in-picture;"" allowfullscreen=""true""&gt;&lt;/iframe&gt;', 'width': 456, 'scrolling': False, 'media_domain_url': 'https://www.redditmedia.com/mediaembed/19cc52z', 'height': 352}","Playlist - Mood/Feeling (Chill, Lofi, Uplifting)",False,1,,False,False,,False,,[],{},,,False,public,1705867079.0,text,6,,,text,open.spotify.com,False,,,,,,False,False,False,False,False,,[],[],False,ede46e42-9fa0-11ea-8c94-0e70d5715363,False,False,False,,[],False,,,,t5_2qofj,False,,,,#c300c1,19cc52z,True,,HumanCartoon420,,0,True,all_ads,False,[],False,,/r/spotify/comments/19cc52z/chillhop_mix_no_lyrics/,all_ads,False,https://open.spotify.com/playlist/5LcaVTVklKnIXhmB8ddcgH?si=wVBbomHLSSGxfuePEPNN_A&amp;pi=u-ddJ8D7k-RVmq,1396770,1705867079.0,0,"{'type': 'open.spotify.com', 'oembed': {'provider_url': 'https://spotify.com', 'description': 'Chill-Hop Mix - No Lyrics · Playlist · 240 songs · 16 likes', 'title': 'Chill-Hop Mix - No Lyrics', 'type': 'rich', 'thumbnail_width': 300, 'height': 352, 'width': 456, 'html': '&lt;iframe class=""embedly-embed"" src=""https://cdn.embedly.com/widgets/media.html?src=https%3A%2F%2Fopen.spotify.com%2Fembed%2Fplaylist%2F5LcaVTVklKnIXhmB8ddcgH%3Futm_source%3Doembed&amp;display_name=Spotify&amp;url=https%3A%2F%2Fopen.spotify.com%2Fplaylist%2F5LcaVTVklKnIXhmB8ddcgH&amp;image=https%3A%2F%2Fi.scdn.co%2Fimage%2Fab67706c0000da843ab8dfb94ab753b4e14849a6&amp;key=2aa3c4d5f3de4f5b9120b660ad850dc9&amp;type=text%2Fhtml&amp;schema=spotify"" width=""456"" height=""352"" scrolling=""no"" title=""Spotify embed"" frameborder=""0"" allow=""autoplay; fullscreen; encrypted-media; picture-in-picture;"" allowfullscreen=""true""&gt;&lt;/iframe&gt;', 'version': '1.0', 'provider_name': 'Spotify', 'thumbnail_url': 'https://i.scdn.co/image/ab67706c0000da843ab8dfb94ab753b4e14849a6', 'thumbnail_height': 300}}",False,https://open.spotify.com/playlist/5LcaVTVklKnIXhmB8ddcgH?si=wVBbomHLSSGxfuePEPNN_A&amp;pi=u-ddJ8D7k-RVmq,,,
,spotify,,t2_gcrq5,False,,0,False,Handpicked my most beloved Progressive Metal/Alternative Rock tracks for a killer playlist. What songs do you think fit in the mix?,[],r/spotify,False,6,,0,,,False,,t3_19cbaug,False,dark,1.0,,1,0,"{'content': '&lt;iframe class=""embedly-embed"" src=""https://cdn.embedly.com/widgets/media.html?src=https%3A%2F%2Fopen.spotify.com%2Fembed%2Fplaylist%2F4ytOVKZZukEdri73V1M2X0%3Futm_source%3Doembed&amp;display_name=Spotify&amp;url=https%3A%2F%2Fopen.spotify.com%2Fplaylist%2F4ytOVKZZukEdri73V1M2X0&amp;image=https%3A%2F%2Fi.scdn.co%2Fimage%2Fab67706c0000da84af30c2fefdf805135213586c&amp;key=2aa3c4d5f3de4f5b9120b660ad850dc9&amp;type=text%2Fhtml&amp;schema=spotify"" width=""456"" height=""352"" scrolling=""no"" title=""Spotify embed"" frameborder=""0"" allow=""autoplay; fullscreen; encrypted-media; picture-in-picture;"" allowfullscreen=""true""&gt;&lt;/iframe&gt;', 'width': 456, 'scrolling': False, 'height': 352}",,,False,[],"{'type': 'open.spotify.com', 'oembed': {'provider_url': 'https://spotify.com', 'description': 'Let Me Rust · Playlist · 76 songs · 4 likes', 'title': 'Let Me Rust', 'type': 'rich', 'thumbnail_width': 300, 'height': 352, 'width': 456, 'html': '&lt;iframe class=""embedly-embed"" src=""https://cdn.embedly.com/widgets/media.html?src=https%3A%2F%2Fopen.spotify.com%2Fembed%2Fplaylist%2F4ytOVKZZukEdri73V1M2X0%3Futm_source%3Doembed&amp;display_name=Spotify&amp;url=https%3A%2F%2Fopen.spotify.com%2Fplaylist%2F4ytOVKZZukEdri73V1M2X0&amp;image=https%3A%2F%2Fi.scdn.co%2Fimage%2Fab67706c0000da84af30c2fefdf805135213586c&amp;key=2aa3c4d5f3de4f5b9120b660ad850dc9&amp;type=text%2Fhtml&amp;schema=spotify"" width=""456"" height=""352"" scrolling=""no"" title=""Spotify embed"" frameborder=""0"" allow=""autoplay; fullscreen; encrypted-media; picture-in-picture;"" allowfullscreen=""true""&gt;&lt;/iframe&gt;', 'version': '1.0', 'provider_name': 'Spotify', 'thumbnail_url': 'https://i.scdn.co/image/ab67706c0000da84af30c2fefdf805135213586c', 'thumbnail_height': 300}}",False,False,,"{'content': '&lt;iframe class=""embedly-embed"" src=""https://cdn.embedly.com/widgets/media.html?src=https%3A%2F%2Fopen.spotify.com%2Fembed%2Fplaylist%2F4ytOVKZZukEdri73V1M2X0%3Futm_source%3Doembed&amp;display_name=Spotify&amp;url=https%3A%2F%2Fopen.spotify.com%2Fplaylist%2F4ytOVKZZukEdri73V1M2X0&amp;image=https%3A%2F%2Fi.scdn.co%2Fimage%2Fab67706c0000da84af30c2fefdf805135213586c&amp;key=2aa3c4d5f3de4f5b9120b660ad850dc9&amp;type=text%2Fhtml&amp;schema=spotify"" width=""456"" height=""352"" scrolling=""no"" title=""Spotify embed"" frameborder=""0"" allow=""autoplay; fullscreen; encrypted-media; picture-in-picture;"" allowfullscreen=""true""&gt;&lt;/iframe&gt;', 'width': 456, 'scrolling': False, 'media_domain_url': 'https://www.redditmedia.com/mediaembed/19cbaug', 'height': 352}",Playlist - Rock/Metal/Indie/Alt,False,1,,False,False,,False,,[],{},,,False,public,1705864962.0,text,6,,,text,open.spotify.com,False,,,,,,False,False,False,False,False,,[],[],False,d0dbfc3e-9fa0-11ea-9b6c-0e248f77e35b,False,False,False,,[],False,,,,t5_2qofj,False,,,,#fb8f1b,19cbaug,True,,Adrian28x,,0,True,all_ads,False,[],False,,/r/spotify/comments/19cbaug/handpicked_my_most_beloved_progressive/,all_ads,False,https://open.spotify.com/playlist/4ytOVKZZukEdri73V1M2X0?si=41294fa807a747bb,1396770,1705864962.0,0,"{'type': 'open.spotify.com', 'oembed': {'provider_url': 'https://spotify.com', 'description': 'Let Me Rust · Playlist · 76 songs · 4 likes', 'title': 'Let Me Rust', 'type': 'rich', 'thumbnail_width': 300, 'height': 352, 'width': 456, 'html': '&lt;iframe class=""embedly-embed"" src=""https://cdn.embedly.com/widgets/media.html?src=https%3A%2F%2Fopen.spotify.com%2Fembed%2Fplaylist%2F4ytOVKZZukEdri73V1M2X0%3Futm_source%3Doembed&amp;display_name=Spotify&amp;url=https%3A%2F%2Fopen.spotify.com%2Fplaylist%2F4ytOVKZZukEdri73V1M2X0&amp;image=https%3A%2F%2Fi.scdn.co%2Fimage%2Fab67706c0000da84af30c2fefdf805135213586c&amp;key=2aa3c4d5f3de4f5b9120b660ad850dc9&amp;type=text%2Fhtml&amp;schema=spotify"" width=""456"" height=""352"" scrolling=""no"" title=""Spotify embed"" frameborder=""0"" allow=""autoplay; fullscreen; encrypted-media; picture-in-picture;"" allowfullscreen=""true""&gt;&lt;/iframe&gt;', 'version': '1.0', 'provider_name': 'Spotify', 'thumbnail_url': 'https://i.scdn.co/image/ab67706c0000da84af30c2fefdf805135213586c', 'thumbnail_height': 300}}",False,https://open.spotify.com/playlist/4ytOVKZZukEdri73V1M2X0?si=41294fa807a747bb,,,
,spotify,,t2_p8ulyt4q,False,,0,False,"Looking for some NY Drill rappers. I already know ppl like Pop smoke, Kay Flock and Fivio",[],r/spotify,False,6,favors,0,,,False,,t3_19c443m,False,dark,1.0,,2,0,{},,,False,[],,False,False,,{},[REQUEST] Playlists / Songs / Artists / Albums ,False,2,,False,False,,False,,[],{},,,True,public,1705845932.0,text,6,,,text,self.spotify,False,,,,,,False,False,False,False,False,,[],[],False,b188c2f4-9a2e-11e9-9464-0e9d067aecce,False,False,False,,[],False,,,,t5_2qofj,False,,,,#94e044,19c443m,True,,tr1plex17,,5,True,all_ads,False,[],False,,/r/spotify/comments/19c443m/looking_for_some_ny_drill_rappers_i_already_know/,all_ads,False,https://www.reddit.com/r/spotify/comments/19c443m/looking_for_some_ny_drill_rappers_i_already_know/,1396770,1705845932.0,0,,False,,,,
,spotify,"Could be your favourite artist, song or album, I'm not too picky about genre, I wanna add them all to a playlist :)

Thank you for all your suggestions and wishes, I appreciate it!",t2_3xvnn5gr,False,,0,False,"Today's my birthday, so send some recommendations my way!",[],r/spotify,False,6,favors,0,,,False,,t3_19bhw3o,False,dark,0.99,,77,0,{},,,False,[],,False,False,,{},Song / Artist / Album / Playlist Requests,False,77,,False,False,,1705926593.0,,[],{},,,True,public,1705774334.0,text,6,,,text,self.spotify,False,"&lt;!-- SC_OFF --&gt;&lt;div class=""md""&gt;&lt;p&gt;Could be your favourite artist, song or album, I&amp;#39;m not too picky about genre, I wanna add them all to a playlist :)&lt;/p&gt;

&lt;p&gt;Thank you for all your suggestions and wishes, I appreciate it!&lt;/p&gt;
&lt;/div&gt;&lt;!-- SC_ON --&gt;",,,,,False,False,False,False,False,,[],[],False,b188c2f4-9a2e-11e9-9464-0e9d067aecce,False,False,False,,[],False,,,,t5_2qofj,False,,,,#94e044,19bhw3o,True,,Shorelll,,142,True,all_ads,False,[],False,,/r/spotify/comments/19bhw3o/todays_my_birthday_so_send_some_recommendations/,all_ads,False,https://www.reddit.com/r/spotify/comments/19bhw3o/todays_my_birthday_so_send_some_recommendations/,1396770,1705774334.0,0,,False,,,,
,spotify,"Hey!

Here's my new electronic music playlist called UG EDM // New Wave of Electronic Music.

This playlist is for tracks that are unique and/or experimental, tracks that combine underground and pop/mainstream sounds and tracks that blend different genres.

https://open.spotify.com/playlist/7izW3q5n3EPjgwchLmrkza?si=RkeKju88TCyT3dXH4HALSw&amp;pi=e-99GtfvTWTKqg",t2_d82he,False,,0,False,UG EDM // New Wave of Electronic Music,[],r/spotify,False,6,,0,,,False,,t3_19c83fx,False,dark,0.5,,0,0,{},,,False,[],,False,False,,{},Playlist - Electronic / EDM / Dance,False,0,,False,False,,False,,[],{},,,True,public,1705856926.0,text,6,,,text,self.spotify,False,"&lt;!-- SC_OFF --&gt;&lt;div class=""md""&gt;&lt;p&gt;Hey!&lt;/p&gt;

&lt;p&gt;Here&amp;#39;s my new electronic music playlist called UG EDM // New Wave of Electronic Music.&lt;/p&gt;

&lt;p&gt;This playlist is for tracks that are unique and/or experimental, tracks that combine underground and pop/mainstream sounds and tracks that blend different genres.&lt;/p&gt;

&lt;p&gt;&lt;a href=""https://open.spotify.com/playlist/7izW3q5n3EPjgwchLmrkza?si=RkeKju88TCyT3dXH4HALSw&amp;amp;pi=e-99GtfvTWTKqg""&gt;https://open.spotify.com/playlist/7izW3q5n3EPjgwchLmrkza?si=RkeKju88TCyT3dXH4HALSw&amp;amp;pi=e-99GtfvTWTKqg&lt;/a&gt;&lt;/p&gt;
&lt;/div&gt;&lt;!-- SC_ON --&gt;",,,,,False,True,False,False,False,,[],[],False,0cbd2a8e-9fa1-11ea-8e59-0e59b1c879f3,False,False,False,,[],False,,,,t5_2qofj,False,,,,#7193ff,19c83fx,True,,Capricaseven,,0,True,all_ads,False,[],False,,/r/spotify/comments/19c83fx/ug_edm_new_wave_of_electronic_music/,all_ads,False,https://www.reddit.com/r/spotify/comments/19c83fx/ug_edm_new_wave_of_electronic_music/,1396770,1705856926.0,0,,False,,,,
,spotify,"I listen to the same thing everyday and it’s usually something about vocaloids…

WHY IS IT UNHAPPY GYAT???",t2_75y8zme5m,False,,0,False,My daylist title…,[],r/spotify,False,6,,0,,,False,,t3_19c7c73,False,dark,0.5,,0,0,{},,,False,[],,False,False,,{},"Playlist - Theme  (Party, Beach, Study)",False,0,,False,False,,False,,[],{},,,False,public,1705855014.0,text,6,,,text,open.spotify.com,False,"&lt;!-- SC_OFF --&gt;&lt;div class=""md""&gt;&lt;p&gt;I listen to the same thing everyday and it’s usually something about vocaloids…&lt;/p&gt;

&lt;p&gt;WHY IS IT UNHAPPY GYAT???&lt;/p&gt;
&lt;/div&gt;&lt;!-- SC_ON --&gt;",,,,,False,True,False,False,False,,[],[],False,64fa8956-9fa3-11ea-ba10-0e669a062341,False,False,False,,[],False,,,,t5_2qofj,False,,,,#ffd635,19c7c73,True,,ItzmepinkyRAE,,3,True,all_ads,False,[],False,,/r/spotify/comments/19c7c73/my_daylist_title/,all_ads,False,https://open.spotify.com/playlist/37i9dQZF1FbDAYslI4qiGm?si=e7efhswTQbeAg4wGIVgLpQ&amp;pi=u-4E11-COORvu5,1396770,1705855014.0,0,,False,https://open.spotify.com/playlist/37i9dQZF1FbDAYslI4qiGm?si=e7efhswTQbeAg4wGIVgLpQ&amp;pi=u-4E11-COORvu5,,,
,spotify,"&amp;#x200B;

[https://open.spotify.com/playlist/0jTzYm2wgsjACVbv7p4f0y?si=7c97a7606eb042df](https://open.spotify.com/playlist/0jTzYm2wgsjACVbv7p4f0y?si=7c97a7606eb042df)",t2_idgit398,False,,0,False,Made a comeback playlist coz i couldnt find one..,[],r/spotify,False,6,,0,,,False,,t3_19c74gp,False,dark,1.0,,1,0,{},,,False,[],,False,False,,{},"Playlist - Theme  (Party, Beach, Study)",False,1,,False,False,,1705855395.0,,[],{},,,True,public,1705854445.0,text,6,,,text,self.spotify,False,"&lt;!-- SC_OFF --&gt;&lt;div class=""md""&gt;&lt;p&gt;&amp;#x200B;&lt;/p&gt;

&lt;p&gt;&lt;a href=""https://open.spotify.com/playlist/0jTzYm2wgsjACVbv7p4f0y?si=7c97a7606eb042df""&gt;https://open.spotify.com/playlist/0jTzYm2wgsjACVbv7p4f0y?si=7c97a7606eb042df&lt;/a&gt;&lt;/p&gt;
&lt;/div&gt;&lt;!-- SC_ON --&gt;",,,,,False,True,False,False,False,,[],[],False,64fa8956-9fa3-11ea-ba10-0e669a062341,False,False,False,,[],False,,,,t5_2qofj,False,,,,#ffd635,19c74gp,True,,Intelligent_Ship_616,,0,True,all_ads,False,[],False,,/r/spotify/comments/19c74gp/made_a_comeback_playlist_coz_i_couldnt_find_one/,all_ads,False,https://www.reddit.com/r/spotify/comments/19c74gp/made_a_comeback_playlist_coz_i_couldnt_find_one/,1396770,1705854445.0,0,,False,,,,
,spotify,"Looking for new music I’m trying to expand my horizons!!

I really like the song Find yourself by Lukas Nelson and the promise of the real.. are there other songs like this? Also what genre is this considered?

 I listen to a lot of different genres of music as it is but of course I am looking for more to listen to (I am a huge music lover 🫶🏻)",t2_f0yj6rbl,False,,0,False,Song recs?,[],r/spotify,False,6,favors,0,,,False,,t3_19bvtql,False,dark,1.0,,8,0,{},,,False,[],,False,False,,{},Song / Artist / Album / Playlist Requests,False,8,,False,False,,False,,[],{},,,True,public,1705814171.0,text,6,,,text,self.spotify,False,"&lt;!-- SC_OFF --&gt;&lt;div class=""md""&gt;&lt;p&gt;Looking for new music I’m trying to expand my horizons!!&lt;/p&gt;

&lt;p&gt;I really like the song Find yourself by Lukas Nelson and the promise of the real.. are there other songs like this? Also what genre is this considered?&lt;/p&gt;

&lt;p&gt;I listen to a lot of different genres of music as it is but of course I am looking for more to listen to (I am a huge music lover 🫶🏻)&lt;/p&gt;
&lt;/div&gt;&lt;!-- SC_ON --&gt;",,,,,False,False,False,False,False,,[],[],False,b188c2f4-9a2e-11e9-9464-0e9d067aecce,False,False,False,,[],False,,,,t5_2qofj,False,,,,#94e044,19bvtql,True,,Sleepyhotcheeto,,26,True,all_ads,False,[],False,,/r/spotify/comments/19bvtql/song_recs/,all_ads,False,https://www.reddit.com/r/spotify/comments/19bvtql/song_recs/,1396770,1705814171.0,0,,False,,,,
,spotify,"It’s like shuffling except it’s my homie and when I ain’t feelin the songs he changes it up instead of going to a whole other playlist or re-shuffling.

Also unreal how one song just rolls right into the next song without wasting time",t2_qzvnpwmr,False,,0,False,This AI DJ is sickkkkkk,[],r/spotify,False,6,question,0,,,False,,t3_19c65xc,False,light,1.0,,1,0,{},,,False,[],,False,False,,{},Question / Discussion,False,1,,False,False,,False,,[],{},,,True,public,1705851901.0,text,6,,,text,self.spotify,False,"&lt;!-- SC_OFF --&gt;&lt;div class=""md""&gt;&lt;p&gt;It’s like shuffling except it’s my homie and when I ain’t feelin the songs he changes it up instead of going to a whole other playlist or re-shuffling.&lt;/p&gt;

&lt;p&gt;Also unreal how one song just rolls right into the next song without wasting time&lt;/p&gt;
&lt;/div&gt;&lt;!-- SC_ON --&gt;",,,,,False,True,False,False,False,,[],[],False,58828680-99e4-11e9-9cfc-0e6137c47742,False,False,False,,[],False,,,,t5_2qofj,False,,,,#d3d6da,19c65xc,True,,shoresy1235,,0,True,all_ads,False,[],False,,/r/spotify/comments/19c65xc/this_ai_dj_is_sickkkkkk/,all_ads,False,https://www.reddit.com/r/spotify/comments/19c65xc/this_ai_dj_is_sickkkkkk/,1396770,1705851901.0,0,,False,,,,
,spotify,"Enjoy the Country &amp; Rockabilly sounds of 2024 Ameripolitan Awards Honky Tonk Male nominee, Johnny Falstaff. Eighteen essential tracks from a living legend for your listening pleasure.",t2_50705ahij,False,,0,False,The Essential Johnny Falstaff,[],r/spotify,False,6,,0,,,False,,t3_19c5zqt,False,dark,1.0,,1,0,"{'content': '&lt;iframe class=""embedly-embed"" src=""https://cdn.embedly.com/widgets/media.html?src=https%3A%2F%2Fopen.spotify.com%2Fembed%2Fplaylist%2F1zhHPIMA8751wmyPFbdyrN%3Futm_source%3Doembed&amp;display_name=Spotify&amp;url=https%3A%2F%2Fopen.spotify.com%2Fplaylist%2F1zhHPIMA8751wmyPFbdyrN&amp;image=https%3A%2F%2Fi.scdn.co%2Fimage%2Fab67706c0000da84dac2a59af3fd0b9245e18aca&amp;key=2aa3c4d5f3de4f5b9120b660ad850dc9&amp;type=text%2Fhtml&amp;schema=spotify"" width=""456"" height=""352"" scrolling=""no"" title=""Spotify embed"" frameborder=""0"" allow=""autoplay; fullscreen; encrypted-media; picture-in-picture;"" allowfullscreen=""true""&gt;&lt;/iframe&gt;', 'width': 456, 'scrolling': False, 'height': 352}",,,False,[],"{'type': 'open.spotify.com', 'oembed': {'provider_url': 'https://spotify.com', 'description': 'The Essential Johnny Falstaff · Playlist · 18 songs', 'title': 'The Essential Johnny Falstaff', 'type': 'rich', 'thumbnail_width': 300, 'height': 352, 'width': 456, 'html': '&lt;iframe class=""embedly-embed"" src=""https://cdn.embedly.com/widgets/media.html?src=https%3A%2F%2Fopen.spotify.com%2Fembed%2Fplaylist%2F1zhHPIMA8751wmyPFbdyrN%3Futm_source%3Doembed&amp;display_name=Spotify&amp;url=https%3A%2F%2Fopen.spotify.com%2Fplaylist%2F1zhHPIMA8751wmyPFbdyrN&amp;image=https%3A%2F%2Fi.scdn.co%2Fimage%2Fab67706c0000da84dac2a59af3fd0b9245e18aca&amp;key=2aa3c4d5f3de4f5b9120b660ad850dc9&amp;type=text%2Fhtml&amp;schema=spotify"" width=""456"" height=""352"" scrolling=""no"" title=""Spotify embed"" frameborder=""0"" allow=""autoplay; fullscreen; encrypted-media; picture-in-picture;"" allowfullscreen=""true""&gt;&lt;/iframe&gt;', 'version': '1.0', 'provider_name': 'Spotify', 'thumbnail_url': 'https://i.scdn.co/image/ab67706c0000da84dac2a59af3fd0b9245e18aca', 'thumbnail_height': 300}}",False,False,,"{'content': '&lt;iframe class=""embedly-embed"" src=""https://cdn.embedly.com/widgets/media.html?src=https%3A%2F%2Fopen.spotify.com%2Fembed%2Fplaylist%2F1zhHPIMA8751wmyPFbdyrN%3Futm_source%3Doembed&amp;display_name=Spotify&amp;url=https%3A%2F%2Fopen.spotify.com%2Fplaylist%2F1zhHPIMA8751wmyPFbdyrN&amp;image=https%3A%2F%2Fi.scdn.co%2Fimage%2Fab67706c0000da84dac2a59af3fd0b9245e18aca&amp;key=2aa3c4d5f3de4f5b9120b660ad850dc9&amp;type=text%2Fhtml&amp;schema=spotify"" width=""456"" height=""352"" scrolling=""no"" title=""Spotify embed"" frameborder=""0"" allow=""autoplay; fullscreen; encrypted-media; picture-in-picture;"" allowfullscreen=""true""&gt;&lt;/iframe&gt;', 'width': 456, 'scrolling': False, 'media_domain_url': 'https://www.redditmedia.com/mediaembed/19c5zqt', 'height': 352}",Playlist - Country,False,1,,False,False,,False,,[],{},,,False,public,1705851444.0,text,6,,,text,open.spotify.com,False,"&lt;!-- SC_OFF --&gt;&lt;div class=""md""&gt;&lt;p&gt;Enjoy the Country &amp;amp; Rockabilly sounds of 2024 Ameripolitan Awards Honky Tonk Male nominee, Johnny Falstaff. Eighteen essential tracks from a living legend for your listening pleasure.&lt;/p&gt;
&lt;/div&gt;&lt;!-- SC_ON --&gt;",,,,,False,True,False,False,False,,[],[],False,031deefa-9fa1-11ea-8e2a-0ed86827466f,False,False,False,,[],False,,,,t5_2qofj,False,,,,#0dd3bb,19c5zqt,True,,twangystuff,,0,True,all_ads,False,[],False,,/r/spotify/comments/19c5zqt/the_essential_johnny_falstaff/,all_ads,False,https://open.spotify.com/playlist/1zhHPIMA8751wmyPFbdyrN?si=MAQ-Q8vIQRemA4x6IJCLIA&amp;pi=u-y_kAimXVQtyn,1396770,1705851444.0,0,"{'type': 'open.spotify.com', 'oembed': {'provider_url': 'https://spotify.com', 'description': 'The Essential Johnny Falstaff · Playlist · 18 songs', 'title': 'The Essential Johnny Falstaff', 'type': 'rich', 'thumbnail_width': 300, 'height': 352, 'width': 456, 'html': '&lt;iframe class=""embedly-embed"" src=""https://cdn.embedly.com/widgets/media.html?src=https%3A%2F%2Fopen.spotify.com%2Fembed%2Fplaylist%2F1zhHPIMA8751wmyPFbdyrN%3Futm_source%3Doembed&amp;display_name=Spotify&amp;url=https%3A%2F%2Fopen.spotify.com%2Fplaylist%2F1zhHPIMA8751wmyPFbdyrN&amp;image=https%3A%2F%2Fi.scdn.co%2Fimage%2Fab67706c0000da84dac2a59af3fd0b9245e18aca&amp;key=2aa3c4d5f3de4f5b9120b660ad850dc9&amp;type=text%2Fhtml&amp;schema=spotify"" width=""456"" height=""352"" scrolling=""no"" title=""Spotify embed"" frameborder=""0"" allow=""autoplay; fullscreen; encrypted-media; picture-in-picture;"" allowfullscreen=""true""&gt;&lt;/iframe&gt;', 'version': '1.0', 'provider_name': 'Spotify', 'thumbnail_url': 'https://i.scdn.co/image/ab67706c0000da84dac2a59af3fd0b9245e18aca', 'thumbnail_height': 300}}",False,https://open.spotify.com/playlist/1zhHPIMA8751wmyPFbdyrN?si=MAQ-Q8vIQRemA4x6IJCLIA&amp;pi=u-y_kAimXVQtyn,,,
,spotify,Share a save if you like it (all languages),t2_cnsffden,False,,0,False,Spotify playlist for the next summer❤️,[],r/spotify,False,6,,0,,,False,,t3_19c5zi7,False,dark,1.0,,1,0,"{'content': '&lt;iframe class=""embedly-embed"" src=""https://cdn.embedly.com/widgets/media.html?src=https%3A%2F%2Fopen.spotify.com%2Fembed%2Fplaylist%2F5jB1R0Nv5GjkoiXAxSxicY%3Futm_source%3Doembed&amp;display_name=Spotify&amp;url=https%3A%2F%2Fopen.spotify.com%2Fplaylist%2F5jB1R0Nv5GjkoiXAxSxicY&amp;image=https%3A%2F%2Fi.scdn.co%2Fimage%2Fab67706c0000da8485ed64576773aec03760cff3&amp;key=2aa3c4d5f3de4f5b9120b660ad850dc9&amp;type=text%2Fhtml&amp;schema=spotify"" width=""456"" height=""352"" scrolling=""no"" title=""Spotify embed"" frameborder=""0"" allow=""autoplay; fullscreen; encrypted-media; picture-in-picture;"" allowfullscreen=""true""&gt;&lt;/iframe&gt;', 'width': 456, 'scrolling': False, 'height': 352}",,,False,[],"{'type': 'open.spotify.com', 'oembed': {'provider_url': 'https://spotify.com', 'description': ""summer 24' · Playlist · 24 songs · 7 likes"", 'title': ""summer 24'"", 'type': 'rich', 'thumbnail_width': 300, 'height': 352, 'width': 456, 'html': '&lt;iframe class=""embedly-embed"" src=""https://cdn.embedly.com/widgets/media.html?src=https%3A%2F%2Fopen.spotify.com%2Fembed%2Fplaylist%2F5jB1R0Nv5GjkoiXAxSxicY%3Futm_source%3Doembed&amp;display_name=Spotify&amp;url=https%3A%2F%2Fopen.spotify.com%2Fplaylist%2F5jB1R0Nv5GjkoiXAxSxicY&amp;image=https%3A%2F%2Fi.scdn.co%2Fimage%2Fab67706c0000da8485ed64576773aec03760cff3&amp;key=2aa3c4d5f3de4f5b9120b660ad850dc9&amp;type=text%2Fhtml&amp;schema=spotify"" width=""456"" height=""352"" scrolling=""no"" title=""Spotify embed"" frameborder=""0"" allow=""autoplay; fullscreen; encrypted-media; picture-in-picture;"" allowfullscreen=""true""&gt;&lt;/iframe&gt;', 'version': '1.0', 'provider_name': 'Spotify', 'thumbnail_url': 'https://i.scdn.co/image/ab67706c0000da8485ed64576773aec03760cff3', 'thumbnail_height': 300}}",False,False,,"{'content': '&lt;iframe class=""embedly-embed"" src=""https://cdn.embedly.com/widgets/media.html?src=https%3A%2F%2Fopen.spotify.com%2Fembed%2Fplaylist%2F5jB1R0Nv5GjkoiXAxSxicY%3Futm_source%3Doembed&amp;display_name=Spotify&amp;url=https%3A%2F%2Fopen.spotify.com%2Fplaylist%2F5jB1R0Nv5GjkoiXAxSxicY&amp;image=https%3A%2F%2Fi.scdn.co%2Fimage%2Fab67706c0000da8485ed64576773aec03760cff3&amp;key=2aa3c4d5f3de4f5b9120b660ad850dc9&amp;type=text%2Fhtml&amp;schema=spotify"" width=""456"" height=""352"" scrolling=""no"" title=""Spotify embed"" frameborder=""0"" allow=""autoplay; fullscreen; encrypted-media; picture-in-picture;"" allowfullscreen=""true""&gt;&lt;/iframe&gt;', 'width': 456, 'scrolling': False, 'media_domain_url': 'https://www.redditmedia.com/mediaembed/19c5zi7', 'height': 352}","Playlist - Theme / Idea (Party, Beach, Study)",False,1,,False,False,,False,,[],{},,,False,public,1705851428.0,text,6,,,text,open.spotify.com,False,"&lt;!-- SC_OFF --&gt;&lt;div class=""md""&gt;&lt;p&gt;Share a save if you like it (all languages)&lt;/p&gt;
&lt;/div&gt;&lt;!-- SC_ON --&gt;",,,,,False,True,False,False,False,,[],[],False,64fa8956-9fa3-11ea-ba10-0e669a062341,False,False,False,,[],False,,,,t5_2qofj,False,,,,#ffd635,19c5zi7,True,,OverSheepherder5968,,0,True,all_ads,False,[],False,,/r/spotify/comments/19c5zi7/spotify_playlist_for_the_next_summer/,all_ads,False,https://open.spotify.com/playlist/5jB1R0Nv5GjkoiXAxSxicY?si=04woEC_RRKSCWH_sqXRw1Q&amp;pi=e-_gUz039NSNSN,1396770,1705851428.0,0,"{'type': 'open.spotify.com', 'oembed': {'provider_url': 'https://spotify.com', 'description': ""summer 24' · Playlist · 24 songs · 7 likes"", 'title': ""summer 24'"", 'type': 'rich', 'thumbnail_width': 300, 'height': 352, 'width': 456, 'html': '&lt;iframe class=""embedly-embed"" src=""https://cdn.embedly.com/widgets/media.html?src=https%3A%2F%2Fopen.spotify.com%2Fembed%2Fplaylist%2F5jB1R0Nv5GjkoiXAxSxicY%3Futm_source%3Doembed&amp;display_name=Spotify&amp;url=https%3A%2F%2Fopen.spotify.com%2Fplaylist%2F5jB1R0Nv5GjkoiXAxSxicY&amp;image=https%3A%2F%2Fi.scdn.co%2Fimage%2Fab67706c0000da8485ed64576773aec03760cff3&amp;key=2aa3c4d5f3de4f5b9120b660ad850dc9&amp;type=text%2Fhtml&amp;schema=spotify"" width=""456"" height=""352"" scrolling=""no"" title=""Spotify embed"" frameborder=""0"" allow=""autoplay; fullscreen; encrypted-media; picture-in-picture;"" allowfullscreen=""true""&gt;&lt;/iframe&gt;', 'version': '1.0', 'provider_name': 'Spotify', 'thumbnail_url': 'https://i.scdn.co/image/ab67706c0000da8485ed64576773aec03760cff3', 'thumbnail_height': 300}}",False,https://open.spotify.com/playlist/5jB1R0Nv5GjkoiXAxSxicY?si=04woEC_RRKSCWH_sqXRw1Q&amp;pi=e-_gUz039NSNSN,,,
,spotify,,t2_jphd1bui,False,,0,False,Alternative/Indie - Playlist,[],r/spotify,False,6,,0,,,False,,t3_19c5mpv,False,dark,1.0,,1,0,"{'content': '&lt;iframe class=""embedly-embed"" src=""https://cdn.embedly.com/widgets/media.html?src=https%3A%2F%2Fopen.spotify.com%2Fembed%2Fplaylist%2F2Ya22BeE2J8wEP9qclzV9p%3Futm_source%3Doembed&amp;display_name=Spotify&amp;url=https%3A%2F%2Fopen.spotify.com%2Fplaylist%2F2Ya22BeE2J8wEP9qclzV9p&amp;image=https%3A%2F%2Fi.scdn.co%2Fimage%2Fab67706c0000da8423ad66303f87fd787b10b2b7&amp;key=2aa3c4d5f3de4f5b9120b660ad850dc9&amp;type=text%2Fhtml&amp;schema=spotify"" width=""456"" height=""352"" scrolling=""no"" title=""Spotify embed"" frameborder=""0"" allow=""autoplay; fullscreen; encrypted-media; picture-in-picture;"" allowfullscreen=""true""&gt;&lt;/iframe&gt;', 'width': 456, 'scrolling': False, 'height': 352}",,,False,[],"{'type': 'open.spotify.com', 'oembed': {'provider_url': 'https://spotify.com', 'description': 'take me with you through every universe · Playlist · 52 songs · 4 likes', 'title': 'take me with you through every universe', 'type': 'rich', 'thumbnail_width': 300, 'height': 352, 'width': 456, 'html': '&lt;iframe class=""embedly-embed"" src=""https://cdn.embedly.com/widgets/media.html?src=https%3A%2F%2Fopen.spotify.com%2Fembed%2Fplaylist%2F2Ya22BeE2J8wEP9qclzV9p%3Futm_source%3Doembed&amp;display_name=Spotify&amp;url=https%3A%2F%2Fopen.spotify.com%2Fplaylist%2F2Ya22BeE2J8wEP9qclzV9p&amp;image=https%3A%2F%2Fi.scdn.co%2Fimage%2Fab67706c0000da8423ad66303f87fd787b10b2b7&amp;key=2aa3c4d5f3de4f5b9120b660ad850dc9&amp;type=text%2Fhtml&amp;schema=spotify"" width=""456"" height=""352"" scrolling=""no"" title=""Spotify embed"" frameborder=""0"" allow=""autoplay; fullscreen; encrypted-media; picture-in-picture;"" allowfullscreen=""true""&gt;&lt;/iframe&gt;', 'version': '1.0', 'provider_name': 'Spotify', 'thumbnail_url': 'https://i.scdn.co/image/ab67706c0000da8423ad66303f87fd787b10b2b7', 'thumbnail_height': 300}}",False,False,,"{'content': '&lt;iframe class=""embedly-embed"" src=""https://cdn.embedly.com/widgets/media.html?src=https%3A%2F%2Fopen.spotify.com%2Fembed%2Fplaylist%2F2Ya22BeE2J8wEP9qclzV9p%3Futm_source%3Doembed&amp;display_name=Spotify&amp;url=https%3A%2F%2Fopen.spotify.com%2Fplaylist%2F2Ya22BeE2J8wEP9qclzV9p&amp;image=https%3A%2F%2Fi.scdn.co%2Fimage%2Fab67706c0000da8423ad66303f87fd787b10b2b7&amp;key=2aa3c4d5f3de4f5b9120b660ad850dc9&amp;type=text%2Fhtml&amp;schema=spotify"" width=""456"" height=""352"" scrolling=""no"" title=""Spotify embed"" frameborder=""0"" allow=""autoplay; fullscreen; encrypted-media; picture-in-picture;"" allowfullscreen=""true""&gt;&lt;/iframe&gt;', 'width': 456, 'scrolling': False, 'media_domain_url': 'https://www.redditmedia.com/mediaembed/19c5mpv', 'height': 352}",Playlist - Rock/Metal/Indie/Alt,False,1,,False,False,,False,,[],{},,,False,public,1705850451.0,text,6,,,text,open.spotify.com,False,,,,,,False,True,False,False,False,,[],[],False,d0dbfc3e-9fa0-11ea-9b6c-0e248f77e35b,False,False,False,,[],False,,,,t5_2qofj,False,,,,#fb8f1b,19c5mpv,True,,gaurrieie,,0,True,all_ads,False,[],False,,/r/spotify/comments/19c5mpv/alternativeindie_playlist/,all_ads,False,https://open.spotify.com/playlist/2Ya22BeE2J8wEP9qclzV9p?si=_051MsS3R8acPf7hnxVf2Q,1396770,1705850451.0,0,"{'type': 'open.spotify.com', 'oembed': {'provider_url': 'https://spotify.com', 'description': 'take me with you through every universe · Playlist · 52 songs · 4 likes', 'title': 'take me with you through every universe', 'type': 'rich', 'thumbnail_width': 300, 'height': 352, 'width': 456, 'html': '&lt;iframe class=""embedly-embed"" src=""https://cdn.embedly.com/widgets/media.html?src=https%3A%2F%2Fopen.spotify.com%2Fembed%2Fplaylist%2F2Ya22BeE2J8wEP9qclzV9p%3Futm_source%3Doembed&amp;display_name=Spotify&amp;url=https%3A%2F%2Fopen.spotify.com%2Fplaylist%2F2Ya22BeE2J8wEP9qclzV9p&amp;image=https%3A%2F%2Fi.scdn.co%2Fimage%2Fab67706c0000da8423ad66303f87fd787b10b2b7&amp;key=2aa3c4d5f3de4f5b9120b660ad850dc9&amp;type=text%2Fhtml&amp;schema=spotify"" width=""456"" height=""352"" scrolling=""no"" title=""Spotify embed"" frameborder=""0"" allow=""autoplay; fullscreen; encrypted-media; picture-in-picture;"" allowfullscreen=""true""&gt;&lt;/iframe&gt;', 'version': '1.0', 'provider_name': 'Spotify', 'thumbnail_url': 'https://i.scdn.co/image/ab67706c0000da8423ad66303f87fd787b10b2b7', 'thumbnail_height': 300}}",False,https://open.spotify.com/playlist/2Ya22BeE2J8wEP9qclzV9p?si=_051MsS3R8acPf7hnxVf2Q,,,
,spotify,"My girlfriend mostly listens to the weekend and stuff like that, but recently i played her the sundays and the cranberries and she said she loved how feminine it sounded, any other indie/alt musicians with a similar sound?",t2_rg1s3ref,False,,0,False,trying to find music for my gf,[],r/spotify,False,6,favors,0,,,False,,t3_19bfsf8,False,dark,0.94,,57,0,{},,,False,[],,False,False,,{},Song / Artist / Album / Playlist Requests,False,57,,False,False,,False,,[],{},,,True,public,1705768808.0,text,6,,,text,self.spotify,False,"&lt;!-- SC_OFF --&gt;&lt;div class=""md""&gt;&lt;p&gt;My girlfriend mostly listens to the weekend and stuff like that, but recently i played her the sundays and the cranberries and she said she loved how feminine it sounded, any other indie/alt musicians with a similar sound?&lt;/p&gt;
&lt;/div&gt;&lt;!-- SC_ON --&gt;",,,,,False,False,False,False,False,,[],[],False,b188c2f4-9a2e-11e9-9464-0e9d067aecce,False,False,False,,[],False,,,,t5_2qofj,False,,,,#94e044,19bfsf8,True,,theegoobler,,86,True,all_ads,False,[],False,,/r/spotify/comments/19bfsf8/trying_to_find_music_for_my_gf/,all_ads,False,https://www.reddit.com/r/spotify/comments/19bfsf8/trying_to_find_music_for_my_gf/,1396770,1705768808.0,0,,False,,,,
,spotify,,t2_cq1r8ipe,False,,0,False,"Life in reverse takes you on an inward journey of discovery, passing through five different stages.",[],r/spotify,False,6,,0,,,False,,t3_19c0m8s,False,dark,1.0,,2,0,"{'content': '&lt;iframe class=""embedly-embed"" src=""https://cdn.embedly.com/widgets/media.html?src=https%3A%2F%2Fopen.spotify.com%2Fembed%2Falbum%2F5btVlcus7yGbZWDtXFFbWr%3Futm_source%3Doembed&amp;display_name=Spotify&amp;url=https%3A%2F%2Fopen.spotify.com%2Falbum%2F5btVlcus7yGbZWDtXFFbWr&amp;image=https%3A%2F%2Fi.scdn.co%2Fimage%2Fab67616d00001e0248c3abf3bdbacbab3752fff9&amp;key=2aa3c4d5f3de4f5b9120b660ad850dc9&amp;type=text%2Fhtml&amp;schema=spotify"" width=""456"" height=""352"" scrolling=""no"" title=""Spotify embed"" frameborder=""0"" allow=""autoplay; fullscreen; encrypted-media; picture-in-picture;"" allowfullscreen=""true""&gt;&lt;/iframe&gt;', 'width': 456, 'scrolling': False, 'height': 352}",,,False,[],"{'type': 'open.spotify.com', 'oembed': {'provider_url': 'https://spotify.com', 'description': 'Listen to Life in Reverse on Spotify. t.quoise · Album · 2022 · 14 songs.', 'title': 'Life in Reverse', 'type': 'rich', 'thumbnail_width': 300, 'height': 352, 'width': 456, 'html': '&lt;iframe class=""embedly-embed"" src=""https://cdn.embedly.com/widgets/media.html?src=https%3A%2F%2Fopen.spotify.com%2Fembed%2Falbum%2F5btVlcus7yGbZWDtXFFbWr%3Futm_source%3Doembed&amp;display_name=Spotify&amp;url=https%3A%2F%2Fopen.spotify.com%2Falbum%2F5btVlcus7yGbZWDtXFFbWr&amp;image=https%3A%2F%2Fi.scdn.co%2Fimage%2Fab67616d00001e0248c3abf3bdbacbab3752fff9&amp;key=2aa3c4d5f3de4f5b9120b660ad850dc9&amp;type=text%2Fhtml&amp;schema=spotify"" width=""456"" height=""352"" scrolling=""no"" title=""Spotify embed"" frameborder=""0"" allow=""autoplay; fullscreen; encrypted-media; picture-in-picture;"" allowfullscreen=""true""&gt;&lt;/iframe&gt;', 'version': '1.0', 'provider_name': 'Spotify', 'thumbnail_url': 'https://i.scdn.co/image/ab67616d00001e0248c3abf3bdbacbab3752fff9', 'thumbnail_height': 300}}",False,False,,"{'content': '&lt;iframe class=""embedly-embed"" src=""https://cdn.embedly.com/widgets/media.html?src=https%3A%2F%2Fopen.spotify.com%2Fembed%2Falbum%2F5btVlcus7yGbZWDtXFFbWr%3Futm_source%3Doembed&amp;display_name=Spotify&amp;url=https%3A%2F%2Fopen.spotify.com%2Falbum%2F5btVlcus7yGbZWDtXFFbWr&amp;image=https%3A%2F%2Fi.scdn.co%2Fimage%2Fab67616d00001e0248c3abf3bdbacbab3752fff9&amp;key=2aa3c4d5f3de4f5b9120b660ad850dc9&amp;type=text%2Fhtml&amp;schema=spotify"" width=""456"" height=""352"" scrolling=""no"" title=""Spotify embed"" frameborder=""0"" allow=""autoplay; fullscreen; encrypted-media; picture-in-picture;"" allowfullscreen=""true""&gt;&lt;/iframe&gt;', 'width': 456, 'scrolling': False, 'media_domain_url': 'https://www.redditmedia.com/mediaembed/19c0m8s', 'height': 352}","Playlist - Mood/Feeling (Chill, Lofi, Uplifting)",False,2,,False,False,,False,,[],{},,,False,public,1705833117.0,text,6,,,text,open.spotify.com,False,,,,,,False,True,False,False,False,,[],[],False,ede46e42-9fa0-11ea-8c94-0e70d5715363,False,False,False,,[],False,,,,t5_2qofj,False,,,,#c300c1,19c0m8s,True,,turbulent-mike,,0,True,all_ads,False,[],False,,/r/spotify/comments/19c0m8s/life_in_reverse_takes_you_on_an_inward_journey_of/,all_ads,False,https://open.spotify.com/album/5btVlcus7yGbZWDtXFFbWr?si=TlHm3xcjQSezY6ZxFaggbw&amp;context=spotify%3Aalbum%3A5btVlcus7yGbZWDtXFFbWr,1396770,1705833117.0,0,"{'type': 'open.spotify.com', 'oembed': {'provider_url': 'https://spotify.com', 'description': 'Listen to Life in Reverse on Spotify. t.quoise · Album · 2022 · 14 songs.', 'title': 'Life in Reverse', 'type': 'rich', 'thumbnail_width': 300, 'height': 352, 'width': 456, 'html': '&lt;iframe class=""embedly-embed"" src=""https://cdn.embedly.com/widgets/media.html?src=https%3A%2F%2Fopen.spotify.com%2Fembed%2Falbum%2F5btVlcus7yGbZWDtXFFbWr%3Futm_source%3Doembed&amp;display_name=Spotify&amp;url=https%3A%2F%2Fopen.spotify.com%2Falbum%2F5btVlcus7yGbZWDtXFFbWr&amp;image=https%3A%2F%2Fi.scdn.co%2Fimage%2Fab67616d00001e0248c3abf3bdbacbab3752fff9&amp;key=2aa3c4d5f3de4f5b9120b660ad850dc9&amp;type=text%2Fhtml&amp;schema=spotify"" width=""456"" height=""352"" scrolling=""no"" title=""Spotify embed"" frameborder=""0"" allow=""autoplay; fullscreen; encrypted-media; picture-in-picture;"" allowfullscreen=""true""&gt;&lt;/iframe&gt;', 'version': '1.0', 'provider_name': 'Spotify', 'thumbnail_url': 'https://i.scdn.co/image/ab67616d00001e0248c3abf3bdbacbab3752fff9', 'thumbnail_height': 300}}",False,https://open.spotify.com/album/5btVlcus7yGbZWDtXFFbWr?si=TlHm3xcjQSezY6ZxFaggbw&amp;context=spotify%3Aalbum%3A5btVlcus7yGbZWDtXFFbWr,,,
,spotify,,t2_6tvk4zfbk,False,,0,False,"Grab your hooch and cut a rug to these 1920's swing, blues, &amp; dance band classics:",[],r/spotify,False,6,,0,,,False,,t3_19c41cq,False,dark,1.0,,1,0,"{'content': '&lt;iframe class=""embedly-embed"" src=""https://cdn.embedly.com/widgets/media.html?src=https%3A%2F%2Fopen.spotify.com%2Fembed%2Fplaylist%2F59e2rdIBvaBRUsGUZvYJOG%3Futm_source%3Doembed&amp;display_name=Spotify&amp;url=https%3A%2F%2Fopen.spotify.com%2Fplaylist%2F59e2rdIBvaBRUsGUZvYJOG&amp;image=https%3A%2F%2Fi.scdn.co%2Fimage%2Fab67706c0000da84dd6e37d289c0f4e891677589&amp;key=2aa3c4d5f3de4f5b9120b660ad850dc9&amp;type=text%2Fhtml&amp;schema=spotify"" width=""456"" height=""352"" scrolling=""no"" title=""Spotify embed"" frameborder=""0"" allow=""autoplay; fullscreen; encrypted-media; picture-in-picture;"" allowfullscreen=""true""&gt;&lt;/iframe&gt;', 'width': 456, 'scrolling': False, 'height': 352}",,,False,[],"{'type': 'open.spotify.com', 'oembed': {'provider_url': 'https://spotify.com', 'description': ""20's Speakeasy · Playlist · 271 songs · 152 likes"", 'title': ""20's Speakeasy"", 'type': 'rich', 'thumbnail_width': 300, 'height': 352, 'width': 456, 'html': '&lt;iframe class=""embedly-embed"" src=""https://cdn.embedly.com/widgets/media.html?src=https%3A%2F%2Fopen.spotify.com%2Fembed%2Fplaylist%2F59e2rdIBvaBRUsGUZvYJOG%3Futm_source%3Doembed&amp;display_name=Spotify&amp;url=https%3A%2F%2Fopen.spotify.com%2Fplaylist%2F59e2rdIBvaBRUsGUZvYJOG&amp;image=https%3A%2F%2Fi.scdn.co%2Fimage%2Fab67706c0000da84dd6e37d289c0f4e891677589&amp;key=2aa3c4d5f3de4f5b9120b660ad850dc9&amp;type=text%2Fhtml&amp;schema=spotify"" width=""456"" height=""352"" scrolling=""no"" title=""Spotify embed"" frameborder=""0"" allow=""autoplay; fullscreen; encrypted-media; picture-in-picture;"" allowfullscreen=""true""&gt;&lt;/iframe&gt;', 'version': '1.0', 'provider_name': 'Spotify', 'thumbnail_url': 'https://i.scdn.co/image/ab67706c0000da84dd6e37d289c0f4e891677589', 'thumbnail_height': 300}}",False,False,,"{'content': '&lt;iframe class=""embedly-embed"" src=""https://cdn.embedly.com/widgets/media.html?src=https%3A%2F%2Fopen.spotify.com%2Fembed%2Fplaylist%2F59e2rdIBvaBRUsGUZvYJOG%3Futm_source%3Doembed&amp;display_name=Spotify&amp;url=https%3A%2F%2Fopen.spotify.com%2Fplaylist%2F59e2rdIBvaBRUsGUZvYJOG&amp;image=https%3A%2F%2Fi.scdn.co%2Fimage%2Fab67706c0000da84dd6e37d289c0f4e891677589&amp;key=2aa3c4d5f3de4f5b9120b660ad850dc9&amp;type=text%2Fhtml&amp;schema=spotify"" width=""456"" height=""352"" scrolling=""no"" title=""Spotify embed"" frameborder=""0"" allow=""autoplay; fullscreen; encrypted-media; picture-in-picture;"" allowfullscreen=""true""&gt;&lt;/iframe&gt;', 'width': 456, 'scrolling': False, 'media_domain_url': 'https://www.redditmedia.com/mediaembed/19c41cq', 'height': 352}",Playlist - Throwback/Flashback/Decades,False,1,,False,False,,False,,[],{},,,False,public,1705845697.0,text,6,,,text,open.spotify.com,False,,,,,,False,True,False,False,False,,[],[],False,8f93ff06-9fa5-11ea-8fd9-0e846d182559,False,False,False,,[],False,,,,t5_2qofj,False,,,,#ab672f,19c41cq,True,,cgraygo,,0,True,all_ads,False,[],False,,/r/spotify/comments/19c41cq/grab_your_hooch_and_cut_a_rug_to_these_1920s/,all_ads,False,https://open.spotify.com/playlist/59e2rdIBvaBRUsGUZvYJOG?si=b2e109b9e9184112,1396770,1705845697.0,0,"{'type': 'open.spotify.com', 'oembed': {'provider_url': 'https://spotify.com', 'description': ""20's Speakeasy · Playlist · 271 songs · 152 likes"", 'title': ""20's Speakeasy"", 'type': 'rich', 'thumbnail_width': 300, 'height': 352, 'width': 456, 'html': '&lt;iframe class=""embedly-embed"" src=""https://cdn.embedly.com/widgets/media.html?src=https%3A%2F%2Fopen.spotify.com%2Fembed%2Fplaylist%2F59e2rdIBvaBRUsGUZvYJOG%3Futm_source%3Doembed&amp;display_name=Spotify&amp;url=https%3A%2F%2Fopen.spotify.com%2Fplaylist%2F59e2rdIBvaBRUsGUZvYJOG&amp;image=https%3A%2F%2Fi.scdn.co%2Fimage%2Fab67706c0000da84dd6e37d289c0f4e891677589&amp;key=2aa3c4d5f3de4f5b9120b660ad850dc9&amp;type=text%2Fhtml&amp;schema=spotify"" width=""456"" height=""352"" scrolling=""no"" title=""Spotify embed"" frameborder=""0"" allow=""autoplay; fullscreen; encrypted-media; picture-in-picture;"" allowfullscreen=""true""&gt;&lt;/iframe&gt;', 'version': '1.0', 'provider_name': 'Spotify', 'thumbnail_url': 'https://i.scdn.co/image/ab67706c0000da84dd6e37d289c0f4e891677589', 'thumbnail_height': 300}}",False,https://open.spotify.com/playlist/59e2rdIBvaBRUsGUZvYJOG?si=b2e109b9e9184112,,,
,spotify,,t2_htbwfzow,False,,0,False,DARKWAVE//ПОСТ ПАНК РУСО,[],r/spotify,False,6,playlist,0,,,False,,t3_19c083d,False,dark,0.75,,2,0,"{'content': '&lt;iframe class=""embedly-embed"" src=""https://cdn.embedly.com/widgets/media.html?src=https%3A%2F%2Fopen.spotify.com%2Fembed%2Fplaylist%2F2KNmyjlOCY6TYAQp2OZlUQ%3Futm_source%3Doembed&amp;display_name=Spotify&amp;url=https%3A%2F%2Fopen.spotify.com%2Fplaylist%2F2KNmyjlOCY6TYAQp2OZlUQ&amp;image=https%3A%2F%2Fi.scdn.co%2Fimage%2Fab67706c0000da84e4ab1e5cda96e531fecc833d&amp;key=2aa3c4d5f3de4f5b9120b660ad850dc9&amp;type=text%2Fhtml&amp;schema=spotify"" width=""456"" height=""352"" scrolling=""no"" title=""Spotify embed"" frameborder=""0"" allow=""autoplay; fullscreen; encrypted-media; picture-in-picture;"" allowfullscreen=""true""&gt;&lt;/iframe&gt;', 'width': 456, 'scrolling': False, 'height': 352}",,,False,[],"{'type': 'open.spotify.com', 'oembed': {'provider_url': 'https://spotify.com', 'description': 'DARKWAVE//ПОСТ ПАНК РУСО · Playlist · 169 songs · 13 likes', 'title': 'DARKWAVE//ПОСТ ПАНК РУСО', 'type': 'rich', 'thumbnail_width': 300, 'height': 352, 'width': 456, 'html': '&lt;iframe class=""embedly-embed"" src=""https://cdn.embedly.com/widgets/media.html?src=https%3A%2F%2Fopen.spotify.com%2Fembed%2Fplaylist%2F2KNmyjlOCY6TYAQp2OZlUQ%3Futm_source%3Doembed&amp;display_name=Spotify&amp;url=https%3A%2F%2Fopen.spotify.com%2Fplaylist%2F2KNmyjlOCY6TYAQp2OZlUQ&amp;image=https%3A%2F%2Fi.scdn.co%2Fimage%2Fab67706c0000da84e4ab1e5cda96e531fecc833d&amp;key=2aa3c4d5f3de4f5b9120b660ad850dc9&amp;type=text%2Fhtml&amp;schema=spotify"" width=""456"" height=""352"" scrolling=""no"" title=""Spotify embed"" frameborder=""0"" allow=""autoplay; fullscreen; encrypted-media; picture-in-picture;"" allowfullscreen=""true""&gt;&lt;/iframe&gt;', 'version': '1.0', 'provider_name': 'Spotify', 'thumbnail_url': 'https://i.scdn.co/image/ab67706c0000da84e4ab1e5cda96e531fecc833d', 'thumbnail_height': 200}}",False,False,,"{'content': '&lt;iframe class=""embedly-embed"" src=""https://cdn.embedly.com/widgets/media.html?src=https%3A%2F%2Fopen.spotify.com%2Fembed%2Fplaylist%2F2KNmyjlOCY6TYAQp2OZlUQ%3Futm_source%3Doembed&amp;display_name=Spotify&amp;url=https%3A%2F%2Fopen.spotify.com%2Fplaylist%2F2KNmyjlOCY6TYAQp2OZlUQ&amp;image=https%3A%2F%2Fi.scdn.co%2Fimage%2Fab67706c0000da84e4ab1e5cda96e531fecc833d&amp;key=2aa3c4d5f3de4f5b9120b660ad850dc9&amp;type=text%2Fhtml&amp;schema=spotify"" width=""456"" height=""352"" scrolling=""no"" title=""Spotify embed"" frameborder=""0"" allow=""autoplay; fullscreen; encrypted-media; picture-in-picture;"" allowfullscreen=""true""&gt;&lt;/iframe&gt;', 'width': 456, 'scrolling': False, 'media_domain_url': 'https://www.redditmedia.com/mediaembed/19c083d', 'height': 352}",Playlist - Random / Other,False,2,,False,False,,False,,[],{},,,False,public,1705831507.0,text,6,,,text,open.spotify.com,False,,,,,,False,False,False,False,False,,[],[],False,5fb11b10-99e4-11e9-afa4-0e71ebf0abb0,False,False,False,,[],False,,,,t5_2qofj,False,,,,#46d160,19c083d,True,,The_Demon_EyeS2,,0,True,all_ads,False,[],False,,/r/spotify/comments/19c083d/darkwaveпост_панк_русо/,all_ads,False,https://open.spotify.com/playlist/2KNmyjlOCY6TYAQp2OZlUQ?si=DClOHeNZRUS1tiwLIjz8zQ&amp;pi=e-WPnXOC2DR4md,1396770,1705831507.0,0,"{'type': 'open.spotify.com', 'oembed': {'provider_url': 'https://spotify.com', 'description': 'DARKWAVE//ПОСТ ПАНК РУСО · Playlist · 169 songs · 13 likes', 'title': 'DARKWAVE//ПОСТ ПАНК РУСО', 'type': 'rich', 'thumbnail_width': 300, 'height': 352, 'width': 456, 'html': '&lt;iframe class=""embedly-embed"" src=""https://cdn.embedly.com/widgets/media.html?src=https%3A%2F%2Fopen.spotify.com%2Fembed%2Fplaylist%2F2KNmyjlOCY6TYAQp2OZlUQ%3Futm_source%3Doembed&amp;display_name=Spotify&amp;url=https%3A%2F%2Fopen.spotify.com%2Fplaylist%2F2KNmyjlOCY6TYAQp2OZlUQ&amp;image=https%3A%2F%2Fi.scdn.co%2Fimage%2Fab67706c0000da84e4ab1e5cda96e531fecc833d&amp;key=2aa3c4d5f3de4f5b9120b660ad850dc9&amp;type=text%2Fhtml&amp;schema=spotify"" width=""456"" height=""352"" scrolling=""no"" title=""Spotify embed"" frameborder=""0"" allow=""autoplay; fullscreen; encrypted-media; picture-in-picture;"" allowfullscreen=""true""&gt;&lt;/iframe&gt;', 'version': '1.0', 'provider_name': 'Spotify', 'thumbnail_url': 'https://i.scdn.co/image/ab67706c0000da84e4ab1e5cda96e531fecc833d', 'thumbnail_height': 200}}",False,https://open.spotify.com/playlist/2KNmyjlOCY6TYAQp2OZlUQ?si=DClOHeNZRUS1tiwLIjz8zQ&amp;pi=e-WPnXOC2DR4md,,,
,spotify,300 songs that kinda fit together 🩷,t2_62f16g06,False,,0,False,road trip playlist,[],r/spotify,False,6,,0,,,False,,t3_19bxt5e,False,dark,1.0,,3,0,"{'content': '&lt;iframe class=""embedly-embed"" src=""https://cdn.embedly.com/widgets/media.html?src=https%3A%2F%2Fopen.spotify.com%2Fembed%2Fplaylist%2F6yfsHK3o8EqhEA64BlggPP%3Futm_source%3Doembed&amp;display_name=Spotify&amp;url=https%3A%2F%2Fopen.spotify.com%2Fplaylist%2F6yfsHK3o8EqhEA64BlggPP&amp;image=https%3A%2F%2Fmosaic.scdn.co%2F300%2Fab67616d00001e0205be4a82babc6e7a5199525eab67616d00001e0211fe930b66e53d512a4283d6ab67616d00001e02e280ed04a8e7cf1ad8acf4adab67616d00001e02e615ac507053d8a8aa4ef05c&amp;key=2aa3c4d5f3de4f5b9120b660ad850dc9&amp;type=text%2Fhtml&amp;schema=spotify"" width=""456"" height=""352"" scrolling=""no"" title=""Spotify embed"" frameborder=""0"" allow=""autoplay; fullscreen; encrypted-media; picture-in-picture;"" allowfullscreen=""true""&gt;&lt;/iframe&gt;', 'width': 456, 'scrolling': False, 'height': 352}",,,False,[],"{'type': 'open.spotify.com', 'oembed': {'provider_url': 'https://spotify.com', 'description': 'Giving u head in your car while you listen to this playlist i made u ‧͙*̩̩͙❆ ͙͛ ˚₊⋆ · Playlist · 300 songs · 35 likes', 'title': 'Giving u head in your car while you listen to this playlist i made u ‧͙*̩̩͙❆ ͙͛ ˚₊⋆', 'type': 'rich', 'thumbnail_width': 300, 'height': 352, 'width': 456, 'html': '&lt;iframe class=""embedly-embed"" src=""https://cdn.embedly.com/widgets/media.html?src=https%3A%2F%2Fopen.spotify.com%2Fembed%2Fplaylist%2F6yfsHK3o8EqhEA64BlggPP%3Futm_source%3Doembed&amp;display_name=Spotify&amp;url=https%3A%2F%2Fopen.spotify.com%2Fplaylist%2F6yfsHK3o8EqhEA64BlggPP&amp;image=https%3A%2F%2Fmosaic.scdn.co%2F300%2Fab67616d00001e0205be4a82babc6e7a5199525eab67616d00001e0211fe930b66e53d512a4283d6ab67616d00001e02e280ed04a8e7cf1ad8acf4adab67616d00001e02e615ac507053d8a8aa4ef05c&amp;key=2aa3c4d5f3de4f5b9120b660ad850dc9&amp;type=text%2Fhtml&amp;schema=spotify"" width=""456"" height=""352"" scrolling=""no"" title=""Spotify embed"" frameborder=""0"" allow=""autoplay; fullscreen; encrypted-media; picture-in-picture;"" allowfullscreen=""true""&gt;&lt;/iframe&gt;', 'version': '1.0', 'provider_name': 'Spotify', 'thumbnail_url': 'https://mosaic.scdn.co/300/ab67616d00001e0205be4a82babc6e7a5199525eab67616d00001e0211fe930b66e53d512a4283d6ab67616d00001e02e280ed04a8e7cf1ad8acf4adab67616d00001e02e615ac507053d8a8aa4ef05c', 'thumbnail_height': 300}}",False,False,,"{'content': '&lt;iframe class=""embedly-embed"" src=""https://cdn.embedly.com/widgets/media.html?src=https%3A%2F%2Fopen.spotify.com%2Fembed%2Fplaylist%2F6yfsHK3o8EqhEA64BlggPP%3Futm_source%3Doembed&amp;display_name=Spotify&amp;url=https%3A%2F%2Fopen.spotify.com%2Fplaylist%2F6yfsHK3o8EqhEA64BlggPP&amp;image=https%3A%2F%2Fmosaic.scdn.co%2F300%2Fab67616d00001e0205be4a82babc6e7a5199525eab67616d00001e0211fe930b66e53d512a4283d6ab67616d00001e02e280ed04a8e7cf1ad8acf4adab67616d00001e02e615ac507053d8a8aa4ef05c&amp;key=2aa3c4d5f3de4f5b9120b660ad850dc9&amp;type=text%2Fhtml&amp;schema=spotify"" width=""456"" height=""352"" scrolling=""no"" title=""Spotify embed"" frameborder=""0"" allow=""autoplay; fullscreen; encrypted-media; picture-in-picture;"" allowfullscreen=""true""&gt;&lt;/iframe&gt;', 'width': 456, 'scrolling': False, 'media_domain_url': 'https://www.redditmedia.com/mediaembed/19bxt5e', 'height': 352}","Playlist - Theme / Idea (Party, Beach, Study)",False,3,,False,False,,False,,[],{},,,False,public,1705821553.0,text,6,,,text,open.spotify.com,False,"&lt;!-- SC_OFF --&gt;&lt;div class=""md""&gt;&lt;p&gt;300 songs that kinda fit together 🩷&lt;/p&gt;
&lt;/div&gt;&lt;!-- SC_ON --&gt;",,,,,False,True,False,False,False,,[],[],False,64fa8956-9fa3-11ea-ba10-0e669a062341,False,False,False,,[],False,,,,t5_2qofj,False,,,,#ffd635,19bxt5e,True,,rubinicole,,0,True,all_ads,False,[],False,,/r/spotify/comments/19bxt5e/road_trip_playlist/,all_ads,False,https://open.spotify.com/playlist/6yfsHK3o8EqhEA64BlggPP?si=DjAprxziTqaK4r0KJmtnrA,1396770,1705821553.0,0,"{'type': 'open.spotify.com', 'oembed': {'provider_url': 'https://spotify.com', 'description': 'Giving u head in your car while you listen to this playlist i made u ‧͙*̩̩͙❆ ͙͛ ˚₊⋆ · Playlist · 300 songs · 35 likes', 'title': 'Giving u head in your car while you listen to this playlist i made u ‧͙*̩̩͙❆ ͙͛ ˚₊⋆', 'type': 'rich', 'thumbnail_width': 300, 'height': 352, 'width': 456, 'html': '&lt;iframe class=""embedly-embed"" src=""https://cdn.embedly.com/widgets/media.html?src=https%3A%2F%2Fopen.spotify.com%2Fembed%2Fplaylist%2F6yfsHK3o8EqhEA64BlggPP%3Futm_source%3Doembed&amp;display_name=Spotify&amp;url=https%3A%2F%2Fopen.spotify.com%2Fplaylist%2F6yfsHK3o8EqhEA64BlggPP&amp;image=https%3A%2F%2Fmosaic.scdn.co%2F300%2Fab67616d00001e0205be4a82babc6e7a5199525eab67616d00001e0211fe930b66e53d512a4283d6ab67616d00001e02e280ed04a8e7cf1ad8acf4adab67616d00001e02e615ac507053d8a8aa4ef05c&amp;key=2aa3c4d5f3de4f5b9120b660ad850dc9&amp;type=text%2Fhtml&amp;schema=spotify"" width=""456"" height=""352"" scrolling=""no"" title=""Spotify embed"" frameborder=""0"" allow=""autoplay; fullscreen; encrypted-media; picture-in-picture;"" allowfullscreen=""true""&gt;&lt;/iframe&gt;', 'version': '1.0', 'provider_name': 'Spotify', 'thumbnail_url': 'https://mosaic.scdn.co/300/ab67616d00001e0205be4a82babc6e7a5199525eab67616d00001e0211fe930b66e53d512a4283d6ab67616d00001e02e280ed04a8e7cf1ad8acf4adab67616d00001e02e615ac507053d8a8aa4ef05c', 'thumbnail_height': 300}}",False,https://open.spotify.com/playlist/6yfsHK3o8EqhEA64BlggPP?si=DjAprxziTqaK4r0KJmtnrA,,,
,spotify,"Are there any songs talking about the feeling of being a younger sister? Like, I love my older sister with everything, but she has other priorities, and I was never on the list. I can't blame her, nor did I want to, because I was treated much better than her growing up. But the feeling of being kind of hated by the person you love is just so terrible. Sometimes, I imagine us growing up and moving out, then suddenly acting awkwardly like strangers because it's been so long since we've seen and talked to each other (perhaps due to our big age gap). I want to find a song that captures that emotion",t2_s53cax5c,False,,0,False,Any younger sister songs?,[],r/spotify,False,6,favors,0,,,False,,t3_19bi502,False,dark,1.0,,14,0,{},,,False,[],,False,False,,{},Song / Artist / Album / Playlist Requests,False,14,,False,False,,False,,[],{},,,True,public,1705774970.0,text,6,,,text,self.spotify,False,"&lt;!-- SC_OFF --&gt;&lt;div class=""md""&gt;&lt;p&gt;Are there any songs talking about the feeling of being a younger sister? Like, I love my older sister with everything, but she has other priorities, and I was never on the list. I can&amp;#39;t blame her, nor did I want to, because I was treated much better than her growing up. But the feeling of being kind of hated by the person you love is just so terrible. Sometimes, I imagine us growing up and moving out, then suddenly acting awkwardly like strangers because it&amp;#39;s been so long since we&amp;#39;ve seen and talked to each other (perhaps due to our big age gap). I want to find a song that captures that emotion&lt;/p&gt;
&lt;/div&gt;&lt;!-- SC_ON --&gt;",,,,,False,False,False,False,False,,[],[],False,b188c2f4-9a2e-11e9-9464-0e9d067aecce,False,False,False,,[],False,,,,t5_2qofj,False,,,,#94e044,19bi502,True,,TumbleweedNo7171,,10,True,all_ads,False,[],False,,/r/spotify/comments/19bi502/any_younger_sister_songs/,all_ads,False,https://www.reddit.com/r/spotify/comments/19bi502/any_younger_sister_songs/,1396770,1705774970.0,0,,False,,,,
,spotify,"Update: Thanks for the suggestions everyone, I really appreciate it!  No more please - I have more than enough now 😝
",t2_azwapsdj,False,,0,False,Looking for music that moves you,[],r/spotify,False,6,favors,0,,,False,,t3_19b0aqz,False,dark,0.98,,231,0,{},,,False,[],,False,False,,{},Song / Artist / Album / Playlist Requests,False,231,,False,False,,1705903791.0,,[],{},,,True,public,1705715501.0,text,6,,,text,self.spotify,False,"&lt;!-- SC_OFF --&gt;&lt;div class=""md""&gt;&lt;p&gt;Update: Thanks for the suggestions everyone, I really appreciate it!  No more please - I have more than enough now 😝&lt;/p&gt;
&lt;/div&gt;&lt;!-- SC_ON --&gt;",,,,,False,False,False,False,False,,[],[],False,b188c2f4-9a2e-11e9-9464-0e9d067aecce,False,False,False,,[],False,,,,t5_2qofj,False,,,,#94e044,19b0aqz,True,,Big_Youth_7979,,403,True,all_ads,False,[],False,,/r/spotify/comments/19b0aqz/looking_for_music_that_moves_you/,all_ads,False,https://www.reddit.com/r/spotify/comments/19b0aqz/looking_for_music_that_moves_you/,1396770,1705715501.0,0,,False,,,,
,spotify,,t2_53883501,False,,0,False,Late Night City Lights - Beautiful electronic tunes for your virtual world (EDM),[],r/spotify,False,6,,0,,,False,,t3_19btdh6,False,dark,1.0,,2,0,"{'content': '&lt;iframe class=""embedly-embed"" src=""https://cdn.embedly.com/widgets/media.html?src=https%3A%2F%2Fopen.spotify.com%2Fembed%2Fplaylist%2F6xifgmGSZck9aLb9azYy0u%3Futm_source%3Doembed&amp;display_name=Spotify&amp;url=https%3A%2F%2Fopen.spotify.com%2Fplaylist%2F6xifgmGSZck9aLb9azYy0u&amp;image=https%3A%2F%2Fi.scdn.co%2Fimage%2Fab67706c0000da84fc45808fc109506d43b71648&amp;key=2aa3c4d5f3de4f5b9120b660ad850dc9&amp;type=text%2Fhtml&amp;schema=spotify"" width=""456"" height=""352"" scrolling=""no"" title=""Spotify embed"" frameborder=""0"" allow=""autoplay; fullscreen; encrypted-media; picture-in-picture;"" allowfullscreen=""true""&gt;&lt;/iframe&gt;', 'width': 456, 'scrolling': False, 'height': 352}",,,False,[],"{'type': 'open.spotify.com', 'oembed': {'provider_url': 'https://spotify.com', 'description': 'Late Night City Lights · Playlist · 122 songs · 15 likes', 'title': 'Late Night City Lights', 'type': 'rich', 'thumbnail_width': 300, 'height': 352, 'width': 456, 'html': '&lt;iframe class=""embedly-embed"" src=""https://cdn.embedly.com/widgets/media.html?src=https%3A%2F%2Fopen.spotify.com%2Fembed%2Fplaylist%2F6xifgmGSZck9aLb9azYy0u%3Futm_source%3Doembed&amp;display_name=Spotify&amp;url=https%3A%2F%2Fopen.spotify.com%2Fplaylist%2F6xifgmGSZck9aLb9azYy0u&amp;image=https%3A%2F%2Fi.scdn.co%2Fimage%2Fab67706c0000da84fc45808fc109506d43b71648&amp;key=2aa3c4d5f3de4f5b9120b660ad850dc9&amp;type=text%2Fhtml&amp;schema=spotify"" width=""456"" height=""352"" scrolling=""no"" title=""Spotify embed"" frameborder=""0"" allow=""autoplay; fullscreen; encrypted-media; picture-in-picture;"" allowfullscreen=""true""&gt;&lt;/iframe&gt;', 'version': '1.0', 'provider_name': 'Spotify', 'thumbnail_url': 'https://i.scdn.co/image/ab67706c0000da84fc45808fc109506d43b71648', 'thumbnail_height': 300}}",False,False,,"{'content': '&lt;iframe class=""embedly-embed"" src=""https://cdn.embedly.com/widgets/media.html?src=https%3A%2F%2Fopen.spotify.com%2Fembed%2Fplaylist%2F6xifgmGSZck9aLb9azYy0u%3Futm_source%3Doembed&amp;display_name=Spotify&amp;url=https%3A%2F%2Fopen.spotify.com%2Fplaylist%2F6xifgmGSZck9aLb9azYy0u&amp;image=https%3A%2F%2Fi.scdn.co%2Fimage%2Fab67706c0000da84fc45808fc109506d43b71648&amp;key=2aa3c4d5f3de4f5b9120b660ad850dc9&amp;type=text%2Fhtml&amp;schema=spotify"" width=""456"" height=""352"" scrolling=""no"" title=""Spotify embed"" frameborder=""0"" allow=""autoplay; fullscreen; encrypted-media; picture-in-picture;"" allowfullscreen=""true""&gt;&lt;/iframe&gt;', 'width': 456, 'scrolling': False, 'media_domain_url': 'https://www.redditmedia.com/mediaembed/19btdh6', 'height': 352}",Playlist - Electronic / EDM / Dance,False,2,,False,False,,False,,[],{},,,False,public,1705805830.0,text,6,,,text,open.spotify.com,False,,,,,,False,False,False,False,False,,[],[],False,0cbd2a8e-9fa1-11ea-8e59-0e59b1c879f3,False,False,False,,[],False,,,,t5_2qofj,False,,,,#7193ff,19btdh6,True,,jmcarlos27,,0,True,all_ads,False,[],False,,/r/spotify/comments/19btdh6/late_night_city_lights_beautiful_electronic_tunes/,all_ads,False,https://open.spotify.com/playlist/6xifgmGSZck9aLb9azYy0u?si=XkA0Skr0RrG8Dm4v6tS5lQ,1396770,1705805830.0,0,"{'type': 'open.spotify.com', 'oembed': {'provider_url': 'https://spotify.com', 'description': 'Late Night City Lights · Playlist · 122 songs · 15 likes', 'title': 'Late Night City Lights', 'type': 'rich', 'thumbnail_width': 300, 'height': 352, 'width': 456, 'html': '&lt;iframe class=""embedly-embed"" src=""https://cdn.embedly.com/widgets/media.html?src=https%3A%2F%2Fopen.spotify.com%2Fembed%2Fplaylist%2F6xifgmGSZck9aLb9azYy0u%3Futm_source%3Doembed&amp;display_name=Spotify&amp;url=https%3A%2F%2Fopen.spotify.com%2Fplaylist%2F6xifgmGSZck9aLb9azYy0u&amp;image=https%3A%2F%2Fi.scdn.co%2Fimage%2Fab67706c0000da84fc45808fc109506d43b71648&amp;key=2aa3c4d5f3de4f5b9120b660ad850dc9&amp;type=text%2Fhtml&amp;schema=spotify"" width=""456"" height=""352"" scrolling=""no"" title=""Spotify embed"" frameborder=""0"" allow=""autoplay; fullscreen; encrypted-media; picture-in-picture;"" allowfullscreen=""true""&gt;&lt;/iframe&gt;', 'version': '1.0', 'provider_name': 'Spotify', 'thumbnail_url': 'https://i.scdn.co/image/ab67706c0000da84fc45808fc109506d43b71648', 'thumbnail_height': 300}}",False,https://open.spotify.com/playlist/6xifgmGSZck9aLb9azYy0u?si=XkA0Skr0RrG8Dm4v6tS5lQ,,,
,spotify,,t2_5lvkzi07,False,,0,False,1990 - 1999 - Techno (only 90s Techno / Oldschool),[],r/spotify,False,6,,0,,,False,,t3_19bwrlv,False,dark,1.0,,1,0,"{'content': '&lt;iframe class=""embedly-embed"" src=""https://cdn.embedly.com/widgets/media.html?src=https%3A%2F%2Fopen.spotify.com%2Fembed%2Fplaylist%2F06bjBPDGr0X3H6f7gGzPW4%3Futm_source%3Doembed&amp;display_name=Spotify&amp;url=https%3A%2F%2Fopen.spotify.com%2Fplaylist%2F06bjBPDGr0X3H6f7gGzPW4&amp;image=https%3A%2F%2Fi.scdn.co%2Fimage%2Fab67706c0000da84927000670f2b51bbabaa3378&amp;key=2aa3c4d5f3de4f5b9120b660ad850dc9&amp;type=text%2Fhtml&amp;schema=spotify"" width=""456"" height=""352"" scrolling=""no"" title=""Spotify embed"" frameborder=""0"" allow=""autoplay; fullscreen; encrypted-media; picture-in-picture;"" allowfullscreen=""true""&gt;&lt;/iframe&gt;', 'width': 456, 'scrolling': False, 'height': 352}",,,False,[],"{'type': 'open.spotify.com', 'oembed': {'provider_url': 'https://spotify.com', 'description': '1990 - 1999 - Techno · Playlist · 263 songs · 574 likes', 'title': '1990 - 1999 - Techno', 'type': 'rich', 'thumbnail_width': 300, 'height': 352, 'width': 456, 'html': '&lt;iframe class=""embedly-embed"" src=""https://cdn.embedly.com/widgets/media.html?src=https%3A%2F%2Fopen.spotify.com%2Fembed%2Fplaylist%2F06bjBPDGr0X3H6f7gGzPW4%3Futm_source%3Doembed&amp;display_name=Spotify&amp;url=https%3A%2F%2Fopen.spotify.com%2Fplaylist%2F06bjBPDGr0X3H6f7gGzPW4&amp;image=https%3A%2F%2Fi.scdn.co%2Fimage%2Fab67706c0000da84927000670f2b51bbabaa3378&amp;key=2aa3c4d5f3de4f5b9120b660ad850dc9&amp;type=text%2Fhtml&amp;schema=spotify"" width=""456"" height=""352"" scrolling=""no"" title=""Spotify embed"" frameborder=""0"" allow=""autoplay; fullscreen; encrypted-media; picture-in-picture;"" allowfullscreen=""true""&gt;&lt;/iframe&gt;', 'version': '1.0', 'provider_name': 'Spotify', 'thumbnail_url': 'https://i.scdn.co/image/ab67706c0000da84927000670f2b51bbabaa3378', 'thumbnail_height': 300}}",False,False,,"{'content': '&lt;iframe class=""embedly-embed"" src=""https://cdn.embedly.com/widgets/media.html?src=https%3A%2F%2Fopen.spotify.com%2Fembed%2Fplaylist%2F06bjBPDGr0X3H6f7gGzPW4%3Futm_source%3Doembed&amp;display_name=Spotify&amp;url=https%3A%2F%2Fopen.spotify.com%2Fplaylist%2F06bjBPDGr0X3H6f7gGzPW4&amp;image=https%3A%2F%2Fi.scdn.co%2Fimage%2Fab67706c0000da84927000670f2b51bbabaa3378&amp;key=2aa3c4d5f3de4f5b9120b660ad850dc9&amp;type=text%2Fhtml&amp;schema=spotify"" width=""456"" height=""352"" scrolling=""no"" title=""Spotify embed"" frameborder=""0"" allow=""autoplay; fullscreen; encrypted-media; picture-in-picture;"" allowfullscreen=""true""&gt;&lt;/iframe&gt;', 'width': 456, 'scrolling': False, 'media_domain_url': 'https://www.redditmedia.com/mediaembed/19bwrlv', 'height': 352}",Playlist - Electronic / EDM / Dance,False,1,,False,False,,False,,[],{},,,False,public,1705817495.0,text,6,,,text,open.spotify.com,False,,,,,,False,True,False,False,False,,[],[],False,0cbd2a8e-9fa1-11ea-8e59-0e59b1c879f3,False,False,False,,[],False,,,,t5_2qofj,False,,,,#7193ff,19bwrlv,True,,beampjotr,,0,True,all_ads,False,[],False,,/r/spotify/comments/19bwrlv/1990_1999_techno_only_90s_techno_oldschool/,all_ads,False,https://open.spotify.com/playlist/06bjBPDGr0X3H6f7gGzPW4?si=g2uXLunbQe6mfdRuGwTa-w&amp;pi=e-vZHMGjwHTAOh,1396770,1705817495.0,0,"{'type': 'open.spotify.com', 'oembed': {'provider_url': 'https://spotify.com', 'description': '1990 - 1999 - Techno · Playlist · 263 songs · 574 likes', 'title': '1990 - 1999 - Techno', 'type': 'rich', 'thumbnail_width': 300, 'height': 352, 'width': 456, 'html': '&lt;iframe class=""embedly-embed"" src=""https://cdn.embedly.com/widgets/media.html?src=https%3A%2F%2Fopen.spotify.com%2Fembed%2Fplaylist%2F06bjBPDGr0X3H6f7gGzPW4%3Futm_source%3Doembed&amp;display_name=Spotify&amp;url=https%3A%2F%2Fopen.spotify.com%2Fplaylist%2F06bjBPDGr0X3H6f7gGzPW4&amp;image=https%3A%2F%2Fi.scdn.co%2Fimage%2Fab67706c0000da84927000670f2b51bbabaa3378&amp;key=2aa3c4d5f3de4f5b9120b660ad850dc9&amp;type=text%2Fhtml&amp;schema=spotify"" width=""456"" height=""352"" scrolling=""no"" title=""Spotify embed"" frameborder=""0"" allow=""autoplay; fullscreen; encrypted-media; picture-in-picture;"" allowfullscreen=""true""&gt;&lt;/iframe&gt;', 'version': '1.0', 'provider_name': 'Spotify', 'thumbnail_url': 'https://i.scdn.co/image/ab67706c0000da84927000670f2b51bbabaa3378', 'thumbnail_height': 300}}",False,https://open.spotify.com/playlist/06bjBPDGr0X3H6f7gGzPW4?si=g2uXLunbQe6mfdRuGwTa-w&amp;pi=e-vZHMGjwHTAOh,,,
,spotify,,t2_4a0oe8ej,False,,0,False,The '50s,[],r/spotify,False,6,,0,,,False,,t3_19bvr3a,False,dark,1.0,,1,0,"{'content': '&lt;iframe class=""embedly-embed"" src=""https://cdn.embedly.com/widgets/media.html?src=https%3A%2F%2Fopen.spotify.com%2Fembed%2Fplaylist%2F7toFPG9gXdrliy5K0Y7xc4%3Futm_source%3Doembed&amp;display_name=Spotify&amp;url=https%3A%2F%2Fopen.spotify.com%2Fplaylist%2F7toFPG9gXdrliy5K0Y7xc4&amp;image=https%3A%2F%2Fi.scdn.co%2Fimage%2Fab67706c0000da84b2fed46fa896927c2b52609d&amp;key=2aa3c4d5f3de4f5b9120b660ad850dc9&amp;type=text%2Fhtml&amp;schema=spotify"" width=""456"" height=""352"" scrolling=""no"" title=""Spotify embed"" frameborder=""0"" allow=""autoplay; fullscreen; encrypted-media; picture-in-picture;"" allowfullscreen=""true""&gt;&lt;/iframe&gt;', 'width': 456, 'scrolling': False, 'height': 352}",,,False,[],"{'type': 'open.spotify.com', 'oembed': {'provider_url': 'https://spotify.com', 'description': ""The '50s · Playlist · 234 songs · 10 likes"", 'title': ""The '50s"", 'type': 'rich', 'thumbnail_width': 300, 'height': 352, 'width': 456, 'html': '&lt;iframe class=""embedly-embed"" src=""https://cdn.embedly.com/widgets/media.html?src=https%3A%2F%2Fopen.spotify.com%2Fembed%2Fplaylist%2F7toFPG9gXdrliy5K0Y7xc4%3Futm_source%3Doembed&amp;display_name=Spotify&amp;url=https%3A%2F%2Fopen.spotify.com%2Fplaylist%2F7toFPG9gXdrliy5K0Y7xc4&amp;image=https%3A%2F%2Fi.scdn.co%2Fimage%2Fab67706c0000da84b2fed46fa896927c2b52609d&amp;key=2aa3c4d5f3de4f5b9120b660ad850dc9&amp;type=text%2Fhtml&amp;schema=spotify"" width=""456"" height=""352"" scrolling=""no"" title=""Spotify embed"" frameborder=""0"" allow=""autoplay; fullscreen; encrypted-media; picture-in-picture;"" allowfullscreen=""true""&gt;&lt;/iframe&gt;', 'version': '1.0', 'provider_name': 'Spotify', 'thumbnail_url': 'https://i.scdn.co/image/ab67706c0000da84b2fed46fa896927c2b52609d', 'thumbnail_height': 300}}",False,False,,"{'content': '&lt;iframe class=""embedly-embed"" src=""https://cdn.embedly.com/widgets/media.html?src=https%3A%2F%2Fopen.spotify.com%2Fembed%2Fplaylist%2F7toFPG9gXdrliy5K0Y7xc4%3Futm_source%3Doembed&amp;display_name=Spotify&amp;url=https%3A%2F%2Fopen.spotify.com%2Fplaylist%2F7toFPG9gXdrliy5K0Y7xc4&amp;image=https%3A%2F%2Fi.scdn.co%2Fimage%2Fab67706c0000da84b2fed46fa896927c2b52609d&amp;key=2aa3c4d5f3de4f5b9120b660ad850dc9&amp;type=text%2Fhtml&amp;schema=spotify"" width=""456"" height=""352"" scrolling=""no"" title=""Spotify embed"" frameborder=""0"" allow=""autoplay; fullscreen; encrypted-media; picture-in-picture;"" allowfullscreen=""true""&gt;&lt;/iframe&gt;', 'width': 456, 'scrolling': False, 'media_domain_url': 'https://www.redditmedia.com/mediaembed/19bvr3a', 'height': 352}",Playlist - Throwback/Flashback/Decades,False,1,,False,False,,False,,[],{},,,False,public,1705813909.0,text,6,,,text,open.spotify.com,False,,,,,,False,True,False,False,False,,[],[],False,8f93ff06-9fa5-11ea-8fd9-0e846d182559,False,False,False,,[],False,,,,t5_2qofj,False,,,,#ab672f,19bvr3a,True,,RorschachRaven,,0,True,all_ads,False,[],False,,/r/spotify/comments/19bvr3a/the_50s/,all_ads,False,https://open.spotify.com/playlist/7toFPG9gXdrliy5K0Y7xc4?si=SFuHA7RBS9G_tBHld9Xyug,1396770,1705813909.0,0,"{'type': 'open.spotify.com', 'oembed': {'provider_url': 'https://spotify.com', 'description': ""The '50s · Playlist · 234 songs · 10 likes"", 'title': ""The '50s"", 'type': 'rich', 'thumbnail_width': 300, 'height': 352, 'width': 456, 'html': '&lt;iframe class=""embedly-embed"" src=""https://cdn.embedly.com/widgets/media.html?src=https%3A%2F%2Fopen.spotify.com%2Fembed%2Fplaylist%2F7toFPG9gXdrliy5K0Y7xc4%3Futm_source%3Doembed&amp;display_name=Spotify&amp;url=https%3A%2F%2Fopen.spotify.com%2Fplaylist%2F7toFPG9gXdrliy5K0Y7xc4&amp;image=https%3A%2F%2Fi.scdn.co%2Fimage%2Fab67706c0000da84b2fed46fa896927c2b52609d&amp;key=2aa3c4d5f3de4f5b9120b660ad850dc9&amp;type=text%2Fhtml&amp;schema=spotify"" width=""456"" height=""352"" scrolling=""no"" title=""Spotify embed"" frameborder=""0"" allow=""autoplay; fullscreen; encrypted-media; picture-in-picture;"" allowfullscreen=""true""&gt;&lt;/iframe&gt;', 'version': '1.0', 'provider_name': 'Spotify', 'thumbnail_url': 'https://i.scdn.co/image/ab67706c0000da84b2fed46fa896927c2b52609d', 'thumbnail_height': 300}}",False,https://open.spotify.com/playlist/7toFPG9gXdrliy5K0Y7xc4?si=SFuHA7RBS9G_tBHld9Xyug,,,
,spotify,"wondering if there are songs with the same vibe, suggestions are welcome!",t2_74b0axni,False,,0,False,Songs like 'magnolia' by keshi,[],r/spotify,False,6,favors,0,,,False,,t3_19bvm4b,False,dark,0.99,,1,0,{},,,False,[],,False,False,,{},Song / Artist / Album / Playlist Requests,False,1,,False,False,,False,,[],{},,,True,public,1705813434.0,text,6,,,text,self.spotify,False,"&lt;!-- SC_OFF --&gt;&lt;div class=""md""&gt;&lt;p&gt;wondering if there are songs with the same vibe, suggestions are welcome!&lt;/p&gt;
&lt;/div&gt;&lt;!-- SC_ON --&gt;",,,,,False,True,False,False,False,,[],[],False,b188c2f4-9a2e-11e9-9464-0e9d067aecce,False,False,False,,[],False,,,,t5_2qofj,False,,,,#94e044,19bvm4b,True,,JrNewbie,,0,True,all_ads,False,[],False,,/r/spotify/comments/19bvm4b/songs_like_magnolia_by_keshi/,all_ads,False,https://www.reddit.com/r/spotify/comments/19bvm4b/songs_like_magnolia_by_keshi/,1396770,1705813434.0,0,,False,,,,
,spotify,Someone said I have the music taste of a 40 year old Australian roofer and I'm pretty sure they're right,t2_8ad9nf0ow,False,,0,False,Pretty sure the newest thing here is 1998 lmfao,[],r/spotify,False,6,,0,,,False,,t3_19brfoa,False,dark,1.0,,2,0,"{'content': '&lt;iframe class=""embedly-embed"" src=""https://cdn.embedly.com/widgets/media.html?src=https%3A%2F%2Fopen.spotify.com%2Fembed%2Fplaylist%2F7u9pKzDLIRvewLOtMVTRAG%3Futm_source%3Doembed&amp;display_name=Spotify&amp;url=https%3A%2F%2Fopen.spotify.com%2Fplaylist%2F7u9pKzDLIRvewLOtMVTRAG&amp;image=https%3A%2F%2Fmosaic.scdn.co%2F300%2Fab67616d00001e024f0cde14769ed321d5eaee0eab67616d00001e02a31fc11f0f6686b68494e1c3ab67616d00001e02c8e97cafeb2acb85b21a777eab67616d00001e02cd949894aa0df080ed50ff9b&amp;key=2aa3c4d5f3de4f5b9120b660ad850dc9&amp;type=text%2Fhtml&amp;schema=spotify"" width=""456"" height=""352"" scrolling=""no"" title=""Spotify embed"" frameborder=""0"" allow=""autoplay; fullscreen; encrypted-media; picture-in-picture;"" allowfullscreen=""true""&gt;&lt;/iframe&gt;', 'width': 456, 'scrolling': False, 'height': 352}",,,False,[],"{'type': 'open.spotify.com', 'oembed': {'provider_url': 'https://spotify.com', 'description': 'A list · Playlist · 143 songs · 2 likes', 'title': 'A list', 'type': 'rich', 'thumbnail_width': 300, 'height': 352, 'width': 456, 'html': '&lt;iframe class=""embedly-embed"" src=""https://cdn.embedly.com/widgets/media.html?src=https%3A%2F%2Fopen.spotify.com%2Fembed%2Fplaylist%2F7u9pKzDLIRvewLOtMVTRAG%3Futm_source%3Doembed&amp;display_name=Spotify&amp;url=https%3A%2F%2Fopen.spotify.com%2Fplaylist%2F7u9pKzDLIRvewLOtMVTRAG&amp;image=https%3A%2F%2Fmosaic.scdn.co%2F300%2Fab67616d00001e024f0cde14769ed321d5eaee0eab67616d00001e02a31fc11f0f6686b68494e1c3ab67616d00001e02c8e97cafeb2acb85b21a777eab67616d00001e02cd949894aa0df080ed50ff9b&amp;key=2aa3c4d5f3de4f5b9120b660ad850dc9&amp;type=text%2Fhtml&amp;schema=spotify"" width=""456"" height=""352"" scrolling=""no"" title=""Spotify embed"" frameborder=""0"" allow=""autoplay; fullscreen; encrypted-media; picture-in-picture;"" allowfullscreen=""true""&gt;&lt;/iframe&gt;', 'version': '1.0', 'provider_name': 'Spotify', 'thumbnail_url': 'https://mosaic.scdn.co/300/ab67616d00001e024f0cde14769ed321d5eaee0eab67616d00001e02a31fc11f0f6686b68494e1c3ab67616d00001e02c8e97cafeb2acb85b21a777eab67616d00001e02cd949894aa0df080ed50ff9b', 'thumbnail_height': 300}}",False,False,,"{'content': '&lt;iframe class=""embedly-embed"" src=""https://cdn.embedly.com/widgets/media.html?src=https%3A%2F%2Fopen.spotify.com%2Fembed%2Fplaylist%2F7u9pKzDLIRvewLOtMVTRAG%3Futm_source%3Doembed&amp;display_name=Spotify&amp;url=https%3A%2F%2Fopen.spotify.com%2Fplaylist%2F7u9pKzDLIRvewLOtMVTRAG&amp;image=https%3A%2F%2Fmosaic.scdn.co%2F300%2Fab67616d00001e024f0cde14769ed321d5eaee0eab67616d00001e02a31fc11f0f6686b68494e1c3ab67616d00001e02c8e97cafeb2acb85b21a777eab67616d00001e02cd949894aa0df080ed50ff9b&amp;key=2aa3c4d5f3de4f5b9120b660ad850dc9&amp;type=text%2Fhtml&amp;schema=spotify"" width=""456"" height=""352"" scrolling=""no"" title=""Spotify embed"" frameborder=""0"" allow=""autoplay; fullscreen; encrypted-media; picture-in-picture;"" allowfullscreen=""true""&gt;&lt;/iframe&gt;', 'width': 456, 'scrolling': False, 'media_domain_url': 'https://www.redditmedia.com/mediaembed/19brfoa', 'height': 352}",Playlist - Throwback/Flashback/Decades,False,2,,False,False,,False,,[],{},,,False,public,1705799882.0,text,6,,,text,open.spotify.com,False,"&lt;!-- SC_OFF --&gt;&lt;div class=""md""&gt;&lt;p&gt;Someone said I have the music taste of a 40 year old Australian roofer and I&amp;#39;m pretty sure they&amp;#39;re right&lt;/p&gt;
&lt;/div&gt;&lt;!-- SC_ON --&gt;",,,,,False,False,False,False,False,,[],[],False,8f93ff06-9fa5-11ea-8fd9-0e846d182559,False,False,False,,[],False,,,,t5_2qofj,False,,,,#ab672f,19brfoa,True,,ExactArea8029,,0,True,all_ads,False,[],False,,/r/spotify/comments/19brfoa/pretty_sure_the_newest_thing_here_is_1998_lmfao/,all_ads,False,https://open.spotify.com/playlist/7u9pKzDLIRvewLOtMVTRAG?si=CiL6ZijUQ_qo-CaMuMPuAA,1396770,1705799882.0,0,"{'type': 'open.spotify.com', 'oembed': {'provider_url': 'https://spotify.com', 'description': 'A list · Playlist · 143 songs · 2 likes', 'title': 'A list', 'type': 'rich', 'thumbnail_width': 300, 'height': 352, 'width': 456, 'html': '&lt;iframe class=""embedly-embed"" src=""https://cdn.embedly.com/widgets/media.html?src=https%3A%2F%2Fopen.spotify.com%2Fembed%2Fplaylist%2F7u9pKzDLIRvewLOtMVTRAG%3Futm_source%3Doembed&amp;display_name=Spotify&amp;url=https%3A%2F%2Fopen.spotify.com%2Fplaylist%2F7u9pKzDLIRvewLOtMVTRAG&amp;image=https%3A%2F%2Fmosaic.scdn.co%2F300%2Fab67616d00001e024f0cde14769ed321d5eaee0eab67616d00001e02a31fc11f0f6686b68494e1c3ab67616d00001e02c8e97cafeb2acb85b21a777eab67616d00001e02cd949894aa0df080ed50ff9b&amp;key=2aa3c4d5f3de4f5b9120b660ad850dc9&amp;type=text%2Fhtml&amp;schema=spotify"" width=""456"" height=""352"" scrolling=""no"" title=""Spotify embed"" frameborder=""0"" allow=""autoplay; fullscreen; encrypted-media; picture-in-picture;"" allowfullscreen=""true""&gt;&lt;/iframe&gt;', 'version': '1.0', 'provider_name': 'Spotify', 'thumbnail_url': 'https://mosaic.scdn.co/300/ab67616d00001e024f0cde14769ed321d5eaee0eab67616d00001e02a31fc11f0f6686b68494e1c3ab67616d00001e02c8e97cafeb2acb85b21a777eab67616d00001e02cd949894aa0df080ed50ff9b', 'thumbnail_height': 300}}",False,https://open.spotify.com/playlist/7u9pKzDLIRvewLOtMVTRAG?si=CiL6ZijUQ_qo-CaMuMPuAA,,,
,spotify,Just me being me.,t2_drunfyq0,False,,0,False,Playlist in a Bottle by Spotify,[],r/spotify,False,6,playlist,0,,,False,,t3_19bqxqo,False,dark,1.0,,2,0,{},,,False,[],,False,False,,{},Playlist - Random / Other,False,2,,False,False,,False,,[],{},,,False,public,1705798432.0,text,6,,,text,open.spotify.com,False,"&lt;!-- SC_OFF --&gt;&lt;div class=""md""&gt;&lt;p&gt;Just me being me.&lt;/p&gt;
&lt;/div&gt;&lt;!-- SC_ON --&gt;",,,,,False,False,False,False,False,,[],[],False,5fb11b10-99e4-11e9-afa4-0e71ebf0abb0,False,False,False,,[],False,,,,t5_2qofj,False,,,,#46d160,19bqxqo,True,,Droppinbass187,,0,True,all_ads,False,[],False,,/r/spotify/comments/19bqxqo/playlist_in_a_bottle_by_spotify/,all_ads,False,https://open.spotify.com/site/playlistinabottle?si=neaR2TwVTTG3Yaw-iFbXeA,1396770,1705798432.0,0,,False,https://open.spotify.com/site/playlistinabottle?si=neaR2TwVTTG3Yaw-iFbXeA,,,
,spotify,,t2_h2w22hi6i,False,,0,False,Songs that might make your day a bit better,[],r/spotify,False,6,,0,,,False,,t3_19bql0j,False,dark,1.0,,2,0,"{'content': '&lt;iframe class=""embedly-embed"" src=""https://cdn.embedly.com/widgets/media.html?src=https%3A%2F%2Fopen.spotify.com%2Fembed%2Fplaylist%2F5Cg4dWotIDVRdTZKOEOfO2%3Futm_source%3Doembed&amp;display_name=Spotify&amp;url=https%3A%2F%2Fopen.spotify.com%2Fplaylist%2F5Cg4dWotIDVRdTZKOEOfO2&amp;image=https%3A%2F%2Fmosaic.scdn.co%2F300%2Fab67616d00001e020cd942c1a864afa4e92d04f2ab67616d00001e023ee73eb16af247a0ea057542ab67616d00001e029904ecb0b1148a128bdd5e36ab67616d00001e02c6e0948bbb0681ff29cdbae8&amp;key=2aa3c4d5f3de4f5b9120b660ad850dc9&amp;type=text%2Fhtml&amp;schema=spotify"" width=""456"" height=""352"" scrolling=""no"" title=""Spotify embed"" frameborder=""0"" allow=""autoplay; fullscreen; encrypted-media; picture-in-picture;"" allowfullscreen=""true""&gt;&lt;/iframe&gt;', 'width': 456, 'scrolling': False, 'height': 352}",,,False,[],"{'type': 'open.spotify.com', 'oembed': {'provider_url': 'https://spotify.com', 'description': ""Songs that'll make your day little better · Playlist · 27 songs"", 'title': ""Songs that'll make your day little better"", 'type': 'rich', 'thumbnail_width': 300, 'height': 352, 'width': 456, 'html': '&lt;iframe class=""embedly-embed"" src=""https://cdn.embedly.com/widgets/media.html?src=https%3A%2F%2Fopen.spotify.com%2Fembed%2Fplaylist%2F5Cg4dWotIDVRdTZKOEOfO2%3Futm_source%3Doembed&amp;display_name=Spotify&amp;url=https%3A%2F%2Fopen.spotify.com%2Fplaylist%2F5Cg4dWotIDVRdTZKOEOfO2&amp;image=https%3A%2F%2Fmosaic.scdn.co%2F300%2Fab67616d00001e020cd942c1a864afa4e92d04f2ab67616d00001e023ee73eb16af247a0ea057542ab67616d00001e029904ecb0b1148a128bdd5e36ab67616d00001e02c6e0948bbb0681ff29cdbae8&amp;key=2aa3c4d5f3de4f5b9120b660ad850dc9&amp;type=text%2Fhtml&amp;schema=spotify"" width=""456"" height=""352"" scrolling=""no"" title=""Spotify embed"" frameborder=""0"" allow=""autoplay; fullscreen; encrypted-media; picture-in-picture;"" allowfullscreen=""true""&gt;&lt;/iframe&gt;', 'version': '1.0', 'provider_name': 'Spotify', 'thumbnail_url': 'https://mosaic.scdn.co/300/ab67616d00001e020cd942c1a864afa4e92d04f2ab67616d00001e023ee73eb16af247a0ea057542ab67616d00001e029904ecb0b1148a128bdd5e36ab67616d00001e02c6e0948bbb0681ff29cdbae8', 'thumbnail_height': 300}}",False,False,,"{'content': '&lt;iframe class=""embedly-embed"" src=""https://cdn.embedly.com/widgets/media.html?src=https%3A%2F%2Fopen.spotify.com%2Fembed%2Fplaylist%2F5Cg4dWotIDVRdTZKOEOfO2%3Futm_source%3Doembed&amp;display_name=Spotify&amp;url=https%3A%2F%2Fopen.spotify.com%2Fplaylist%2F5Cg4dWotIDVRdTZKOEOfO2&amp;image=https%3A%2F%2Fmosaic.scdn.co%2F300%2Fab67616d00001e020cd942c1a864afa4e92d04f2ab67616d00001e023ee73eb16af247a0ea057542ab67616d00001e029904ecb0b1148a128bdd5e36ab67616d00001e02c6e0948bbb0681ff29cdbae8&amp;key=2aa3c4d5f3de4f5b9120b660ad850dc9&amp;type=text%2Fhtml&amp;schema=spotify"" width=""456"" height=""352"" scrolling=""no"" title=""Spotify embed"" frameborder=""0"" allow=""autoplay; fullscreen; encrypted-media; picture-in-picture;"" allowfullscreen=""true""&gt;&lt;/iframe&gt;', 'width': 456, 'scrolling': False, 'media_domain_url': 'https://www.redditmedia.com/mediaembed/19bql0j', 'height': 352}","Playlist - Mood/Feeling (Chill, Lofi, Uplifting)",False,2,,False,False,,False,,[],{},,,False,public,1705797410.0,text,6,,,text,open.spotify.com,False,,,,,,False,False,False,False,False,,[],[],False,ede46e42-9fa0-11ea-8c94-0e70d5715363,False,False,False,,[],False,,,,t5_2qofj,False,,,,#c300c1,19bql0j,True,,Specialist_Prior_992,,0,True,all_ads,False,[],False,,/r/spotify/comments/19bql0j/songs_that_might_make_your_day_a_bit_better/,all_ads,False,https://open.spotify.com/playlist/5Cg4dWotIDVRdTZKOEOfO2?si=12b3861f1e664280,1396770,1705797410.0,0,"{'type': 'open.spotify.com', 'oembed': {'provider_url': 'https://spotify.com', 'description': ""Songs that'll make your day little better · Playlist · 27 songs"", 'title': ""Songs that'll make your day little better"", 'type': 'rich', 'thumbnail_width': 300, 'height': 352, 'width': 456, 'html': '&lt;iframe class=""embedly-embed"" src=""https://cdn.embedly.com/widgets/media.html?src=https%3A%2F%2Fopen.spotify.com%2Fembed%2Fplaylist%2F5Cg4dWotIDVRdTZKOEOfO2%3Futm_source%3Doembed&amp;display_name=Spotify&amp;url=https%3A%2F%2Fopen.spotify.com%2Fplaylist%2F5Cg4dWotIDVRdTZKOEOfO2&amp;image=https%3A%2F%2Fmosaic.scdn.co%2F300%2Fab67616d00001e020cd942c1a864afa4e92d04f2ab67616d00001e023ee73eb16af247a0ea057542ab67616d00001e029904ecb0b1148a128bdd5e36ab67616d00001e02c6e0948bbb0681ff29cdbae8&amp;key=2aa3c4d5f3de4f5b9120b660ad850dc9&amp;type=text%2Fhtml&amp;schema=spotify"" width=""456"" height=""352"" scrolling=""no"" title=""Spotify embed"" frameborder=""0"" allow=""autoplay; fullscreen; encrypted-media; picture-in-picture;"" allowfullscreen=""true""&gt;&lt;/iframe&gt;', 'version': '1.0', 'provider_name': 'Spotify', 'thumbnail_url': 'https://mosaic.scdn.co/300/ab67616d00001e020cd942c1a864afa4e92d04f2ab67616d00001e023ee73eb16af247a0ea057542ab67616d00001e029904ecb0b1148a128bdd5e36ab67616d00001e02c6e0948bbb0681ff29cdbae8', 'thumbnail_height': 300}}",False,https://open.spotify.com/playlist/5Cg4dWotIDVRdTZKOEOfO2?si=12b3861f1e664280,,,
,spotify,,t2_e9jni3uj,False,,0,False,Hey guys do you know songs or artist like Tima Belorusskih?,[],r/spotify,False,6,favors,0,,,False,,t3_19bpanp,False,dark,1.0,,2,0,{},,,False,[],,False,False,,{},Song / Artist / Album / Playlist Requests,False,2,,False,False,,False,,[],{},,,True,public,1705793792.0,text,6,,,text,self.spotify,False,,,,,,False,False,False,False,False,,[],[],False,b188c2f4-9a2e-11e9-9464-0e9d067aecce,False,False,False,,[],False,,,,t5_2qofj,False,,,,#94e044,19bpanp,True,,Excellent-Lecture612,,3,True,all_ads,False,[],False,,/r/spotify/comments/19bpanp/hey_guys_do_you_know_songs_or_artist_like_tima/,all_ads,False,https://www.reddit.com/r/spotify/comments/19bpanp/hey_guys_do_you_know_songs_or_artist_like_tima/,1396770,1705793792.0,0,,False,,,,
,spotify,,t2_c20yfr57,False,,0,False,Covers - looking for recommendations I may have missed,[],r/spotify,False,6,playlist,0,,,False,,t3_19brrjd,False,dark,1.0,,1,0,"{'content': '&lt;iframe class=""embedly-embed"" src=""https://cdn.embedly.com/widgets/media.html?src=https%3A%2F%2Fopen.spotify.com%2Fembed%2Fplaylist%2F1IMzLlDORyVTI6IOU9qcMl%3Futm_source%3Doembed&amp;display_name=Spotify&amp;url=https%3A%2F%2Fopen.spotify.com%2Fplaylist%2F1IMzLlDORyVTI6IOU9qcMl&amp;image=https%3A%2F%2Fi.scdn.co%2Fimage%2Fab67706c0000da84a58cea509a3495f6ae38ebd0&amp;key=ed8fa8699ce04833838e66ce79ba05f1&amp;type=text%2Fhtml&amp;schema=spotify"" width=""456"" height=""352"" scrolling=""no"" title=""Spotify embed"" frameborder=""0"" allow=""autoplay; fullscreen; encrypted-media; picture-in-picture;"" allowfullscreen=""true""&gt;&lt;/iframe&gt;', 'width': 456, 'scrolling': False, 'height': 352}",,,False,[],"{'type': 'open.spotify.com', 'oembed': {'provider_url': 'https://spotify.com', 'description': 'Covers · Playlist · 110 songs · 7 likes', 'title': 'Covers', 'type': 'rich', 'thumbnail_width': 300, 'height': 352, 'width': 456, 'html': '&lt;iframe class=""embedly-embed"" src=""https://cdn.embedly.com/widgets/media.html?src=https%3A%2F%2Fopen.spotify.com%2Fembed%2Fplaylist%2F1IMzLlDORyVTI6IOU9qcMl%3Futm_source%3Doembed&amp;display_name=Spotify&amp;url=https%3A%2F%2Fopen.spotify.com%2Fplaylist%2F1IMzLlDORyVTI6IOU9qcMl&amp;image=https%3A%2F%2Fi.scdn.co%2Fimage%2Fab67706c0000da84a58cea509a3495f6ae38ebd0&amp;key=ed8fa8699ce04833838e66ce79ba05f1&amp;type=text%2Fhtml&amp;schema=spotify"" width=""456"" height=""352"" scrolling=""no"" title=""Spotify embed"" frameborder=""0"" allow=""autoplay; fullscreen; encrypted-media; picture-in-picture;"" allowfullscreen=""true""&gt;&lt;/iframe&gt;', 'version': '1.0', 'provider_name': 'Spotify', 'thumbnail_url': 'https://i.scdn.co/image/ab67706c0000da84a58cea509a3495f6ae38ebd0', 'thumbnail_height': 284}}",False,False,,"{'content': '&lt;iframe class=""embedly-embed"" src=""https://cdn.embedly.com/widgets/media.html?src=https%3A%2F%2Fopen.spotify.com%2Fembed%2Fplaylist%2F1IMzLlDORyVTI6IOU9qcMl%3Futm_source%3Doembed&amp;display_name=Spotify&amp;url=https%3A%2F%2Fopen.spotify.com%2Fplaylist%2F1IMzLlDORyVTI6IOU9qcMl&amp;image=https%3A%2F%2Fi.scdn.co%2Fimage%2Fab67706c0000da84a58cea509a3495f6ae38ebd0&amp;key=ed8fa8699ce04833838e66ce79ba05f1&amp;type=text%2Fhtml&amp;schema=spotify"" width=""456"" height=""352"" scrolling=""no"" title=""Spotify embed"" frameborder=""0"" allow=""autoplay; fullscreen; encrypted-media; picture-in-picture;"" allowfullscreen=""true""&gt;&lt;/iframe&gt;', 'width': 456, 'scrolling': False, 'media_domain_url': 'https://www.redditmedia.com/mediaembed/19brrjd', 'height': 352}",Playlist - Random / Other,False,1,,False,False,,False,,[],{},,,False,public,1705800880.0,text,6,,,text,open.spotify.com,False,,,,,,False,False,False,False,False,,[],[],False,5fb11b10-99e4-11e9-afa4-0e71ebf0abb0,False,False,False,,[],False,,,,t5_2qofj,False,,,,#46d160,19brrjd,True,,supermoon_,,1,True,all_ads,False,[],False,,/r/spotify/comments/19brrjd/covers_looking_for_recommendations_i_may_have/,all_ads,False,https://open.spotify.com/playlist/1IMzLlDORyVTI6IOU9qcMl?si=tNi6-opwSYiUjvD8evsSlg&amp;pi=e-wWP0wmjQQC-X&amp;nd=1&amp;utm_medium=organic&amp;_branch_referrer=H4sIAAAAAAAAA8WO2wqCQBRFv2Z6U1NDKpCIJBC6mV2fYprGmjo5J2dU7Osbg74h2A%2Bbtdiwb1qjGjqOQqlF1tgU0QaRP5wRFvJSMh1K5HmHeL2sBDiVBYS3dkL8MfGmJq22f2smnwYh0AaE0qa68fw9g2i5bnabOIiX28GLzYH4UyWIH%2BmFCCyJdXoU23sV9XmlUrgSL8DWcqver7r1854kE%2BvwvUABzpQ9%2FnjD0PxiqNvJONVlwUNZXGku2AeZVVZESQEAAA%3D%3D&amp;product=open&amp;%24full_url=https%3A%2F%2Fopen.spotify.com%2Fplaylist%2F1IMzLlDORyVTI6IOU9qcMl%3Fsi%3DtNi6-opwSYiUjvD8evsSlg%26pi%3De-wWP0wmjQQC-X&amp;feature=organic&amp;_branch_match_id=1277427517263154455,1396770,1705800880.0,0,"{'type': 'open.spotify.com', 'oembed': {'provider_url': 'https://spotify.com', 'description': 'Covers · Playlist · 110 songs · 7 likes', 'title': 'Covers', 'type': 'rich', 'thumbnail_width': 300, 'height': 352, 'width': 456, 'html': '&lt;iframe class=""embedly-embed"" src=""https://cdn.embedly.com/widgets/media.html?src=https%3A%2F%2Fopen.spotify.com%2Fembed%2Fplaylist%2F1IMzLlDORyVTI6IOU9qcMl%3Futm_source%3Doembed&amp;display_name=Spotify&amp;url=https%3A%2F%2Fopen.spotify.com%2Fplaylist%2F1IMzLlDORyVTI6IOU9qcMl&amp;image=https%3A%2F%2Fi.scdn.co%2Fimage%2Fab67706c0000da84a58cea509a3495f6ae38ebd0&amp;key=ed8fa8699ce04833838e66ce79ba05f1&amp;type=text%2Fhtml&amp;schema=spotify"" width=""456"" height=""352"" scrolling=""no"" title=""Spotify embed"" frameborder=""0"" allow=""autoplay; fullscreen; encrypted-media; picture-in-picture;"" allowfullscreen=""true""&gt;&lt;/iframe&gt;', 'version': '1.0', 'provider_name': 'Spotify', 'thumbnail_url': 'https://i.scdn.co/image/ab67706c0000da84a58cea509a3495f6ae38ebd0', 'thumbnail_height': 284}}",False,https://open.spotify.com/playlist/1IMzLlDORyVTI6IOU9qcMl?si=tNi6-opwSYiUjvD8evsSlg&amp;pi=e-wWP0wmjQQC-X&amp;nd=1&amp;utm_medium=organic&amp;_branch_referrer=H4sIAAAAAAAAA8WO2wqCQBRFv2Z6U1NDKpCIJBC6mV2fYprGmjo5J2dU7Osbg74h2A%2Bbtdiwb1qjGjqOQqlF1tgU0QaRP5wRFvJSMh1K5HmHeL2sBDiVBYS3dkL8MfGmJq22f2smnwYh0AaE0qa68fw9g2i5bnabOIiX28GLzYH4UyWIH%2BmFCCyJdXoU23sV9XmlUrgSL8DWcqver7r1854kE%2BvwvUABzpQ9%2FnjD0PxiqNvJONVlwUNZXGku2AeZVVZESQEAAA%3D%3D&amp;product=open&amp;%24full_url=https%3A%2F%2Fopen.spotify.com%2Fplaylist%2F1IMzLlDORyVTI6IOU9qcMl%3Fsi%3DtNi6-opwSYiUjvD8evsSlg%26pi%3De-wWP0wmjQQC-X&amp;feature=organic&amp;_branch_match_id=1277427517263154455,,,
,spotify,,t2_3gvje3gm,False,,0,False,Synthwave/Electronic videogame OSTs. Adobe flash era throwbacks. viral video original music,[],r/spotify,False,6,,0,,,False,,t3_19br8pu,False,dark,1.0,,1,0,"{'content': '&lt;iframe class=""embedly-embed"" src=""https://cdn.embedly.com/widgets/media.html?src=https%3A%2F%2Fopen.spotify.com%2Fembed%2Fplaylist%2F24GnR807e3IWEawv6Qzg2Z%3Futm_source%3Doembed&amp;display_name=Spotify&amp;url=https%3A%2F%2Fopen.spotify.com%2Fplaylist%2F24GnR807e3IWEawv6Qzg2Z&amp;image=https%3A%2F%2Fi.scdn.co%2Fimage%2Fab67706c0000da84fa3e48dfab51e576936ff073&amp;key=2aa3c4d5f3de4f5b9120b660ad850dc9&amp;type=text%2Fhtml&amp;schema=spotify"" width=""456"" height=""352"" scrolling=""no"" title=""Spotify embed"" frameborder=""0"" allow=""autoplay; fullscreen; encrypted-media; picture-in-picture;"" allowfullscreen=""true""&gt;&lt;/iframe&gt;', 'width': 456, 'scrolling': False, 'height': 352}",,,False,[],"{'type': 'open.spotify.com', 'oembed': {'provider_url': 'https://spotify.com', 'description': 'Cyberspace Adventures · Playlist · 230 songs · 8 likes', 'title': 'Cyberspace Adventures', 'type': 'rich', 'thumbnail_width': 300, 'height': 352, 'width': 456, 'html': '&lt;iframe class=""embedly-embed"" src=""https://cdn.embedly.com/widgets/media.html?src=https%3A%2F%2Fopen.spotify.com%2Fembed%2Fplaylist%2F24GnR807e3IWEawv6Qzg2Z%3Futm_source%3Doembed&amp;display_name=Spotify&amp;url=https%3A%2F%2Fopen.spotify.com%2Fplaylist%2F24GnR807e3IWEawv6Qzg2Z&amp;image=https%3A%2F%2Fi.scdn.co%2Fimage%2Fab67706c0000da84fa3e48dfab51e576936ff073&amp;key=2aa3c4d5f3de4f5b9120b660ad850dc9&amp;type=text%2Fhtml&amp;schema=spotify"" width=""456"" height=""352"" scrolling=""no"" title=""Spotify embed"" frameborder=""0"" allow=""autoplay; fullscreen; encrypted-media; picture-in-picture;"" allowfullscreen=""true""&gt;&lt;/iframe&gt;', 'version': '1.0', 'provider_name': 'Spotify', 'thumbnail_url': 'https://i.scdn.co/image/ab67706c0000da84fa3e48dfab51e576936ff073', 'thumbnail_height': 300}}",False,False,,"{'content': '&lt;iframe class=""embedly-embed"" src=""https://cdn.embedly.com/widgets/media.html?src=https%3A%2F%2Fopen.spotify.com%2Fembed%2Fplaylist%2F24GnR807e3IWEawv6Qzg2Z%3Futm_source%3Doembed&amp;display_name=Spotify&amp;url=https%3A%2F%2Fopen.spotify.com%2Fplaylist%2F24GnR807e3IWEawv6Qzg2Z&amp;image=https%3A%2F%2Fi.scdn.co%2Fimage%2Fab67706c0000da84fa3e48dfab51e576936ff073&amp;key=2aa3c4d5f3de4f5b9120b660ad850dc9&amp;type=text%2Fhtml&amp;schema=spotify"" width=""456"" height=""352"" scrolling=""no"" title=""Spotify embed"" frameborder=""0"" allow=""autoplay; fullscreen; encrypted-media; picture-in-picture;"" allowfullscreen=""true""&gt;&lt;/iframe&gt;', 'width': 456, 'scrolling': False, 'media_domain_url': 'https://www.redditmedia.com/mediaembed/19br8pu', 'height': 352}",Playlist - Throwback/Flashback/Decades,False,1,,False,False,,False,,[],{},,,False,public,1705799307.0,text,6,,,text,open.spotify.com,False,,,,,,False,False,False,False,False,,[],[],False,8f93ff06-9fa5-11ea-8fd9-0e846d182559,False,False,False,,[],False,,,,t5_2qofj,False,,,,#ab672f,19br8pu,True,,bibblerbone,,0,True,all_ads,False,[],False,,/r/spotify/comments/19br8pu/synthwaveelectronic_videogame_osts_adobe_flash/,all_ads,False,https://open.spotify.com/playlist/24GnR807e3IWEawv6Qzg2Z?si=b45aa4e04a9d42e3,1396770,1705799307.0,0,"{'type': 'open.spotify.com', 'oembed': {'provider_url': 'https://spotify.com', 'description': 'Cyberspace Adventures · Playlist · 230 songs · 8 likes', 'title': 'Cyberspace Adventures', 'type': 'rich', 'thumbnail_width': 300, 'height': 352, 'width': 456, 'html': '&lt;iframe class=""embedly-embed"" src=""https://cdn.embedly.com/widgets/media.html?src=https%3A%2F%2Fopen.spotify.com%2Fembed%2Fplaylist%2F24GnR807e3IWEawv6Qzg2Z%3Futm_source%3Doembed&amp;display_name=Spotify&amp;url=https%3A%2F%2Fopen.spotify.com%2Fplaylist%2F24GnR807e3IWEawv6Qzg2Z&amp;image=https%3A%2F%2Fi.scdn.co%2Fimage%2Fab67706c0000da84fa3e48dfab51e576936ff073&amp;key=2aa3c4d5f3de4f5b9120b660ad850dc9&amp;type=text%2Fhtml&amp;schema=spotify"" width=""456"" height=""352"" scrolling=""no"" title=""Spotify embed"" frameborder=""0"" allow=""autoplay; fullscreen; encrypted-media; picture-in-picture;"" allowfullscreen=""true""&gt;&lt;/iframe&gt;', 'version': '1.0', 'provider_name': 'Spotify', 'thumbnail_url': 'https://i.scdn.co/image/ab67706c0000da84fa3e48dfab51e576936ff073', 'thumbnail_height': 300}}",False,https://open.spotify.com/playlist/24GnR807e3IWEawv6Qzg2Z?si=b45aa4e04a9d42e3,,,
,spotify,Are you in a realtionship? are you not? You talk everyday but still nothing more has happened. you flirt sometimes but then it fizzles out. that sort of stuff. Thanks,t2_bqnts4rc,False,,0,False,Looking for songs that explain the feeling of being confused about someone.,[],r/spotify,False,6,favors,0,,,False,,t3_19b6xll,False,dark,1.0,,20,0,{},,,False,[],,False,False,,{},Song / Artist / Album / Playlist Requests,False,20,,False,False,,False,,[],{},,,True,public,1705738265.0,text,6,,,text,self.spotify,False,"&lt;!-- SC_OFF --&gt;&lt;div class=""md""&gt;&lt;p&gt;Are you in a realtionship? are you not? You talk everyday but still nothing more has happened. you flirt sometimes but then it fizzles out. that sort of stuff. Thanks&lt;/p&gt;
&lt;/div&gt;&lt;!-- SC_ON --&gt;",,,,,False,False,False,False,False,,[],[],False,b188c2f4-9a2e-11e9-9464-0e9d067aecce,False,False,False,,[],False,,,,t5_2qofj,False,,,,#94e044,19b6xll,True,,Baburao1096,,23,True,all_ads,False,[],False,,/r/spotify/comments/19b6xll/looking_for_songs_that_explain_the_feeling_of/,all_ads,False,https://www.reddit.com/r/spotify/comments/19b6xll/looking_for_songs_that_explain_the_feeling_of/,1396770,1705738265.0,0,,False,,,,
,spotify,"Exactly like the title, this dude somehow completely misses any genre I'm currently listening to and loves to play the same songs over and over. Almost everytime I turn on DJ he tries to play ""N**gas in Paris"" or ""Mr. Brightside"". I don't even have an issue with those artists but holy hell I don't get any other songs from them. Not to mention any time he says something remotely related to ""Summer"" or "" a few years ago"" its always My Chemical Romance, not exaggerating. Only twice I can say he was put me on new music with similar taste to what I usually listen to on my playlists. Lately I've been binging Deftones and this guy has the audacity to mention he's gonna put on an artist and similar to what I've been listening to recently and then plays Paramore. Some of these artists in specific I enjoy but I only ever hear their hits or a single song, I like listening to whole albums so I will listen to a song that's not ""Misery Business"". I stg this dude likes to see me skip a whole segment just to be met with another segment of music I don't listen to. Not once has he put on 100 Gecs which is an artist I'll binge, hasn't put Deftones, and any artist I like he'll only play hits. I don't ever like the editors choice mix and I especially hate when he puts on anything new in rock or alternative rock. Why isn't there a way to tell him the segment he played sucks or that you enjoyed one of the segments, why does he play music I don't even listen to nor have a similar taste with? Tried playing ""5 Finger Death Punch"" claiming it was an artist I played a lot a while back but not anymore, I DONT EVEN LISTEN TO THEM OR HAVE EVER LISTENED TO THEM. DJ pisses me off so much and I try to avoid playing him but sometimes I want to listen to the radio without listening to the radio. The worst thing I've come across is listening to DJ in the car and then coming home and playing DJ on my PC and it played every segment from when I was in the car in the same order with the same songs.",t2_7t2b42jz,False,,0,False,Why is the DJ terrible at their job?,[],r/spotify,False,6,question,0,,,False,,t3_19b35qc,False,light,0.86,,37,0,{},,,False,[],,False,False,,{},Question / Discussion,False,37,,False,False,,False,,[],{},,,True,public,1705724352.0,text,6,,,text,self.spotify,False,"&lt;!-- SC_OFF --&gt;&lt;div class=""md""&gt;&lt;p&gt;Exactly like the title, this dude somehow completely misses any genre I&amp;#39;m currently listening to and loves to play the same songs over and over. Almost everytime I turn on DJ he tries to play &amp;quot;N**gas in Paris&amp;quot; or &amp;quot;Mr. Brightside&amp;quot;. I don&amp;#39;t even have an issue with those artists but holy hell I don&amp;#39;t get any other songs from them. Not to mention any time he says something remotely related to &amp;quot;Summer&amp;quot; or &amp;quot; a few years ago&amp;quot; its always My Chemical Romance, not exaggerating. Only twice I can say he was put me on new music with similar taste to what I usually listen to on my playlists. Lately I&amp;#39;ve been binging Deftones and this guy has the audacity to mention he&amp;#39;s gonna put on an artist and similar to what I&amp;#39;ve been listening to recently and then plays Paramore. Some of these artists in specific I enjoy but I only ever hear their hits or a single song, I like listening to whole albums so I will listen to a song that&amp;#39;s not &amp;quot;Misery Business&amp;quot;. I stg this dude likes to see me skip a whole segment just to be met with another segment of music I don&amp;#39;t listen to. Not once has he put on 100 Gecs which is an artist I&amp;#39;ll binge, hasn&amp;#39;t put Deftones, and any artist I like he&amp;#39;ll only play hits. I don&amp;#39;t ever like the editors choice mix and I especially hate when he puts on anything new in rock or alternative rock. Why isn&amp;#39;t there a way to tell him the segment he played sucks or that you enjoyed one of the segments, why does he play music I don&amp;#39;t even listen to nor have a similar taste with? Tried playing &amp;quot;5 Finger Death Punch&amp;quot; claiming it was an artist I played a lot a while back but not anymore, I DONT EVEN LISTEN TO THEM OR HAVE EVER LISTENED TO THEM. DJ pisses me off so much and I try to avoid playing him but sometimes I want to listen to the radio without listening to the radio. The worst thing I&amp;#39;ve come across is listening to DJ in the car and then coming home and playing DJ on my PC and it played every segment from when I was in the car in the same order with the same songs.&lt;/p&gt;
&lt;/div&gt;&lt;!-- SC_ON --&gt;",,,,,False,False,False,False,False,,[],[],False,58828680-99e4-11e9-9cfc-0e6137c47742,False,False,False,,[],False,,,,t5_2qofj,False,,,,#d3d6da,19b35qc,True,,GlizzyHero,,28,True,all_ads,False,[],False,,/r/spotify/comments/19b35qc/why_is_the_dj_terrible_at_their_job/,all_ads,False,https://www.reddit.com/r/spotify/comments/19b35qc/why_is_the_dj_terrible_at_their_job/,1396770,1705724352.0,0,,False,,,,
,spotify,,t2_53883501,False,,0,False,Feel Good Vibes - Song to lift. your spirit and make you feel happy (pop),[],r/spotify,False,6,,0,,,False,,t3_19bl1ty,False,dark,1.0,,2,0,"{'content': '&lt;iframe class=""embedly-embed"" src=""https://cdn.embedly.com/widgets/media.html?src=https%3A%2F%2Fopen.spotify.com%2Fembed%2Fplaylist%2F4QHip8sBuGvYOEAIJjnkMc%3Futm_source%3Doembed&amp;display_name=Spotify&amp;url=https%3A%2F%2Fopen.spotify.com%2Fplaylist%2F4QHip8sBuGvYOEAIJjnkMc&amp;image=https%3A%2F%2Fi.scdn.co%2Fimage%2Fab67706c0000da84e5f8024176c4857d9a599272&amp;key=2aa3c4d5f3de4f5b9120b660ad850dc9&amp;type=text%2Fhtml&amp;schema=spotify"" width=""456"" height=""352"" scrolling=""no"" title=""Spotify embed"" frameborder=""0"" allow=""autoplay; fullscreen; encrypted-media; picture-in-picture;"" allowfullscreen=""true""&gt;&lt;/iframe&gt;', 'width': 456, 'scrolling': False, 'height': 352}",,,False,[],"{'type': 'open.spotify.com', 'oembed': {'provider_url': 'https://spotify.com', 'description': 'Feel Good Vibes · Playlist · 104 songs · 4 likes', 'title': 'Feel Good Vibes', 'type': 'rich', 'thumbnail_width': 300, 'height': 352, 'width': 456, 'html': '&lt;iframe class=""embedly-embed"" src=""https://cdn.embedly.com/widgets/media.html?src=https%3A%2F%2Fopen.spotify.com%2Fembed%2Fplaylist%2F4QHip8sBuGvYOEAIJjnkMc%3Futm_source%3Doembed&amp;display_name=Spotify&amp;url=https%3A%2F%2Fopen.spotify.com%2Fplaylist%2F4QHip8sBuGvYOEAIJjnkMc&amp;image=https%3A%2F%2Fi.scdn.co%2Fimage%2Fab67706c0000da84e5f8024176c4857d9a599272&amp;key=2aa3c4d5f3de4f5b9120b660ad850dc9&amp;type=text%2Fhtml&amp;schema=spotify"" width=""456"" height=""352"" scrolling=""no"" title=""Spotify embed"" frameborder=""0"" allow=""autoplay; fullscreen; encrypted-media; picture-in-picture;"" allowfullscreen=""true""&gt;&lt;/iframe&gt;', 'version': '1.0', 'provider_name': 'Spotify', 'thumbnail_url': 'https://i.scdn.co/image/ab67706c0000da84e5f8024176c4857d9a599272', 'thumbnail_height': 300}}",False,False,,"{'content': '&lt;iframe class=""embedly-embed"" src=""https://cdn.embedly.com/widgets/media.html?src=https%3A%2F%2Fopen.spotify.com%2Fembed%2Fplaylist%2F4QHip8sBuGvYOEAIJjnkMc%3Futm_source%3Doembed&amp;display_name=Spotify&amp;url=https%3A%2F%2Fopen.spotify.com%2Fplaylist%2F4QHip8sBuGvYOEAIJjnkMc&amp;image=https%3A%2F%2Fi.scdn.co%2Fimage%2Fab67706c0000da84e5f8024176c4857d9a599272&amp;key=2aa3c4d5f3de4f5b9120b660ad850dc9&amp;type=text%2Fhtml&amp;schema=spotify"" width=""456"" height=""352"" scrolling=""no"" title=""Spotify embed"" frameborder=""0"" allow=""autoplay; fullscreen; encrypted-media; picture-in-picture;"" allowfullscreen=""true""&gt;&lt;/iframe&gt;', 'width': 456, 'scrolling': False, 'media_domain_url': 'https://www.redditmedia.com/mediaembed/19bl1ty', 'height': 352}","Playlist - Mood/Feeling (Chill, Lofi, Uplifting)",False,2,,False,False,,False,,[],{},,,False,public,1705782527.0,text,6,,,text,open.spotify.com,False,,,,,,False,False,False,False,False,,[],[],False,ede46e42-9fa0-11ea-8c94-0e70d5715363,False,False,False,,[],False,,,,t5_2qofj,False,,,,#c300c1,19bl1ty,True,,jmcarlos27,,0,True,all_ads,False,[],False,,/r/spotify/comments/19bl1ty/feel_good_vibes_song_to_lift_your_spirit_and_make/,all_ads,False,https://open.spotify.com/playlist/4QHip8sBuGvYOEAIJjnkMc?si=nIUD23DpQtGLHgLKuLJ6QQ,1396770,1705782527.0,0,"{'type': 'open.spotify.com', 'oembed': {'provider_url': 'https://spotify.com', 'description': 'Feel Good Vibes · Playlist · 104 songs · 4 likes', 'title': 'Feel Good Vibes', 'type': 'rich', 'thumbnail_width': 300, 'height': 352, 'width': 456, 'html': '&lt;iframe class=""embedly-embed"" src=""https://cdn.embedly.com/widgets/media.html?src=https%3A%2F%2Fopen.spotify.com%2Fembed%2Fplaylist%2F4QHip8sBuGvYOEAIJjnkMc%3Futm_source%3Doembed&amp;display_name=Spotify&amp;url=https%3A%2F%2Fopen.spotify.com%2Fplaylist%2F4QHip8sBuGvYOEAIJjnkMc&amp;image=https%3A%2F%2Fi.scdn.co%2Fimage%2Fab67706c0000da84e5f8024176c4857d9a599272&amp;key=2aa3c4d5f3de4f5b9120b660ad850dc9&amp;type=text%2Fhtml&amp;schema=spotify"" width=""456"" height=""352"" scrolling=""no"" title=""Spotify embed"" frameborder=""0"" allow=""autoplay; fullscreen; encrypted-media; picture-in-picture;"" allowfullscreen=""true""&gt;&lt;/iframe&gt;', 'version': '1.0', 'provider_name': 'Spotify', 'thumbnail_url': 'https://i.scdn.co/image/ab67706c0000da84e5f8024176c4857d9a599272', 'thumbnail_height': 300}}",False,https://open.spotify.com/playlist/4QHip8sBuGvYOEAIJjnkMc?si=nIUD23DpQtGLHgLKuLJ6QQ,,,
,spotify,,t2_h2w22hi6i,False,,0,False,songs to listen with your bf/gf,[],r/spotify,False,6,,0,,,False,,t3_19bh6eg,False,dark,1.0,,3,0,"{'content': '&lt;iframe class=""embedly-embed"" src=""https://cdn.embedly.com/widgets/media.html?src=https%3A%2F%2Fopen.spotify.com%2Fembed%2Fplaylist%2F4JrN5vFvL9HEuefZbgGGfM%3Futm_source%3Doembed&amp;display_name=Spotify&amp;url=https%3A%2F%2Fopen.spotify.com%2Fplaylist%2F4JrN5vFvL9HEuefZbgGGfM&amp;image=https%3A%2F%2Fmosaic.scdn.co%2F300%2Fab67616d00001e0217add53ee7ef16ac10e6f8a9ab67616d00001e02683757f1fd40a7f7ef64bec1ab67616d00001e02a03e3d24ccee1c370899c342ab67616d00001e02e1bc1af856b42dd7fdba9f84&amp;key=2aa3c4d5f3de4f5b9120b660ad850dc9&amp;type=text%2Fhtml&amp;schema=spotify"" width=""456"" height=""352"" scrolling=""no"" title=""Spotify embed"" frameborder=""0"" allow=""autoplay; fullscreen; encrypted-media; picture-in-picture;"" allowfullscreen=""true""&gt;&lt;/iframe&gt;', 'width': 456, 'scrolling': False, 'height': 352}",,,False,[],"{'type': 'open.spotify.com', 'oembed': {'provider_url': 'https://spotify.com', 'description': 'Songs to listen with your lover · Playlist · 27 songs · 1 likes', 'title': 'Songs to listen with your lover', 'type': 'rich', 'thumbnail_width': 300, 'height': 352, 'width': 456, 'html': '&lt;iframe class=""embedly-embed"" src=""https://cdn.embedly.com/widgets/media.html?src=https%3A%2F%2Fopen.spotify.com%2Fembed%2Fplaylist%2F4JrN5vFvL9HEuefZbgGGfM%3Futm_source%3Doembed&amp;display_name=Spotify&amp;url=https%3A%2F%2Fopen.spotify.com%2Fplaylist%2F4JrN5vFvL9HEuefZbgGGfM&amp;image=https%3A%2F%2Fmosaic.scdn.co%2F300%2Fab67616d00001e0217add53ee7ef16ac10e6f8a9ab67616d00001e02683757f1fd40a7f7ef64bec1ab67616d00001e02a03e3d24ccee1c370899c342ab67616d00001e02e1bc1af856b42dd7fdba9f84&amp;key=2aa3c4d5f3de4f5b9120b660ad850dc9&amp;type=text%2Fhtml&amp;schema=spotify"" width=""456"" height=""352"" scrolling=""no"" title=""Spotify embed"" frameborder=""0"" allow=""autoplay; fullscreen; encrypted-media; picture-in-picture;"" allowfullscreen=""true""&gt;&lt;/iframe&gt;', 'version': '1.0', 'provider_name': 'Spotify', 'thumbnail_url': 'https://mosaic.scdn.co/300/ab67616d00001e0217add53ee7ef16ac10e6f8a9ab67616d00001e02683757f1fd40a7f7ef64bec1ab67616d00001e02a03e3d24ccee1c370899c342ab67616d00001e02e1bc1af856b42dd7fdba9f84', 'thumbnail_height': 300}}",False,False,,"{'content': '&lt;iframe class=""embedly-embed"" src=""https://cdn.embedly.com/widgets/media.html?src=https%3A%2F%2Fopen.spotify.com%2Fembed%2Fplaylist%2F4JrN5vFvL9HEuefZbgGGfM%3Futm_source%3Doembed&amp;display_name=Spotify&amp;url=https%3A%2F%2Fopen.spotify.com%2Fplaylist%2F4JrN5vFvL9HEuefZbgGGfM&amp;image=https%3A%2F%2Fmosaic.scdn.co%2F300%2Fab67616d00001e0217add53ee7ef16ac10e6f8a9ab67616d00001e02683757f1fd40a7f7ef64bec1ab67616d00001e02a03e3d24ccee1c370899c342ab67616d00001e02e1bc1af856b42dd7fdba9f84&amp;key=2aa3c4d5f3de4f5b9120b660ad850dc9&amp;type=text%2Fhtml&amp;schema=spotify"" width=""456"" height=""352"" scrolling=""no"" title=""Spotify embed"" frameborder=""0"" allow=""autoplay; fullscreen; encrypted-media; picture-in-picture;"" allowfullscreen=""true""&gt;&lt;/iframe&gt;', 'width': 456, 'scrolling': False, 'media_domain_url': 'https://www.redditmedia.com/mediaembed/19bh6eg', 'height': 352}","Playlist - Mood/Feeling (Chill, Lofi, Uplifting)",False,3,,False,False,,False,,[],{},,,False,public,1705772486.0,text,6,,,text,open.spotify.com,False,,,,,,False,False,False,False,False,,[],[],False,ede46e42-9fa0-11ea-8c94-0e70d5715363,False,False,False,,[],False,,,,t5_2qofj,False,,,,#c300c1,19bh6eg,True,,Specialist_Prior_992,,1,True,all_ads,False,[],False,,/r/spotify/comments/19bh6eg/songs_to_listen_with_your_bfgf/,all_ads,False,https://open.spotify.com/playlist/4JrN5vFvL9HEuefZbgGGfM?si=16febf3485184aaf,1396770,1705772486.0,0,"{'type': 'open.spotify.com', 'oembed': {'provider_url': 'https://spotify.com', 'description': 'Songs to listen with your lover · Playlist · 27 songs · 1 likes', 'title': 'Songs to listen with your lover', 'type': 'rich', 'thumbnail_width': 300, 'height': 352, 'width': 456, 'html': '&lt;iframe class=""embedly-embed"" src=""https://cdn.embedly.com/widgets/media.html?src=https%3A%2F%2Fopen.spotify.com%2Fembed%2Fplaylist%2F4JrN5vFvL9HEuefZbgGGfM%3Futm_source%3Doembed&amp;display_name=Spotify&amp;url=https%3A%2F%2Fopen.spotify.com%2Fplaylist%2F4JrN5vFvL9HEuefZbgGGfM&amp;image=https%3A%2F%2Fmosaic.scdn.co%2F300%2Fab67616d00001e0217add53ee7ef16ac10e6f8a9ab67616d00001e02683757f1fd40a7f7ef64bec1ab67616d00001e02a03e3d24ccee1c370899c342ab67616d00001e02e1bc1af856b42dd7fdba9f84&amp;key=2aa3c4d5f3de4f5b9120b660ad850dc9&amp;type=text%2Fhtml&amp;schema=spotify"" width=""456"" height=""352"" scrolling=""no"" title=""Spotify embed"" frameborder=""0"" allow=""autoplay; fullscreen; encrypted-media; picture-in-picture;"" allowfullscreen=""true""&gt;&lt;/iframe&gt;', 'version': '1.0', 'provider_name': 'Spotify', 'thumbnail_url': 'https://mosaic.scdn.co/300/ab67616d00001e0217add53ee7ef16ac10e6f8a9ab67616d00001e02683757f1fd40a7f7ef64bec1ab67616d00001e02a03e3d24ccee1c370899c342ab67616d00001e02e1bc1af856b42dd7fdba9f84', 'thumbnail_height': 300}}",False,https://open.spotify.com/playlist/4JrN5vFvL9HEuefZbgGGfM?si=16febf3485184aaf,,,
,spotify,"hey! im looking for some artists to expand my music taste. i listen to these artists:


• deftones (fav)

• arctic monkeys

• oasis

• weezer

• the cranberries

• the reytons 


i’m looking for more deftones-sounding artists but i love all of the artists in the list too!",t2_mlet8w2el,False,,0,False,artist recommendations?,[],r/spotify,False,6,favors,0,,,False,,t3_19b7wz2,False,dark,0.89,,13,0,{},,,False,[],,False,False,,{},Song / Artist / Album / Playlist Requests,False,13,,False,False,,False,,[],{},,,True,public,1705742353.0,text,6,,,text,self.spotify,False,"&lt;!-- SC_OFF --&gt;&lt;div class=""md""&gt;&lt;p&gt;hey! im looking for some artists to expand my music taste. i listen to these artists:&lt;/p&gt;

&lt;p&gt;• deftones (fav)&lt;/p&gt;

&lt;p&gt;• arctic monkeys&lt;/p&gt;

&lt;p&gt;• oasis&lt;/p&gt;

&lt;p&gt;• weezer&lt;/p&gt;

&lt;p&gt;• the cranberries&lt;/p&gt;

&lt;p&gt;• the reytons &lt;/p&gt;

&lt;p&gt;i’m looking for more deftones-sounding artists but i love all of the artists in the list too!&lt;/p&gt;
&lt;/div&gt;&lt;!-- SC_ON --&gt;",,,,,False,False,False,False,False,,[],[],False,b188c2f4-9a2e-11e9-9464-0e9d067aecce,False,False,False,,[],False,,,,t5_2qofj,False,,,,#94e044,19b7wz2,True,,stussylvr,,39,True,all_ads,False,[],False,,/r/spotify/comments/19b7wz2/artist_recommendations/,all_ads,False,https://www.reddit.com/r/spotify/comments/19b7wz2/artist_recommendations/,1396770,1705742353.0,0,,False,,,,
,spotify,,t2_lj2ticvgg,False,,0,False,Mood Mix,[],r/spotify,False,6,,0,,,False,,t3_19bifjb,False,dark,1.0,,2,0,"{'content': '&lt;iframe class=""embedly-embed"" src=""https://cdn.embedly.com/widgets/media.html?src=https%3A%2F%2Fopen.spotify.com%2Fembed%2Fplaylist%2F2HvUoHMA4c6QeI7SuTbIRP%3Futm_source%3Doembed&amp;display_name=Spotify&amp;url=https%3A%2F%2Fopen.spotify.com%2Fplaylist%2F2HvUoHMA4c6QeI7SuTbIRP&amp;image=https%3A%2F%2Fi.scdn.co%2Fimage%2Fab67706c0000da84d3d6bacd00289c0961269984&amp;key=2aa3c4d5f3de4f5b9120b660ad850dc9&amp;type=text%2Fhtml&amp;schema=spotify"" width=""456"" height=""352"" scrolling=""no"" title=""Spotify embed"" frameborder=""0"" allow=""autoplay; fullscreen; encrypted-media; picture-in-picture;"" allowfullscreen=""true""&gt;&lt;/iframe&gt;', 'width': 456, 'scrolling': False, 'height': 352}",,,False,[],"{'type': 'open.spotify.com', 'oembed': {'provider_url': 'https://spotify.com', 'description': '¡Ouch · Playlist · 72 songs · 4 likes', 'title': '¡Ouch', 'type': 'rich', 'thumbnail_width': 300, 'height': 352, 'width': 456, 'html': '&lt;iframe class=""embedly-embed"" src=""https://cdn.embedly.com/widgets/media.html?src=https%3A%2F%2Fopen.spotify.com%2Fembed%2Fplaylist%2F2HvUoHMA4c6QeI7SuTbIRP%3Futm_source%3Doembed&amp;display_name=Spotify&amp;url=https%3A%2F%2Fopen.spotify.com%2Fplaylist%2F2HvUoHMA4c6QeI7SuTbIRP&amp;image=https%3A%2F%2Fi.scdn.co%2Fimage%2Fab67706c0000da84d3d6bacd00289c0961269984&amp;key=2aa3c4d5f3de4f5b9120b660ad850dc9&amp;type=text%2Fhtml&amp;schema=spotify"" width=""456"" height=""352"" scrolling=""no"" title=""Spotify embed"" frameborder=""0"" allow=""autoplay; fullscreen; encrypted-media; picture-in-picture;"" allowfullscreen=""true""&gt;&lt;/iframe&gt;', 'version': '1.0', 'provider_name': 'Spotify', 'thumbnail_url': 'https://i.scdn.co/image/ab67706c0000da84d3d6bacd00289c0961269984', 'thumbnail_height': 300}}",False,False,,"{'content': '&lt;iframe class=""embedly-embed"" src=""https://cdn.embedly.com/widgets/media.html?src=https%3A%2F%2Fopen.spotify.com%2Fembed%2Fplaylist%2F2HvUoHMA4c6QeI7SuTbIRP%3Futm_source%3Doembed&amp;display_name=Spotify&amp;url=https%3A%2F%2Fopen.spotify.com%2Fplaylist%2F2HvUoHMA4c6QeI7SuTbIRP&amp;image=https%3A%2F%2Fi.scdn.co%2Fimage%2Fab67706c0000da84d3d6bacd00289c0961269984&amp;key=2aa3c4d5f3de4f5b9120b660ad850dc9&amp;type=text%2Fhtml&amp;schema=spotify"" width=""456"" height=""352"" scrolling=""no"" title=""Spotify embed"" frameborder=""0"" allow=""autoplay; fullscreen; encrypted-media; picture-in-picture;"" allowfullscreen=""true""&gt;&lt;/iframe&gt;', 'width': 456, 'scrolling': False, 'media_domain_url': 'https://www.redditmedia.com/mediaembed/19bifjb', 'height': 352}","Playlist - Mood/Feeling (Chill, Lofi, Uplifting)",False,2,,False,False,,False,,[],{},,,False,public,1705775723.0,text,6,,,text,open.spotify.com,False,,,,,,False,False,False,False,False,,[],[],False,ede46e42-9fa0-11ea-8c94-0e70d5715363,False,False,False,,[],False,,,,t5_2qofj,False,,,,#c300c1,19bifjb,True,,ExcitingTeam66,,0,True,all_ads,False,[],False,,/r/spotify/comments/19bifjb/mood_mix/,all_ads,False,https://open.spotify.com/playlist/2HvUoHMA4c6QeI7SuTbIRP?si=2j1ay4uUTqCyz4OEMucQ1w&amp;pi=a--C_rhxLfQBKr,1396770,1705775723.0,0,"{'type': 'open.spotify.com', 'oembed': {'provider_url': 'https://spotify.com', 'description': '¡Ouch · Playlist · 72 songs · 4 likes', 'title': '¡Ouch', 'type': 'rich', 'thumbnail_width': 300, 'height': 352, 'width': 456, 'html': '&lt;iframe class=""embedly-embed"" src=""https://cdn.embedly.com/widgets/media.html?src=https%3A%2F%2Fopen.spotify.com%2Fembed%2Fplaylist%2F2HvUoHMA4c6QeI7SuTbIRP%3Futm_source%3Doembed&amp;display_name=Spotify&amp;url=https%3A%2F%2Fopen.spotify.com%2Fplaylist%2F2HvUoHMA4c6QeI7SuTbIRP&amp;image=https%3A%2F%2Fi.scdn.co%2Fimage%2Fab67706c0000da84d3d6bacd00289c0961269984&amp;key=2aa3c4d5f3de4f5b9120b660ad850dc9&amp;type=text%2Fhtml&amp;schema=spotify"" width=""456"" height=""352"" scrolling=""no"" title=""Spotify embed"" frameborder=""0"" allow=""autoplay; fullscreen; encrypted-media; picture-in-picture;"" allowfullscreen=""true""&gt;&lt;/iframe&gt;', 'version': '1.0', 'provider_name': 'Spotify', 'thumbnail_url': 'https://i.scdn.co/image/ab67706c0000da84d3d6bacd00289c0961269984', 'thumbnail_height': 300}}",False,https://open.spotify.com/playlist/2HvUoHMA4c6QeI7SuTbIRP?si=2j1ay4uUTqCyz4OEMucQ1w&amp;pi=a--C_rhxLfQBKr,,,
,spotify,,t2_3ynkyzt,False,,0,False,Dance Beats - Spotify Playlist [EDM/Dance],[],r/spotify,False,6,,0,,,False,,t3_19biej3,False,dark,1.0,,2,0,"{'content': '&lt;iframe class=""embedly-embed"" src=""https://cdn.embedly.com/widgets/media.html?src=https%3A%2F%2Fopen.spotify.com%2Fembed%2Fplaylist%2F2f9FCLcoRfI0Pq8jUlvaHw%3Futm_source%3Doembed&amp;display_name=Spotify&amp;url=https%3A%2F%2Fopen.spotify.com%2Fplaylist%2F2f9FCLcoRfI0Pq8jUlvaHw&amp;image=https%3A%2F%2Fi.scdn.co%2Fimage%2Fab67706c0000da843c3014dc8f1c05114977a147&amp;key=2aa3c4d5f3de4f5b9120b660ad850dc9&amp;type=text%2Fhtml&amp;schema=spotify"" width=""456"" height=""352"" scrolling=""no"" title=""Spotify embed"" frameborder=""0"" allow=""autoplay; fullscreen; encrypted-media; picture-in-picture;"" allowfullscreen=""true""&gt;&lt;/iframe&gt;', 'width': 456, 'scrolling': False, 'height': 352}",,,False,[],"{'type': 'open.spotify.com', 'oembed': {'provider_url': 'https://spotify.com', 'description': 'Dance Beats · Playlist · 48 songs · 156 likes', 'title': 'Dance Beats', 'type': 'rich', 'thumbnail_width': 300, 'height': 352, 'width': 456, 'html': '&lt;iframe class=""embedly-embed"" src=""https://cdn.embedly.com/widgets/media.html?src=https%3A%2F%2Fopen.spotify.com%2Fembed%2Fplaylist%2F2f9FCLcoRfI0Pq8jUlvaHw%3Futm_source%3Doembed&amp;display_name=Spotify&amp;url=https%3A%2F%2Fopen.spotify.com%2Fplaylist%2F2f9FCLcoRfI0Pq8jUlvaHw&amp;image=https%3A%2F%2Fi.scdn.co%2Fimage%2Fab67706c0000da843c3014dc8f1c05114977a147&amp;key=2aa3c4d5f3de4f5b9120b660ad850dc9&amp;type=text%2Fhtml&amp;schema=spotify"" width=""456"" height=""352"" scrolling=""no"" title=""Spotify embed"" frameborder=""0"" allow=""autoplay; fullscreen; encrypted-media; picture-in-picture;"" allowfullscreen=""true""&gt;&lt;/iframe&gt;', 'version': '1.0', 'provider_name': 'Spotify', 'thumbnail_url': 'https://i.scdn.co/image/ab67706c0000da843c3014dc8f1c05114977a147', 'thumbnail_height': 300}}",False,False,,"{'content': '&lt;iframe class=""embedly-embed"" src=""https://cdn.embedly.com/widgets/media.html?src=https%3A%2F%2Fopen.spotify.com%2Fembed%2Fplaylist%2F2f9FCLcoRfI0Pq8jUlvaHw%3Futm_source%3Doembed&amp;display_name=Spotify&amp;url=https%3A%2F%2Fopen.spotify.com%2Fplaylist%2F2f9FCLcoRfI0Pq8jUlvaHw&amp;image=https%3A%2F%2Fi.scdn.co%2Fimage%2Fab67706c0000da843c3014dc8f1c05114977a147&amp;key=2aa3c4d5f3de4f5b9120b660ad850dc9&amp;type=text%2Fhtml&amp;schema=spotify"" width=""456"" height=""352"" scrolling=""no"" title=""Spotify embed"" frameborder=""0"" allow=""autoplay; fullscreen; encrypted-media; picture-in-picture;"" allowfullscreen=""true""&gt;&lt;/iframe&gt;', 'width': 456, 'scrolling': False, 'media_domain_url': 'https://www.redditmedia.com/mediaembed/19biej3', 'height': 352}",Playlist - Electronic / EDM / Dance,False,2,,False,False,,False,,[],{},,,False,public,1705775653.0,text,6,,,text,open.spotify.com,False,,,,,,False,False,False,False,False,,[],[],False,0cbd2a8e-9fa1-11ea-8e59-0e59b1c879f3,False,False,False,,[],False,,,,t5_2qofj,False,,,,#7193ff,19biej3,True,,EdmBeats,,1,True,all_ads,False,[],False,,/r/spotify/comments/19biej3/dance_beats_spotify_playlist_edmdance/,all_ads,False,https://open.spotify.com/playlist/2f9FCLcoRfI0Pq8jUlvaHw?si=d3ec7070b8e34385,1396770,1705775653.0,0,"{'type': 'open.spotify.com', 'oembed': {'provider_url': 'https://spotify.com', 'description': 'Dance Beats · Playlist · 48 songs · 156 likes', 'title': 'Dance Beats', 'type': 'rich', 'thumbnail_width': 300, 'height': 352, 'width': 456, 'html': '&lt;iframe class=""embedly-embed"" src=""https://cdn.embedly.com/widgets/media.html?src=https%3A%2F%2Fopen.spotify.com%2Fembed%2Fplaylist%2F2f9FCLcoRfI0Pq8jUlvaHw%3Futm_source%3Doembed&amp;display_name=Spotify&amp;url=https%3A%2F%2Fopen.spotify.com%2Fplaylist%2F2f9FCLcoRfI0Pq8jUlvaHw&amp;image=https%3A%2F%2Fi.scdn.co%2Fimage%2Fab67706c0000da843c3014dc8f1c05114977a147&amp;key=2aa3c4d5f3de4f5b9120b660ad850dc9&amp;type=text%2Fhtml&amp;schema=spotify"" width=""456"" height=""352"" scrolling=""no"" title=""Spotify embed"" frameborder=""0"" allow=""autoplay; fullscreen; encrypted-media; picture-in-picture;"" allowfullscreen=""true""&gt;&lt;/iframe&gt;', 'version': '1.0', 'provider_name': 'Spotify', 'thumbnail_url': 'https://i.scdn.co/image/ab67706c0000da843c3014dc8f1c05114977a147', 'thumbnail_height': 300}}",False,https://open.spotify.com/playlist/2f9FCLcoRfI0Pq8jUlvaHw?si=d3ec7070b8e34385,,,
,spotify,I've been searching playlist and looking for one that has legit random music from all over the place and decades.  I find some that have a good mix of usually pop/country/rap/rock but usually it's just huge hits of various songs from those genres. I don't mind those but I really want to find some music I'd never listen to or know that it existed.  Everything from jazz to death metal and all in between.,t2_6r6o6,False,,0,False,I really need a playlist that legit has a little bit of everything from as many genres as possible,[],r/spotify,False,6,favors,0,,,False,,t3_19b3qb7,False,dark,0.97,,25,0,{},,,False,[],,False,False,,{},Song / Artist / Album / Playlist Requests,False,25,,False,False,,False,,[],{},,,True,public,1705726279.0,text,6,,,text,self.spotify,False,"&lt;!-- SC_OFF --&gt;&lt;div class=""md""&gt;&lt;p&gt;I&amp;#39;ve been searching playlist and looking for one that has legit random music from all over the place and decades.  I find some that have a good mix of usually pop/country/rap/rock but usually it&amp;#39;s just huge hits of various songs from those genres. I don&amp;#39;t mind those but I really want to find some music I&amp;#39;d never listen to or know that it existed.  Everything from jazz to death metal and all in between.&lt;/p&gt;
&lt;/div&gt;&lt;!-- SC_ON --&gt;",,,,,False,False,False,False,False,,[],[],False,b188c2f4-9a2e-11e9-9464-0e9d067aecce,False,False,False,,[],False,,,,t5_2qofj,False,,,,#94e044,19b3qb7,True,,peanutmanak47,,30,True,all_ads,False,[],False,,/r/spotify/comments/19b3qb7/i_really_need_a_playlist_that_legit_has_a_little/,all_ads,False,https://www.reddit.com/r/spotify/comments/19b3qb7/i_really_need_a_playlist_that_legit_has_a_little/,1396770,1705726279.0,0,,False,,,,True
,spotify,"It seems like every song that's out there has to do with love, attraction, getting dumped, looking for/finding ""the one"", etc. I'm just so tired of it.

Give me some music that tells a story, that thinks about life, or is a part of positive change (cultural or personal). The 70s were a great time for that. I've got plenty of those songs. Isnt there any music in this millennium like this?

I'll take any genre from anywhere - I love ALL music - but, please, nothing glorifying hate, violence, or any type of bigotry. 
TIA",t2_epzo5t91,False,,0,False,Not another f'n love song..... need some new music,[],r/spotify,False,6,favors,0,,,False,,t3_19arsur,False,dark,0.96,,123,0,{},,,False,[],,False,False,,{},Song / Artist / Album / Playlist Requests,False,123,,False,False,,False,,[],{},,,True,public,1705693447.0,text,6,,,text,self.spotify,False,"&lt;!-- SC_OFF --&gt;&lt;div class=""md""&gt;&lt;p&gt;It seems like every song that&amp;#39;s out there has to do with love, attraction, getting dumped, looking for/finding &amp;quot;the one&amp;quot;, etc. I&amp;#39;m just so tired of it.&lt;/p&gt;

&lt;p&gt;Give me some music that tells a story, that thinks about life, or is a part of positive change (cultural or personal). The 70s were a great time for that. I&amp;#39;ve got plenty of those songs. Isnt there any music in this millennium like this?&lt;/p&gt;

&lt;p&gt;I&amp;#39;ll take any genre from anywhere - I love ALL music - but, please, nothing glorifying hate, violence, or any type of bigotry. 
TIA&lt;/p&gt;
&lt;/div&gt;&lt;!-- SC_ON --&gt;",,,,,False,False,False,False,False,,[],[],False,b188c2f4-9a2e-11e9-9464-0e9d067aecce,False,False,False,,[],False,,,,t5_2qofj,False,,,,#94e044,19arsur,True,,CallMeShayne,,447,True,all_ads,False,[],False,,/r/spotify/comments/19arsur/not_another_fn_love_song_need_some_new_music/,all_ads,False,https://www.reddit.com/r/spotify/comments/19arsur/not_another_fn_love_song_need_some_new_music/,1396770,1705693447.0,0,,False,,,,
,spotify,,t2_8q8ppwr9,False,,0,False,"I'm back adding more songs to my playlist, happy for the attention it's had the last few months. If you have any suggestions and they are not in the playlist feel free to post them in the comments. Let's get the party started.",[],r/spotify,False,6,,0,,,False,,t3_19bh4lj,False,dark,1.0,,2,0,"{'content': '&lt;iframe class=""embedly-embed"" src=""https://cdn.embedly.com/widgets/media.html?src=https%3A%2F%2Fopen.spotify.com%2Fembed%2Fplaylist%2F5UoHPbb64qwGNjYRGwgpK9%3Futm_source%3Doembed&amp;display_name=Spotify&amp;url=https%3A%2F%2Fopen.spotify.com%2Fplaylist%2F5UoHPbb64qwGNjYRGwgpK9&amp;image=https%3A%2F%2Fi.scdn.co%2Fimage%2Fab67706c0000da846a84bb3cddf915e587487135&amp;key=2aa3c4d5f3de4f5b9120b660ad850dc9&amp;type=text%2Fhtml&amp;schema=spotify"" width=""456"" height=""352"" scrolling=""no"" title=""Spotify embed"" frameborder=""0"" allow=""autoplay; fullscreen; encrypted-media; picture-in-picture;"" allowfullscreen=""true""&gt;&lt;/iframe&gt;', 'width': 456, 'scrolling': False, 'height': 352}",,,False,[],"{'type': 'open.spotify.com', 'oembed': {'provider_url': 'https://spotify.com', 'description': 'Disco Gems · Playlist · 2601 songs · 525 likes', 'title': 'Disco Gems', 'type': 'rich', 'thumbnail_width': 246, 'height': 352, 'width': 456, 'html': '&lt;iframe class=""embedly-embed"" src=""https://cdn.embedly.com/widgets/media.html?src=https%3A%2F%2Fopen.spotify.com%2Fembed%2Fplaylist%2F5UoHPbb64qwGNjYRGwgpK9%3Futm_source%3Doembed&amp;display_name=Spotify&amp;url=https%3A%2F%2Fopen.spotify.com%2Fplaylist%2F5UoHPbb64qwGNjYRGwgpK9&amp;image=https%3A%2F%2Fi.scdn.co%2Fimage%2Fab67706c0000da846a84bb3cddf915e587487135&amp;key=2aa3c4d5f3de4f5b9120b660ad850dc9&amp;type=text%2Fhtml&amp;schema=spotify"" width=""456"" height=""352"" scrolling=""no"" title=""Spotify embed"" frameborder=""0"" allow=""autoplay; fullscreen; encrypted-media; picture-in-picture;"" allowfullscreen=""true""&gt;&lt;/iframe&gt;', 'version': '1.0', 'provider_name': 'Spotify', 'thumbnail_url': 'https://i.scdn.co/image/ab67706c0000da846a84bb3cddf915e587487135', 'thumbnail_height': 246}}",False,False,,"{'content': '&lt;iframe class=""embedly-embed"" src=""https://cdn.embedly.com/widgets/media.html?src=https%3A%2F%2Fopen.spotify.com%2Fembed%2Fplaylist%2F5UoHPbb64qwGNjYRGwgpK9%3Futm_source%3Doembed&amp;display_name=Spotify&amp;url=https%3A%2F%2Fopen.spotify.com%2Fplaylist%2F5UoHPbb64qwGNjYRGwgpK9&amp;image=https%3A%2F%2Fi.scdn.co%2Fimage%2Fab67706c0000da846a84bb3cddf915e587487135&amp;key=2aa3c4d5f3de4f5b9120b660ad850dc9&amp;type=text%2Fhtml&amp;schema=spotify"" width=""456"" height=""352"" scrolling=""no"" title=""Spotify embed"" frameborder=""0"" allow=""autoplay; fullscreen; encrypted-media; picture-in-picture;"" allowfullscreen=""true""&gt;&lt;/iframe&gt;', 'width': 456, 'scrolling': False, 'media_domain_url': 'https://www.redditmedia.com/mediaembed/19bh4lj', 'height': 352}","Playlist - Theme / Idea (Party, Beach, Study)",False,2,,False,False,,False,,[],{},,,False,public,1705772350.0,text,6,,,text,open.spotify.com,False,,,,,,False,False,False,False,False,,[],[],False,64fa8956-9fa3-11ea-ba10-0e669a062341,False,False,False,,[],False,,,,t5_2qofj,False,,,,#ffd635,19bh4lj,True,,synkrnzd,,1,True,all_ads,False,[],False,,/r/spotify/comments/19bh4lj/im_back_adding_more_songs_to_my_playlist_happy/,all_ads,False,https://open.spotify.com/playlist/5UoHPbb64qwGNjYRGwgpK9?si=7a743fc7b81240c5,1396770,1705772350.0,0,"{'type': 'open.spotify.com', 'oembed': {'provider_url': 'https://spotify.com', 'description': 'Disco Gems · Playlist · 2601 songs · 525 likes', 'title': 'Disco Gems', 'type': 'rich', 'thumbnail_width': 246, 'height': 352, 'width': 456, 'html': '&lt;iframe class=""embedly-embed"" src=""https://cdn.embedly.com/widgets/media.html?src=https%3A%2F%2Fopen.spotify.com%2Fembed%2Fplaylist%2F5UoHPbb64qwGNjYRGwgpK9%3Futm_source%3Doembed&amp;display_name=Spotify&amp;url=https%3A%2F%2Fopen.spotify.com%2Fplaylist%2F5UoHPbb64qwGNjYRGwgpK9&amp;image=https%3A%2F%2Fi.scdn.co%2Fimage%2Fab67706c0000da846a84bb3cddf915e587487135&amp;key=2aa3c4d5f3de4f5b9120b660ad850dc9&amp;type=text%2Fhtml&amp;schema=spotify"" width=""456"" height=""352"" scrolling=""no"" title=""Spotify embed"" frameborder=""0"" allow=""autoplay; fullscreen; encrypted-media; picture-in-picture;"" allowfullscreen=""true""&gt;&lt;/iframe&gt;', 'version': '1.0', 'provider_name': 'Spotify', 'thumbnail_url': 'https://i.scdn.co/image/ab67706c0000da846a84bb3cddf915e587487135', 'thumbnail_height': 246}}",False,https://open.spotify.com/playlist/5UoHPbb64qwGNjYRGwgpK9?si=7a743fc7b81240c5,,,
,spotify,,t2_7wogl,False,,0,False,Graham's Party Mix by Graham Kristensen,[],r/spotify,False,6,,0,,,False,,t3_19bm1ax,False,dark,1.0,,1,0,"{'content': '&lt;iframe class=""embedly-embed"" src=""https://cdn.embedly.com/widgets/media.html?src=https%3A%2F%2Fopen.spotify.com%2Fembed%2Fplaylist%2F1BU02d8qg3DeXl7YQtE0qO%3Futm_source%3Doembed&amp;display_name=Spotify&amp;url=https%3A%2F%2Fopen.spotify.com%2Fplaylist%2F1BU02d8qg3DeXl7YQtE0qO&amp;image=https%3A%2F%2Fmosaic.scdn.co%2F300%2Fab67616d00001e0201866120db5f973e61e4e40cab67616d00001e0286f51d101637fd4dc59fc32aab67616d00001e02a64900d67d089e189f651d24ab67616d00001e02d52bfb90ee8dfeda8378b99b&amp;key=2aa3c4d5f3de4f5b9120b660ad850dc9&amp;type=text%2Fhtml&amp;schema=spotify"" width=""456"" height=""352"" scrolling=""no"" title=""Spotify embed"" frameborder=""0"" allow=""autoplay; fullscreen; encrypted-media; picture-in-picture;"" allowfullscreen=""true""&gt;&lt;/iframe&gt;', 'width': 456, 'scrolling': False, 'height': 352}",,,False,[],"{'type': 'open.spotify.com', 'oembed': {'provider_url': 'https://spotify.com', 'description': ""Graham's Party Mix · Playlist · 329 songs · 44 likes"", 'title': ""Graham's Party Mix"", 'type': 'rich', 'thumbnail_width': 300, 'height': 352, 'width': 456, 'html': '&lt;iframe class=""embedly-embed"" src=""https://cdn.embedly.com/widgets/media.html?src=https%3A%2F%2Fopen.spotify.com%2Fembed%2Fplaylist%2F1BU02d8qg3DeXl7YQtE0qO%3Futm_source%3Doembed&amp;display_name=Spotify&amp;url=https%3A%2F%2Fopen.spotify.com%2Fplaylist%2F1BU02d8qg3DeXl7YQtE0qO&amp;image=https%3A%2F%2Fmosaic.scdn.co%2F300%2Fab67616d00001e0201866120db5f973e61e4e40cab67616d00001e0286f51d101637fd4dc59fc32aab67616d00001e02a64900d67d089e189f651d24ab67616d00001e02d52bfb90ee8dfeda8378b99b&amp;key=2aa3c4d5f3de4f5b9120b660ad850dc9&amp;type=text%2Fhtml&amp;schema=spotify"" width=""456"" height=""352"" scrolling=""no"" title=""Spotify embed"" frameborder=""0"" allow=""autoplay; fullscreen; encrypted-media; picture-in-picture;"" allowfullscreen=""true""&gt;&lt;/iframe&gt;', 'version': '1.0', 'provider_name': 'Spotify', 'thumbnail_url': 'https://mosaic.scdn.co/300/ab67616d00001e0201866120db5f973e61e4e40cab67616d00001e0286f51d101637fd4dc59fc32aab67616d00001e02a64900d67d089e189f651d24ab67616d00001e02d52bfb90ee8dfeda8378b99b', 'thumbnail_height': 300}}",False,False,,"{'content': '&lt;iframe class=""embedly-embed"" src=""https://cdn.embedly.com/widgets/media.html?src=https%3A%2F%2Fopen.spotify.com%2Fembed%2Fplaylist%2F1BU02d8qg3DeXl7YQtE0qO%3Futm_source%3Doembed&amp;display_name=Spotify&amp;url=https%3A%2F%2Fopen.spotify.com%2Fplaylist%2F1BU02d8qg3DeXl7YQtE0qO&amp;image=https%3A%2F%2Fmosaic.scdn.co%2F300%2Fab67616d00001e0201866120db5f973e61e4e40cab67616d00001e0286f51d101637fd4dc59fc32aab67616d00001e02a64900d67d089e189f651d24ab67616d00001e02d52bfb90ee8dfeda8378b99b&amp;key=2aa3c4d5f3de4f5b9120b660ad850dc9&amp;type=text%2Fhtml&amp;schema=spotify"" width=""456"" height=""352"" scrolling=""no"" title=""Spotify embed"" frameborder=""0"" allow=""autoplay; fullscreen; encrypted-media; picture-in-picture;"" allowfullscreen=""true""&gt;&lt;/iframe&gt;', 'width': 456, 'scrolling': False, 'media_domain_url': 'https://www.redditmedia.com/mediaembed/19bm1ax', 'height': 352}","Playlist - Theme / Idea (Party, Beach, Study)",False,1,,False,False,,False,,[],{},,,False,public,1705785104.0,text,6,,,text,open.spotify.com,False,,,,,,False,False,False,False,False,,[],[],False,64fa8956-9fa3-11ea-ba10-0e669a062341,False,False,False,,[],False,,,,t5_2qofj,False,,,,#ffd635,19bm1ax,True,,trollingjabronidrive,,0,True,all_ads,False,[],False,,/r/spotify/comments/19bm1ax/grahams_party_mix_by_graham_kristensen/,all_ads,False,https://open.spotify.com/playlist/1BU02d8qg3DeXl7YQtE0qO?si=65c1509356f448e3,1396770,1705785104.0,0,"{'type': 'open.spotify.com', 'oembed': {'provider_url': 'https://spotify.com', 'description': ""Graham's Party Mix · Playlist · 329 songs · 44 likes"", 'title': ""Graham's Party Mix"", 'type': 'rich', 'thumbnail_width': 300, 'height': 352, 'width': 456, 'html': '&lt;iframe class=""embedly-embed"" src=""https://cdn.embedly.com/widgets/media.html?src=https%3A%2F%2Fopen.spotify.com%2Fembed%2Fplaylist%2F1BU02d8qg3DeXl7YQtE0qO%3Futm_source%3Doembed&amp;display_name=Spotify&amp;url=https%3A%2F%2Fopen.spotify.com%2Fplaylist%2F1BU02d8qg3DeXl7YQtE0qO&amp;image=https%3A%2F%2Fmosaic.scdn.co%2F300%2Fab67616d00001e0201866120db5f973e61e4e40cab67616d00001e0286f51d101637fd4dc59fc32aab67616d00001e02a64900d67d089e189f651d24ab67616d00001e02d52bfb90ee8dfeda8378b99b&amp;key=2aa3c4d5f3de4f5b9120b660ad850dc9&amp;type=text%2Fhtml&amp;schema=spotify"" width=""456"" height=""352"" scrolling=""no"" title=""Spotify embed"" frameborder=""0"" allow=""autoplay; fullscreen; encrypted-media; picture-in-picture;"" allowfullscreen=""true""&gt;&lt;/iframe&gt;', 'version': '1.0', 'provider_name': 'Spotify', 'thumbnail_url': 'https://mosaic.scdn.co/300/ab67616d00001e0201866120db5f973e61e4e40cab67616d00001e0286f51d101637fd4dc59fc32aab67616d00001e02a64900d67d089e189f651d24ab67616d00001e02d52bfb90ee8dfeda8378b99b', 'thumbnail_height': 300}}",False,https://open.spotify.com/playlist/1BU02d8qg3DeXl7YQtE0qO?si=65c1509356f448e3,,,
,spotify,,t2_a9mpopt,False,,0,False,indie for drinking wine and feeling fine,[],r/spotify,False,6,,0,,,False,,t3_19bfn0l,False,dark,1.0,,2,0,"{'content': '&lt;iframe class=""embedly-embed"" src=""https://cdn.embedly.com/widgets/media.html?src=https%3A%2F%2Fopen.spotify.com%2Fembed%2Fplaylist%2F7t1EW8KIj1OtHybwaYTeHk%3Futm_source%3Doembed&amp;display_name=Spotify&amp;url=https%3A%2F%2Fopen.spotify.com%2Fplaylist%2F7t1EW8KIj1OtHybwaYTeHk&amp;image=https%3A%2F%2Fi.scdn.co%2Fimage%2Fab67706c0000da844e67b5efc22b49f141a6cb86&amp;key=2aa3c4d5f3de4f5b9120b660ad850dc9&amp;type=text%2Fhtml&amp;schema=spotify"" width=""456"" height=""352"" scrolling=""no"" title=""Spotify embed"" frameborder=""0"" allow=""autoplay; fullscreen; encrypted-media; picture-in-picture;"" allowfullscreen=""true""&gt;&lt;/iframe&gt;', 'width': 456, 'scrolling': False, 'height': 352}",,,False,[],"{'type': 'open.spotify.com', 'oembed': {'provider_url': 'https://spotify.com', 'version': '1.0', 'title': 'Indie Friends Aesthetic', 'thumbnail_width': 299, 'height': 352, 'width': 456, 'html': '&lt;iframe class=""embedly-embed"" src=""https://cdn.embedly.com/widgets/media.html?src=https%3A%2F%2Fopen.spotify.com%2Fembed%2Fplaylist%2F7t1EW8KIj1OtHybwaYTeHk%3Futm_source%3Doembed&amp;display_name=Spotify&amp;url=https%3A%2F%2Fopen.spotify.com%2Fplaylist%2F7t1EW8KIj1OtHybwaYTeHk&amp;image=https%3A%2F%2Fi.scdn.co%2Fimage%2Fab67706c0000da844e67b5efc22b49f141a6cb86&amp;key=2aa3c4d5f3de4f5b9120b660ad850dc9&amp;type=text%2Fhtml&amp;schema=spotify"" width=""456"" height=""352"" scrolling=""no"" title=""Spotify embed"" frameborder=""0"" allow=""autoplay; fullscreen; encrypted-media; picture-in-picture;"" allowfullscreen=""true""&gt;&lt;/iframe&gt;', 'provider_name': 'Spotify', 'thumbnail_url': 'https://i.scdn.co/image/ab67706c0000da844e67b5efc22b49f141a6cb86', 'type': 'rich', 'thumbnail_height': 300}}",False,False,,"{'content': '&lt;iframe class=""embedly-embed"" src=""https://cdn.embedly.com/widgets/media.html?src=https%3A%2F%2Fopen.spotify.com%2Fembed%2Fplaylist%2F7t1EW8KIj1OtHybwaYTeHk%3Futm_source%3Doembed&amp;display_name=Spotify&amp;url=https%3A%2F%2Fopen.spotify.com%2Fplaylist%2F7t1EW8KIj1OtHybwaYTeHk&amp;image=https%3A%2F%2Fi.scdn.co%2Fimage%2Fab67706c0000da844e67b5efc22b49f141a6cb86&amp;key=2aa3c4d5f3de4f5b9120b660ad850dc9&amp;type=text%2Fhtml&amp;schema=spotify"" width=""456"" height=""352"" scrolling=""no"" title=""Spotify embed"" frameborder=""0"" allow=""autoplay; fullscreen; encrypted-media; picture-in-picture;"" allowfullscreen=""true""&gt;&lt;/iframe&gt;', 'width': 456, 'scrolling': False, 'media_domain_url': 'https://www.redditmedia.com/mediaembed/19bfn0l', 'height': 352}","Playlist - Mood/Feeling (Chill, Lofi, Uplifting)",False,2,,False,False,,False,,[],{},,,False,public,1705768399.0,text,6,,,text,open.spotify.com,False,,,,,,False,False,False,False,False,,[],[],False,ede46e42-9fa0-11ea-8c94-0e70d5715363,False,False,False,,[],False,,,,t5_2qofj,False,,,,#c300c1,19bfn0l,True,,alwaysbloom1,,0,True,all_ads,False,[],False,,/r/spotify/comments/19bfn0l/indie_for_drinking_wine_and_feeling_fine/,all_ads,False,https://open.spotify.com/playlist/7t1EW8KIj1OtHybwaYTeHk,1396770,1705768399.0,0,"{'type': 'open.spotify.com', 'oembed': {'provider_url': 'https://spotify.com', 'version': '1.0', 'title': 'Indie Friends Aesthetic', 'thumbnail_width': 299, 'height': 352, 'width': 456, 'html': '&lt;iframe class=""embedly-embed"" src=""https://cdn.embedly.com/widgets/media.html?src=https%3A%2F%2Fopen.spotify.com%2Fembed%2Fplaylist%2F7t1EW8KIj1OtHybwaYTeHk%3Futm_source%3Doembed&amp;display_name=Spotify&amp;url=https%3A%2F%2Fopen.spotify.com%2Fplaylist%2F7t1EW8KIj1OtHybwaYTeHk&amp;image=https%3A%2F%2Fi.scdn.co%2Fimage%2Fab67706c0000da844e67b5efc22b49f141a6cb86&amp;key=2aa3c4d5f3de4f5b9120b660ad850dc9&amp;type=text%2Fhtml&amp;schema=spotify"" width=""456"" height=""352"" scrolling=""no"" title=""Spotify embed"" frameborder=""0"" allow=""autoplay; fullscreen; encrypted-media; picture-in-picture;"" allowfullscreen=""true""&gt;&lt;/iframe&gt;', 'provider_name': 'Spotify', 'thumbnail_url': 'https://i.scdn.co/image/ab67706c0000da844e67b5efc22b49f141a6cb86', 'type': 'rich', 'thumbnail_height': 300}}",False,https://open.spotify.com/playlist/7t1EW8KIj1OtHybwaYTeHk,,,
,spotify,,t2_1yit2rli,False,,0,False,DEVIL MUSIC: Songs About Satan (all genres),[],r/spotify,False,6,,0,,,False,,t3_19bfhpm,False,dark,0.75,,2,0,"{'content': '&lt;iframe class=""embedly-embed"" src=""https://cdn.embedly.com/widgets/media.html?src=https%3A%2F%2Fopen.spotify.com%2Fembed%2Fplaylist%2F0Th9vGuUqHpe2giBpo2aZN%3Futm_source%3Doembed&amp;display_name=Spotify&amp;url=https%3A%2F%2Fopen.spotify.com%2Fplaylist%2F0Th9vGuUqHpe2giBpo2aZN&amp;image=https%3A%2F%2Fi.scdn.co%2Fimage%2Fab67706c0000da84424ed41f1f05d7580d0fd508&amp;key=2aa3c4d5f3de4f5b9120b660ad850dc9&amp;type=text%2Fhtml&amp;schema=spotify"" width=""456"" height=""352"" scrolling=""no"" title=""Spotify embed"" frameborder=""0"" allow=""autoplay; fullscreen; encrypted-media; picture-in-picture;"" allowfullscreen=""true""&gt;&lt;/iframe&gt;', 'width': 456, 'scrolling': False, 'height': 352}",,,False,[],"{'type': 'open.spotify.com', 'oembed': {'provider_url': 'https://spotify.com', 'description': 'DEVIL MUSIC: Songs About Satan · Playlist · 248 songs · 902 likes', 'title': 'DEVIL MUSIC: Songs About Satan', 'type': 'rich', 'thumbnail_width': 300, 'height': 352, 'width': 456, 'html': '&lt;iframe class=""embedly-embed"" src=""https://cdn.embedly.com/widgets/media.html?src=https%3A%2F%2Fopen.spotify.com%2Fembed%2Fplaylist%2F0Th9vGuUqHpe2giBpo2aZN%3Futm_source%3Doembed&amp;display_name=Spotify&amp;url=https%3A%2F%2Fopen.spotify.com%2Fplaylist%2F0Th9vGuUqHpe2giBpo2aZN&amp;image=https%3A%2F%2Fi.scdn.co%2Fimage%2Fab67706c0000da84424ed41f1f05d7580d0fd508&amp;key=2aa3c4d5f3de4f5b9120b660ad850dc9&amp;type=text%2Fhtml&amp;schema=spotify"" width=""456"" height=""352"" scrolling=""no"" title=""Spotify embed"" frameborder=""0"" allow=""autoplay; fullscreen; encrypted-media; picture-in-picture;"" allowfullscreen=""true""&gt;&lt;/iframe&gt;', 'version': '1.0', 'provider_name': 'Spotify', 'thumbnail_url': 'https://i.scdn.co/image/ab67706c0000da84424ed41f1f05d7580d0fd508', 'thumbnail_height': 300}}",False,False,,"{'content': '&lt;iframe class=""embedly-embed"" src=""https://cdn.embedly.com/widgets/media.html?src=https%3A%2F%2Fopen.spotify.com%2Fembed%2Fplaylist%2F0Th9vGuUqHpe2giBpo2aZN%3Futm_source%3Doembed&amp;display_name=Spotify&amp;url=https%3A%2F%2Fopen.spotify.com%2Fplaylist%2F0Th9vGuUqHpe2giBpo2aZN&amp;image=https%3A%2F%2Fi.scdn.co%2Fimage%2Fab67706c0000da84424ed41f1f05d7580d0fd508&amp;key=2aa3c4d5f3de4f5b9120b660ad850dc9&amp;type=text%2Fhtml&amp;schema=spotify"" width=""456"" height=""352"" scrolling=""no"" title=""Spotify embed"" frameborder=""0"" allow=""autoplay; fullscreen; encrypted-media; picture-in-picture;"" allowfullscreen=""true""&gt;&lt;/iframe&gt;', 'width': 456, 'scrolling': False, 'media_domain_url': 'https://www.redditmedia.com/mediaembed/19bfhpm', 'height': 352}","Playlist - Theme / Idea (Party, Beach, Study)",False,2,,False,False,,False,,[],{},,,False,public,1705768008.0,text,6,,,text,open.spotify.com,False,,,,,,False,False,False,False,False,,[],[],False,64fa8956-9fa3-11ea-ba10-0e669a062341,False,False,False,,[],False,,,,t5_2qofj,False,,,,#ffd635,19bfhpm,True,,Cult_of_Cornette,,1,True,all_ads,False,[],False,,/r/spotify/comments/19bfhpm/devil_music_songs_about_satan_all_genres/,all_ads,False,https://open.spotify.com/playlist/0Th9vGuUqHpe2giBpo2aZN?si=cd778b25572e4c2e,1396770,1705768008.0,0,"{'type': 'open.spotify.com', 'oembed': {'provider_url': 'https://spotify.com', 'description': 'DEVIL MUSIC: Songs About Satan · Playlist · 248 songs · 902 likes', 'title': 'DEVIL MUSIC: Songs About Satan', 'type': 'rich', 'thumbnail_width': 300, 'height': 352, 'width': 456, 'html': '&lt;iframe class=""embedly-embed"" src=""https://cdn.embedly.com/widgets/media.html?src=https%3A%2F%2Fopen.spotify.com%2Fembed%2Fplaylist%2F0Th9vGuUqHpe2giBpo2aZN%3Futm_source%3Doembed&amp;display_name=Spotify&amp;url=https%3A%2F%2Fopen.spotify.com%2Fplaylist%2F0Th9vGuUqHpe2giBpo2aZN&amp;image=https%3A%2F%2Fi.scdn.co%2Fimage%2Fab67706c0000da84424ed41f1f05d7580d0fd508&amp;key=2aa3c4d5f3de4f5b9120b660ad850dc9&amp;type=text%2Fhtml&amp;schema=spotify"" width=""456"" height=""352"" scrolling=""no"" title=""Spotify embed"" frameborder=""0"" allow=""autoplay; fullscreen; encrypted-media; picture-in-picture;"" allowfullscreen=""true""&gt;&lt;/iframe&gt;', 'version': '1.0', 'provider_name': 'Spotify', 'thumbnail_url': 'https://i.scdn.co/image/ab67706c0000da84424ed41f1f05d7580d0fd508', 'thumbnail_height': 300}}",False,https://open.spotify.com/playlist/0Th9vGuUqHpe2giBpo2aZN?si=cd778b25572e4c2e,,,
,spotify,,t2_6lvlk,False,,0,False,Stoner Rock Classics,[],r/spotify,False,6,,0,,,False,,t3_19bbwej,False,dark,1.0,,3,0,"{'content': '&lt;iframe class=""embedly-embed"" src=""https://cdn.embedly.com/widgets/media.html?src=https%3A%2F%2Fopen.spotify.com%2Fembed%2Fplaylist%2F4Mp264aLIrErpZSpblBF2O%3Futm_source%3Doembed&amp;display_name=Spotify&amp;url=https%3A%2F%2Fopen.spotify.com%2Fplaylist%2F4Mp264aLIrErpZSpblBF2O&amp;image=https%3A%2F%2Fi.scdn.co%2Fimage%2Fab67706c0000da84eae850f15d4a2065c73b8adf&amp;key=2aa3c4d5f3de4f5b9120b660ad850dc9&amp;type=text%2Fhtml&amp;schema=spotify"" width=""456"" height=""352"" scrolling=""no"" title=""Spotify embed"" frameborder=""0"" allow=""autoplay; fullscreen; encrypted-media; picture-in-picture;"" allowfullscreen=""true""&gt;&lt;/iframe&gt;', 'width': 456, 'scrolling': False, 'height': 352}",,,False,[],"{'type': 'open.spotify.com', 'oembed': {'provider_url': 'https://spotify.com', 'description': 'Stoner Rock Classics · Playlist · 253 songs · 1.7K likes', 'title': 'Stoner Rock Classics', 'type': 'rich', 'thumbnail_width': 298, 'height': 352, 'width': 456, 'html': '&lt;iframe class=""embedly-embed"" src=""https://cdn.embedly.com/widgets/media.html?src=https%3A%2F%2Fopen.spotify.com%2Fembed%2Fplaylist%2F4Mp264aLIrErpZSpblBF2O%3Futm_source%3Doembed&amp;display_name=Spotify&amp;url=https%3A%2F%2Fopen.spotify.com%2Fplaylist%2F4Mp264aLIrErpZSpblBF2O&amp;image=https%3A%2F%2Fi.scdn.co%2Fimage%2Fab67706c0000da84eae850f15d4a2065c73b8adf&amp;key=2aa3c4d5f3de4f5b9120b660ad850dc9&amp;type=text%2Fhtml&amp;schema=spotify"" width=""456"" height=""352"" scrolling=""no"" title=""Spotify embed"" frameborder=""0"" allow=""autoplay; fullscreen; encrypted-media; picture-in-picture;"" allowfullscreen=""true""&gt;&lt;/iframe&gt;', 'version': '1.0', 'provider_name': 'Spotify', 'thumbnail_url': 'https://i.scdn.co/image/ab67706c0000da84eae850f15d4a2065c73b8adf', 'thumbnail_height': 300}}",False,False,,"{'content': '&lt;iframe class=""embedly-embed"" src=""https://cdn.embedly.com/widgets/media.html?src=https%3A%2F%2Fopen.spotify.com%2Fembed%2Fplaylist%2F4Mp264aLIrErpZSpblBF2O%3Futm_source%3Doembed&amp;display_name=Spotify&amp;url=https%3A%2F%2Fopen.spotify.com%2Fplaylist%2F4Mp264aLIrErpZSpblBF2O&amp;image=https%3A%2F%2Fi.scdn.co%2Fimage%2Fab67706c0000da84eae850f15d4a2065c73b8adf&amp;key=2aa3c4d5f3de4f5b9120b660ad850dc9&amp;type=text%2Fhtml&amp;schema=spotify"" width=""456"" height=""352"" scrolling=""no"" title=""Spotify embed"" frameborder=""0"" allow=""autoplay; fullscreen; encrypted-media; picture-in-picture;"" allowfullscreen=""true""&gt;&lt;/iframe&gt;', 'width': 456, 'scrolling': False, 'media_domain_url': 'https://www.redditmedia.com/mediaembed/19bbwej', 'height': 352}",Playlist - Rock/Metal/Indie/Alt,False,3,,False,False,,False,,[],{},,,False,public,1705757707.0,text,6,,,text,open.spotify.com,False,,,,,,False,False,False,False,False,,[],[],False,d0dbfc3e-9fa0-11ea-9b6c-0e248f77e35b,False,False,False,,[],False,,,,t5_2qofj,False,,,,#fb8f1b,19bbwej,True,,17Pyramids,,0,True,all_ads,False,[],False,,/r/spotify/comments/19bbwej/stoner_rock_classics/,all_ads,False,https://open.spotify.com/playlist/4Mp264aLIrErpZSpblBF2O?si=BgHrnIKvTDi12MCKgr0c4g,1396770,1705757707.0,0,"{'type': 'open.spotify.com', 'oembed': {'provider_url': 'https://spotify.com', 'description': 'Stoner Rock Classics · Playlist · 253 songs · 1.7K likes', 'title': 'Stoner Rock Classics', 'type': 'rich', 'thumbnail_width': 298, 'height': 352, 'width': 456, 'html': '&lt;iframe class=""embedly-embed"" src=""https://cdn.embedly.com/widgets/media.html?src=https%3A%2F%2Fopen.spotify.com%2Fembed%2Fplaylist%2F4Mp264aLIrErpZSpblBF2O%3Futm_source%3Doembed&amp;display_name=Spotify&amp;url=https%3A%2F%2Fopen.spotify.com%2Fplaylist%2F4Mp264aLIrErpZSpblBF2O&amp;image=https%3A%2F%2Fi.scdn.co%2Fimage%2Fab67706c0000da84eae850f15d4a2065c73b8adf&amp;key=2aa3c4d5f3de4f5b9120b660ad850dc9&amp;type=text%2Fhtml&amp;schema=spotify"" width=""456"" height=""352"" scrolling=""no"" title=""Spotify embed"" frameborder=""0"" allow=""autoplay; fullscreen; encrypted-media; picture-in-picture;"" allowfullscreen=""true""&gt;&lt;/iframe&gt;', 'version': '1.0', 'provider_name': 'Spotify', 'thumbnail_url': 'https://i.scdn.co/image/ab67706c0000da84eae850f15d4a2065c73b8adf', 'thumbnail_height': 300}}",False,https://open.spotify.com/playlist/4Mp264aLIrErpZSpblBF2O?si=BgHrnIKvTDi12MCKgr0c4g,,,
,spotify,"https://open.spotify.com/album/2Burb4Rwjc5418XOz5z68H?si=fj758zr_TK-zjoRj2hj3BQ

This is my 14-year old son’s newest album! I hope you like it!",t2_5bbfvza6,False,,0,False,Simpler Complex - Twigland,[],r/spotify,False,6,self,0,,,False,,t3_19bjj1v,False,light,1.0,,1,0,{},,,False,[],,False,False,,{},Self Promo,False,1,,False,False,,False,,[],{},,,True,public,1705778538.0,text,6,,,text,self.spotify,False,"&lt;!-- SC_OFF --&gt;&lt;div class=""md""&gt;&lt;p&gt;&lt;a href=""https://open.spotify.com/album/2Burb4Rwjc5418XOz5z68H?si=fj758zr_TK-zjoRj2hj3BQ""&gt;https://open.spotify.com/album/2Burb4Rwjc5418XOz5z68H?si=fj758zr_TK-zjoRj2hj3BQ&lt;/a&gt;&lt;/p&gt;

&lt;p&gt;This is my 14-year old son’s newest album! I hope you like it!&lt;/p&gt;
&lt;/div&gt;&lt;!-- SC_ON --&gt;",,,,,False,False,False,False,False,,[],[],False,43904320-99e4-11e9-a9e9-0ebb5d1e6d72,False,False,False,,[],False,,,,t5_2qofj,False,,,,,19bjj1v,True,,relaytech907,,0,True,all_ads,False,[],False,,/r/spotify/comments/19bjj1v/simpler_complex_twigland/,all_ads,False,https://www.reddit.com/r/spotify/comments/19bjj1v/simpler_complex_twigland/,1396770,1705778538.0,0,,False,,,,
,spotify,,t2_53883501,False,,0,False,I love the 80s - The essential throwback to music's greatest era (pop),[],r/spotify,False,6,,0,,,False,,t3_19bcopa,False,dark,1.0,,2,0,"{'content': '&lt;iframe class=""embedly-embed"" src=""https://cdn.embedly.com/widgets/media.html?src=https%3A%2F%2Fopen.spotify.com%2Fembed%2Fplaylist%2F6LKTzXCK9HitgHWKyhGjRz%3Futm_source%3Doembed&amp;display_name=Spotify&amp;url=https%3A%2F%2Fopen.spotify.com%2Fplaylist%2F6LKTzXCK9HitgHWKyhGjRz&amp;image=https%3A%2F%2Fi.scdn.co%2Fimage%2Fab67706c0000da8463baab00f6625d6b2c145c3e&amp;key=2aa3c4d5f3de4f5b9120b660ad850dc9&amp;type=text%2Fhtml&amp;schema=spotify"" width=""456"" height=""352"" scrolling=""no"" title=""Spotify embed"" frameborder=""0"" allow=""autoplay; fullscreen; encrypted-media; picture-in-picture;"" allowfullscreen=""true""&gt;&lt;/iframe&gt;', 'width': 456, 'scrolling': False, 'height': 352}",,,False,[],"{'type': 'open.spotify.com', 'oembed': {'provider_url': 'https://spotify.com', 'description': 'I love the 80s · Playlist · 180 songs · 17 likes', 'title': 'I love the 80s', 'type': 'rich', 'thumbnail_width': 300, 'height': 352, 'width': 456, 'html': '&lt;iframe class=""embedly-embed"" src=""https://cdn.embedly.com/widgets/media.html?src=https%3A%2F%2Fopen.spotify.com%2Fembed%2Fplaylist%2F6LKTzXCK9HitgHWKyhGjRz%3Futm_source%3Doembed&amp;display_name=Spotify&amp;url=https%3A%2F%2Fopen.spotify.com%2Fplaylist%2F6LKTzXCK9HitgHWKyhGjRz&amp;image=https%3A%2F%2Fi.scdn.co%2Fimage%2Fab67706c0000da8463baab00f6625d6b2c145c3e&amp;key=2aa3c4d5f3de4f5b9120b660ad850dc9&amp;type=text%2Fhtml&amp;schema=spotify"" width=""456"" height=""352"" scrolling=""no"" title=""Spotify embed"" frameborder=""0"" allow=""autoplay; fullscreen; encrypted-media; picture-in-picture;"" allowfullscreen=""true""&gt;&lt;/iframe&gt;', 'version': '1.0', 'provider_name': 'Spotify', 'thumbnail_url': 'https://i.scdn.co/image/ab67706c0000da8463baab00f6625d6b2c145c3e', 'thumbnail_height': 300}}",False,False,,"{'content': '&lt;iframe class=""embedly-embed"" src=""https://cdn.embedly.com/widgets/media.html?src=https%3A%2F%2Fopen.spotify.com%2Fembed%2Fplaylist%2F6LKTzXCK9HitgHWKyhGjRz%3Futm_source%3Doembed&amp;display_name=Spotify&amp;url=https%3A%2F%2Fopen.spotify.com%2Fplaylist%2F6LKTzXCK9HitgHWKyhGjRz&amp;image=https%3A%2F%2Fi.scdn.co%2Fimage%2Fab67706c0000da8463baab00f6625d6b2c145c3e&amp;key=2aa3c4d5f3de4f5b9120b660ad850dc9&amp;type=text%2Fhtml&amp;schema=spotify"" width=""456"" height=""352"" scrolling=""no"" title=""Spotify embed"" frameborder=""0"" allow=""autoplay; fullscreen; encrypted-media; picture-in-picture;"" allowfullscreen=""true""&gt;&lt;/iframe&gt;', 'width': 456, 'scrolling': False, 'media_domain_url': 'https://www.redditmedia.com/mediaembed/19bcopa', 'height': 352}",Playlist - Throwback/Flashback/Decades,False,2,,False,False,,False,,[],{},,,False,public,1705760171.0,text,6,,,text,open.spotify.com,False,,,,,,False,False,False,False,False,,[],[],False,8f93ff06-9fa5-11ea-8fd9-0e846d182559,False,False,False,,[],False,,,,t5_2qofj,False,,,,#ab672f,19bcopa,True,,jmcarlos27,,0,True,all_ads,False,[],False,,/r/spotify/comments/19bcopa/i_love_the_80s_the_essential_throwback_to_musics/,all_ads,False,https://open.spotify.com/playlist/6LKTzXCK9HitgHWKyhGjRz?si=-EKFgDRLTPqAl7r2OQKdSA,1396770,1705760171.0,0,"{'type': 'open.spotify.com', 'oembed': {'provider_url': 'https://spotify.com', 'description': 'I love the 80s · Playlist · 180 songs · 17 likes', 'title': 'I love the 80s', 'type': 'rich', 'thumbnail_width': 300, 'height': 352, 'width': 456, 'html': '&lt;iframe class=""embedly-embed"" src=""https://cdn.embedly.com/widgets/media.html?src=https%3A%2F%2Fopen.spotify.com%2Fembed%2Fplaylist%2F6LKTzXCK9HitgHWKyhGjRz%3Futm_source%3Doembed&amp;display_name=Spotify&amp;url=https%3A%2F%2Fopen.spotify.com%2Fplaylist%2F6LKTzXCK9HitgHWKyhGjRz&amp;image=https%3A%2F%2Fi.scdn.co%2Fimage%2Fab67706c0000da8463baab00f6625d6b2c145c3e&amp;key=2aa3c4d5f3de4f5b9120b660ad850dc9&amp;type=text%2Fhtml&amp;schema=spotify"" width=""456"" height=""352"" scrolling=""no"" title=""Spotify embed"" frameborder=""0"" allow=""autoplay; fullscreen; encrypted-media; picture-in-picture;"" allowfullscreen=""true""&gt;&lt;/iframe&gt;', 'version': '1.0', 'provider_name': 'Spotify', 'thumbnail_url': 'https://i.scdn.co/image/ab67706c0000da8463baab00f6625d6b2c145c3e', 'thumbnail_height': 300}}",False,https://open.spotify.com/playlist/6LKTzXCK9HitgHWKyhGjRz?si=-EKFgDRLTPqAl7r2OQKdSA,,,
,spotify,,t2_5l2fvgtgq,False,,0,False,Spaghetti Western Soundtracks • 60s 70s,[],r/spotify,False,6,,0,,,False,,t3_19bhm6m,False,dark,1.0,,1,0,"{'content': '&lt;iframe class=""embedly-embed"" src=""https://cdn.embedly.com/widgets/media.html?src=https%3A%2F%2Fopen.spotify.com%2Fembed%2Fplaylist%2F3x2Bgj80HmBRloVG1cD5HM%3Futm_source%3Doembed&amp;display_name=Spotify&amp;url=https%3A%2F%2Fopen.spotify.com%2Fplaylist%2F3x2Bgj80HmBRloVG1cD5HM&amp;image=https%3A%2F%2Fi.scdn.co%2Fimage%2Fab67706c0000da84a0e2ac69e2ea004995826a50&amp;key=2aa3c4d5f3de4f5b9120b660ad850dc9&amp;type=text%2Fhtml&amp;schema=spotify"" width=""456"" height=""352"" scrolling=""no"" title=""Spotify embed"" frameborder=""0"" allow=""autoplay; fullscreen; encrypted-media; picture-in-picture;"" allowfullscreen=""true""&gt;&lt;/iframe&gt;', 'width': 456, 'scrolling': False, 'height': 352}",,,False,[],"{'type': 'open.spotify.com', 'oembed': {'provider_url': 'https://spotify.com', 'description': 'Spaghetti Western Soundtracks * 60s 70s · Playlist · 111 songs · 1 likes', 'title': '* Spaghetti Western Soundtracks * 60s 70s', 'type': 'rich', 'thumbnail_width': 300, 'height': 352, 'width': 456, 'html': '&lt;iframe class=""embedly-embed"" src=""https://cdn.embedly.com/widgets/media.html?src=https%3A%2F%2Fopen.spotify.com%2Fembed%2Fplaylist%2F3x2Bgj80HmBRloVG1cD5HM%3Futm_source%3Doembed&amp;display_name=Spotify&amp;url=https%3A%2F%2Fopen.spotify.com%2Fplaylist%2F3x2Bgj80HmBRloVG1cD5HM&amp;image=https%3A%2F%2Fi.scdn.co%2Fimage%2Fab67706c0000da84a0e2ac69e2ea004995826a50&amp;key=2aa3c4d5f3de4f5b9120b660ad850dc9&amp;type=text%2Fhtml&amp;schema=spotify"" width=""456"" height=""352"" scrolling=""no"" title=""Spotify embed"" frameborder=""0"" allow=""autoplay; fullscreen; encrypted-media; picture-in-picture;"" allowfullscreen=""true""&gt;&lt;/iframe&gt;', 'version': '1.0', 'provider_name': 'Spotify', 'thumbnail_url': 'https://i.scdn.co/image/ab67706c0000da84a0e2ac69e2ea004995826a50', 'thumbnail_height': 300}}",False,False,,"{'content': '&lt;iframe class=""embedly-embed"" src=""https://cdn.embedly.com/widgets/media.html?src=https%3A%2F%2Fopen.spotify.com%2Fembed%2Fplaylist%2F3x2Bgj80HmBRloVG1cD5HM%3Futm_source%3Doembed&amp;display_name=Spotify&amp;url=https%3A%2F%2Fopen.spotify.com%2Fplaylist%2F3x2Bgj80HmBRloVG1cD5HM&amp;image=https%3A%2F%2Fi.scdn.co%2Fimage%2Fab67706c0000da84a0e2ac69e2ea004995826a50&amp;key=2aa3c4d5f3de4f5b9120b660ad850dc9&amp;type=text%2Fhtml&amp;schema=spotify"" width=""456"" height=""352"" scrolling=""no"" title=""Spotify embed"" frameborder=""0"" allow=""autoplay; fullscreen; encrypted-media; picture-in-picture;"" allowfullscreen=""true""&gt;&lt;/iframe&gt;', 'width': 456, 'scrolling': False, 'media_domain_url': 'https://www.redditmedia.com/mediaembed/19bhm6m', 'height': 352}",Playlist - Throwback/Flashback/Decades,False,1,,False,False,,False,,[],{},,,False,public,1705773635.0,text,6,,,text,open.spotify.com,False,,,,,,False,False,False,False,False,,[],[],False,8f93ff06-9fa5-11ea-8fd9-0e846d182559,False,False,False,,[],False,,,,t5_2qofj,False,,,,#ab672f,19bhm6m,True,,Vinyl_Grooves,,0,True,all_ads,False,[],False,,/r/spotify/comments/19bhm6m/spaghetti_western_soundtracks_60s_70s/,all_ads,False,https://open.spotify.com/playlist/3x2Bgj80HmBRloVG1cD5HM?si=kn91T_LLQiG1Q1e4mv332A&amp;pi=e-919IfIpiSxeJ,1396770,1705773635.0,0,"{'type': 'open.spotify.com', 'oembed': {'provider_url': 'https://spotify.com', 'description': 'Spaghetti Western Soundtracks * 60s 70s · Playlist · 111 songs · 1 likes', 'title': '* Spaghetti Western Soundtracks * 60s 70s', 'type': 'rich', 'thumbnail_width': 300, 'height': 352, 'width': 456, 'html': '&lt;iframe class=""embedly-embed"" src=""https://cdn.embedly.com/widgets/media.html?src=https%3A%2F%2Fopen.spotify.com%2Fembed%2Fplaylist%2F3x2Bgj80HmBRloVG1cD5HM%3Futm_source%3Doembed&amp;display_name=Spotify&amp;url=https%3A%2F%2Fopen.spotify.com%2Fplaylist%2F3x2Bgj80HmBRloVG1cD5HM&amp;image=https%3A%2F%2Fi.scdn.co%2Fimage%2Fab67706c0000da84a0e2ac69e2ea004995826a50&amp;key=2aa3c4d5f3de4f5b9120b660ad850dc9&amp;type=text%2Fhtml&amp;schema=spotify"" width=""456"" height=""352"" scrolling=""no"" title=""Spotify embed"" frameborder=""0"" allow=""autoplay; fullscreen; encrypted-media; picture-in-picture;"" allowfullscreen=""true""&gt;&lt;/iframe&gt;', 'version': '1.0', 'provider_name': 'Spotify', 'thumbnail_url': 'https://i.scdn.co/image/ab67706c0000da84a0e2ac69e2ea004995826a50', 'thumbnail_height': 300}}",False,https://open.spotify.com/playlist/3x2Bgj80HmBRloVG1cD5HM?si=kn91T_LLQiG1Q1e4mv332A&amp;pi=e-919IfIpiSxeJ,,,
,spotify,,t2_l0zpsoz70,False,,0,False,Bossa Nova Covers 2024,[],r/spotify,False,6,,0,,,False,,t3_19bgwzi,False,dark,1.0,,1,0,"{'content': '&lt;iframe class=""embedly-embed"" src=""https://cdn.embedly.com/widgets/media.html?src=https%3A%2F%2Fopen.spotify.com%2Fembed%2Fplaylist%2F3s3FL6RpxDe9yh2N1osyCV%3Futm_source%3Doembed&amp;display_name=Spotify&amp;url=https%3A%2F%2Fopen.spotify.com%2Fplaylist%2F3s3FL6RpxDe9yh2N1osyCV&amp;image=https%3A%2F%2Fi.scdn.co%2Fimage%2Fab67706c0000da84568336949557ff2c9f5e3dc4&amp;key=2aa3c4d5f3de4f5b9120b660ad850dc9&amp;type=text%2Fhtml&amp;schema=spotify"" width=""456"" height=""352"" scrolling=""no"" title=""Spotify embed"" frameborder=""0"" allow=""autoplay; fullscreen; encrypted-media; picture-in-picture;"" allowfullscreen=""true""&gt;&lt;/iframe&gt;', 'width': 456, 'scrolling': False, 'height': 352}",,,False,[],"{'type': 'open.spotify.com', 'oembed': {'provider_url': 'https://spotify.com', 'description': 'Bossa Nova Covers 2024 - Bossa Nova Lounge - Bossa Nova Covers of Popular Songs · Playlist · 225 songs · 843 likes', 'title': 'Bossa Nova Covers 2024 - Bossa Nova Lounge - Bossa Nova Covers of Popular Songs', 'type': 'rich', 'thumbnail_width': 300, 'height': 352, 'width': 456, 'html': '&lt;iframe class=""embedly-embed"" src=""https://cdn.embedly.com/widgets/media.html?src=https%3A%2F%2Fopen.spotify.com%2Fembed%2Fplaylist%2F3s3FL6RpxDe9yh2N1osyCV%3Futm_source%3Doembed&amp;display_name=Spotify&amp;url=https%3A%2F%2Fopen.spotify.com%2Fplaylist%2F3s3FL6RpxDe9yh2N1osyCV&amp;image=https%3A%2F%2Fi.scdn.co%2Fimage%2Fab67706c0000da84568336949557ff2c9f5e3dc4&amp;key=2aa3c4d5f3de4f5b9120b660ad850dc9&amp;type=text%2Fhtml&amp;schema=spotify"" width=""456"" height=""352"" scrolling=""no"" title=""Spotify embed"" frameborder=""0"" allow=""autoplay; fullscreen; encrypted-media; picture-in-picture;"" allowfullscreen=""true""&gt;&lt;/iframe&gt;', 'version': '1.0', 'provider_name': 'Spotify', 'thumbnail_url': 'https://i.scdn.co/image/ab67706c0000da84568336949557ff2c9f5e3dc4', 'thumbnail_height': 300}}",False,False,,"{'content': '&lt;iframe class=""embedly-embed"" src=""https://cdn.embedly.com/widgets/media.html?src=https%3A%2F%2Fopen.spotify.com%2Fembed%2Fplaylist%2F3s3FL6RpxDe9yh2N1osyCV%3Futm_source%3Doembed&amp;display_name=Spotify&amp;url=https%3A%2F%2Fopen.spotify.com%2Fplaylist%2F3s3FL6RpxDe9yh2N1osyCV&amp;image=https%3A%2F%2Fi.scdn.co%2Fimage%2Fab67706c0000da84568336949557ff2c9f5e3dc4&amp;key=2aa3c4d5f3de4f5b9120b660ad850dc9&amp;type=text%2Fhtml&amp;schema=spotify"" width=""456"" height=""352"" scrolling=""no"" title=""Spotify embed"" frameborder=""0"" allow=""autoplay; fullscreen; encrypted-media; picture-in-picture;"" allowfullscreen=""true""&gt;&lt;/iframe&gt;', 'width': 456, 'scrolling': False, 'media_domain_url': 'https://www.redditmedia.com/mediaembed/19bgwzi', 'height': 352}","Playlist - Theme / Idea (Party, Beach, Study)",False,1,,False,False,,False,,[],{},,,False,public,1705771788.0,text,6,,,text,open.spotify.com,False,,,,,,False,False,False,False,False,,[],[],False,64fa8956-9fa3-11ea-ba10-0e669a062341,False,False,False,,[],False,,,,t5_2qofj,False,,,,#ffd635,19bgwzi,True,,ArianaJasmineMusic,,0,True,all_ads,False,[],False,,/r/spotify/comments/19bgwzi/bossa_nova_covers_2024/,all_ads,False,https://open.spotify.com/playlist/3s3FL6RpxDe9yh2N1osyCV?si=2bc0d3eb1f2a4dc6,1396770,1705771788.0,0,"{'type': 'open.spotify.com', 'oembed': {'provider_url': 'https://spotify.com', 'description': 'Bossa Nova Covers 2024 - Bossa Nova Lounge - Bossa Nova Covers of Popular Songs · Playlist · 225 songs · 843 likes', 'title': 'Bossa Nova Covers 2024 - Bossa Nova Lounge - Bossa Nova Covers of Popular Songs', 'type': 'rich', 'thumbnail_width': 300, 'height': 352, 'width': 456, 'html': '&lt;iframe class=""embedly-embed"" src=""https://cdn.embedly.com/widgets/media.html?src=https%3A%2F%2Fopen.spotify.com%2Fembed%2Fplaylist%2F3s3FL6RpxDe9yh2N1osyCV%3Futm_source%3Doembed&amp;display_name=Spotify&amp;url=https%3A%2F%2Fopen.spotify.com%2Fplaylist%2F3s3FL6RpxDe9yh2N1osyCV&amp;image=https%3A%2F%2Fi.scdn.co%2Fimage%2Fab67706c0000da84568336949557ff2c9f5e3dc4&amp;key=2aa3c4d5f3de4f5b9120b660ad850dc9&amp;type=text%2Fhtml&amp;schema=spotify"" width=""456"" height=""352"" scrolling=""no"" title=""Spotify embed"" frameborder=""0"" allow=""autoplay; fullscreen; encrypted-media; picture-in-picture;"" allowfullscreen=""true""&gt;&lt;/iframe&gt;', 'version': '1.0', 'provider_name': 'Spotify', 'thumbnail_url': 'https://i.scdn.co/image/ab67706c0000da84568336949557ff2c9f5e3dc4', 'thumbnail_height': 300}}",False,https://open.spotify.com/playlist/3s3FL6RpxDe9yh2N1osyCV?si=2bc0d3eb1f2a4dc6,,,
,spotify,"Hi everyone,

&amp;#x200B;

I'm curious if anyone within this community knows any interesting stories about songs that have for one reason or another been taken down from Spotify? I've seen songs that've been put on my playlist in the past be removed so that I couldn't listen to them anymore. Does anyone know any infamous stories about specific songs, or even albums and back catalogues being removed from Spotify? 

&amp;#x200B;

Thanks in advance",t2_973imuyk,False,,0,False,Infamous Spotify Deleted Songs,[],r/spotify,False,6,question,0,,,False,,t3_19bbkzl,False,light,0.75,,2,0,{},,,False,[],,False,False,,{},Question / Discussion,False,2,,False,False,,False,,[],{},,,True,public,1705756694.0,text,6,,,text,self.spotify,False,"&lt;!-- SC_OFF --&gt;&lt;div class=""md""&gt;&lt;p&gt;Hi everyone,&lt;/p&gt;

&lt;p&gt;&amp;#x200B;&lt;/p&gt;

&lt;p&gt;I&amp;#39;m curious if anyone within this community knows any interesting stories about songs that have for one reason or another been taken down from Spotify? I&amp;#39;ve seen songs that&amp;#39;ve been put on my playlist in the past be removed so that I couldn&amp;#39;t listen to them anymore. Does anyone know any infamous stories about specific songs, or even albums and back catalogues being removed from Spotify? &lt;/p&gt;

&lt;p&gt;&amp;#x200B;&lt;/p&gt;

&lt;p&gt;Thanks in advance&lt;/p&gt;
&lt;/div&gt;&lt;!-- SC_ON --&gt;",,,,,False,False,False,False,False,,[],[],False,58828680-99e4-11e9-9cfc-0e6137c47742,False,False,False,,[],False,,,,t5_2qofj,False,,,,#d3d6da,19bbkzl,True,,DukeOfZade,,4,True,all_ads,False,[],False,,/r/spotify/comments/19bbkzl/infamous_spotify_deleted_songs/,all_ads,False,https://www.reddit.com/r/spotify/comments/19bbkzl/infamous_spotify_deleted_songs/,1396770,1705756694.0,0,,False,,,,
,spotify,,t2_a47cpbaf,False,,0,False,Dark Blues / Blues / Riffs / Country Blues,[],r/spotify,False,6,,0,,,False,,t3_19bfv3c,False,dark,1.0,,1,0,"{'content': '&lt;iframe class=""embedly-embed"" src=""https://cdn.embedly.com/widgets/media.html?src=https%3A%2F%2Fopen.spotify.com%2Fembed%2Fplaylist%2F6kvBjEu2EQQ3ED3BbUeIL1%3Futm_source%3Doembed&amp;display_name=Spotify&amp;url=https%3A%2F%2Fopen.spotify.com%2Fplaylist%2F6kvBjEu2EQQ3ED3BbUeIL1&amp;image=https%3A%2F%2Fi.scdn.co%2Fimage%2Fab67706c0000da8473c6056ca76c4b2f5025621f&amp;key=2aa3c4d5f3de4f5b9120b660ad850dc9&amp;type=text%2Fhtml&amp;schema=spotify"" width=""456"" height=""352"" scrolling=""no"" title=""Spotify embed"" frameborder=""0"" allow=""autoplay; fullscreen; encrypted-media; picture-in-picture;"" allowfullscreen=""true""&gt;&lt;/iframe&gt;', 'width': 456, 'scrolling': False, 'height': 352}",,,False,[],"{'type': 'open.spotify.com', 'oembed': {'provider_url': 'https://spotify.com', 'description': 'Dark Blues / Blues / Riffs / Country Blues · Playlist · 340 songs · 32 likes', 'title': 'Dark Blues / Blues / Riffs / Country Blues', 'type': 'rich', 'thumbnail_width': 300, 'height': 352, 'width': 456, 'html': '&lt;iframe class=""embedly-embed"" src=""https://cdn.embedly.com/widgets/media.html?src=https%3A%2F%2Fopen.spotify.com%2Fembed%2Fplaylist%2F6kvBjEu2EQQ3ED3BbUeIL1%3Futm_source%3Doembed&amp;display_name=Spotify&amp;url=https%3A%2F%2Fopen.spotify.com%2Fplaylist%2F6kvBjEu2EQQ3ED3BbUeIL1&amp;image=https%3A%2F%2Fi.scdn.co%2Fimage%2Fab67706c0000da8473c6056ca76c4b2f5025621f&amp;key=2aa3c4d5f3de4f5b9120b660ad850dc9&amp;type=text%2Fhtml&amp;schema=spotify"" width=""456"" height=""352"" scrolling=""no"" title=""Spotify embed"" frameborder=""0"" allow=""autoplay; fullscreen; encrypted-media; picture-in-picture;"" allowfullscreen=""true""&gt;&lt;/iframe&gt;', 'version': '1.0', 'provider_name': 'Spotify', 'thumbnail_url': 'https://i.scdn.co/image/ab67706c0000da8473c6056ca76c4b2f5025621f', 'thumbnail_height': 242}}",False,False,,"{'content': '&lt;iframe class=""embedly-embed"" src=""https://cdn.embedly.com/widgets/media.html?src=https%3A%2F%2Fopen.spotify.com%2Fembed%2Fplaylist%2F6kvBjEu2EQQ3ED3BbUeIL1%3Futm_source%3Doembed&amp;display_name=Spotify&amp;url=https%3A%2F%2Fopen.spotify.com%2Fplaylist%2F6kvBjEu2EQQ3ED3BbUeIL1&amp;image=https%3A%2F%2Fi.scdn.co%2Fimage%2Fab67706c0000da8473c6056ca76c4b2f5025621f&amp;key=2aa3c4d5f3de4f5b9120b660ad850dc9&amp;type=text%2Fhtml&amp;schema=spotify"" width=""456"" height=""352"" scrolling=""no"" title=""Spotify embed"" frameborder=""0"" allow=""autoplay; fullscreen; encrypted-media; picture-in-picture;"" allowfullscreen=""true""&gt;&lt;/iframe&gt;', 'width': 456, 'scrolling': False, 'media_domain_url': 'https://www.redditmedia.com/mediaembed/19bfv3c', 'height': 352}",Playlist - Country,False,1,,False,False,,False,,[],{},,,False,public,1705769014.0,text,6,,,text,open.spotify.com,False,,,,,,False,False,False,False,False,,[],[],False,031deefa-9fa1-11ea-8e2a-0ed86827466f,False,False,False,,[],False,,,,t5_2qofj,False,,,,#0dd3bb,19bfv3c,True,,Sea_Masterpiece956,,0,True,all_ads,False,[],False,,/r/spotify/comments/19bfv3c/dark_blues_blues_riffs_country_blues/,all_ads,False,https://open.spotify.com/playlist/6kvBjEu2EQQ3ED3BbUeIL1?si=pKLqVGeYRYSE5VxzkU5zzw&amp;pi=u-z0Ky5AnPQUem,1396770,1705769014.0,0,"{'type': 'open.spotify.com', 'oembed': {'provider_url': 'https://spotify.com', 'description': 'Dark Blues / Blues / Riffs / Country Blues · Playlist · 340 songs · 32 likes', 'title': 'Dark Blues / Blues / Riffs / Country Blues', 'type': 'rich', 'thumbnail_width': 300, 'height': 352, 'width': 456, 'html': '&lt;iframe class=""embedly-embed"" src=""https://cdn.embedly.com/widgets/media.html?src=https%3A%2F%2Fopen.spotify.com%2Fembed%2Fplaylist%2F6kvBjEu2EQQ3ED3BbUeIL1%3Futm_source%3Doembed&amp;display_name=Spotify&amp;url=https%3A%2F%2Fopen.spotify.com%2Fplaylist%2F6kvBjEu2EQQ3ED3BbUeIL1&amp;image=https%3A%2F%2Fi.scdn.co%2Fimage%2Fab67706c0000da8473c6056ca76c4b2f5025621f&amp;key=2aa3c4d5f3de4f5b9120b660ad850dc9&amp;type=text%2Fhtml&amp;schema=spotify"" width=""456"" height=""352"" scrolling=""no"" title=""Spotify embed"" frameborder=""0"" allow=""autoplay; fullscreen; encrypted-media; picture-in-picture;"" allowfullscreen=""true""&gt;&lt;/iframe&gt;', 'version': '1.0', 'provider_name': 'Spotify', 'thumbnail_url': 'https://i.scdn.co/image/ab67706c0000da8473c6056ca76c4b2f5025621f', 'thumbnail_height': 242}}",False,https://open.spotify.com/playlist/6kvBjEu2EQQ3ED3BbUeIL1?si=pKLqVGeYRYSE5VxzkU5zzw&amp;pi=u-z0Ky5AnPQUem,,,
,spotify,,t2_i3fz784lm,False,,0,False,Mix of 90s - More than 570 songs and counting,[],r/spotify,False,6,,0,,,False,,t3_19bfu19,False,dark,1.0,,1,0,"{'content': '&lt;iframe class=""embedly-embed"" src=""https://cdn.embedly.com/widgets/media.html?src=https%3A%2F%2Fopen.spotify.com%2Fembed%2Fplaylist%2F3QHKMUnVuOC9v2lHXOQNJW%3Futm_source%3Doembed&amp;display_name=Spotify&amp;url=https%3A%2F%2Fopen.spotify.com%2Fplaylist%2F3QHKMUnVuOC9v2lHXOQNJW&amp;image=https%3A%2F%2Fi.scdn.co%2Fimage%2Fab67706c0000da8470cde14636db62d8687fedde&amp;key=2aa3c4d5f3de4f5b9120b660ad850dc9&amp;type=text%2Fhtml&amp;schema=spotify"" width=""456"" height=""352"" scrolling=""no"" title=""Spotify embed"" frameborder=""0"" allow=""autoplay; fullscreen; encrypted-media; picture-in-picture;"" allowfullscreen=""true""&gt;&lt;/iframe&gt;', 'width': 456, 'scrolling': False, 'height': 352}",,,False,[],"{'type': 'open.spotify.com', 'oembed': {'provider_url': 'https://spotify.com', 'description': '90s Nostalgia Super Mix · Playlist · 574 songs · 26 likes', 'title': '90s Nostalgia Super Mix', 'type': 'rich', 'thumbnail_width': 300, 'height': 352, 'width': 456, 'html': '&lt;iframe class=""embedly-embed"" src=""https://cdn.embedly.com/widgets/media.html?src=https%3A%2F%2Fopen.spotify.com%2Fembed%2Fplaylist%2F3QHKMUnVuOC9v2lHXOQNJW%3Futm_source%3Doembed&amp;display_name=Spotify&amp;url=https%3A%2F%2Fopen.spotify.com%2Fplaylist%2F3QHKMUnVuOC9v2lHXOQNJW&amp;image=https%3A%2F%2Fi.scdn.co%2Fimage%2Fab67706c0000da8470cde14636db62d8687fedde&amp;key=2aa3c4d5f3de4f5b9120b660ad850dc9&amp;type=text%2Fhtml&amp;schema=spotify"" width=""456"" height=""352"" scrolling=""no"" title=""Spotify embed"" frameborder=""0"" allow=""autoplay; fullscreen; encrypted-media; picture-in-picture;"" allowfullscreen=""true""&gt;&lt;/iframe&gt;', 'version': '1.0', 'provider_name': 'Spotify', 'thumbnail_url': 'https://i.scdn.co/image/ab67706c0000da8470cde14636db62d8687fedde', 'thumbnail_height': 250}}",False,False,,"{'content': '&lt;iframe class=""embedly-embed"" src=""https://cdn.embedly.com/widgets/media.html?src=https%3A%2F%2Fopen.spotify.com%2Fembed%2Fplaylist%2F3QHKMUnVuOC9v2lHXOQNJW%3Futm_source%3Doembed&amp;display_name=Spotify&amp;url=https%3A%2F%2Fopen.spotify.com%2Fplaylist%2F3QHKMUnVuOC9v2lHXOQNJW&amp;image=https%3A%2F%2Fi.scdn.co%2Fimage%2Fab67706c0000da8470cde14636db62d8687fedde&amp;key=2aa3c4d5f3de4f5b9120b660ad850dc9&amp;type=text%2Fhtml&amp;schema=spotify"" width=""456"" height=""352"" scrolling=""no"" title=""Spotify embed"" frameborder=""0"" allow=""autoplay; fullscreen; encrypted-media; picture-in-picture;"" allowfullscreen=""true""&gt;&lt;/iframe&gt;', 'width': 456, 'scrolling': False, 'media_domain_url': 'https://www.redditmedia.com/mediaembed/19bfu19', 'height': 352}",Playlist - Throwback/Flashback/Decades,False,1,,False,False,,False,,[],{},,,False,public,1705768930.0,text,6,,,text,open.spotify.com,False,,,,,,False,False,False,False,False,,[],[],False,8f93ff06-9fa5-11ea-8fd9-0e846d182559,False,False,False,,[],False,,,,t5_2qofj,False,,,,#ab672f,19bfu19,True,,rafaelredt,,0,True,all_ads,False,[],False,,/r/spotify/comments/19bfu19/mix_of_90s_more_than_570_songs_and_counting/,all_ads,False,https://open.spotify.com/playlist/3QHKMUnVuOC9v2lHXOQNJW,1396770,1705768930.0,0,"{'type': 'open.spotify.com', 'oembed': {'provider_url': 'https://spotify.com', 'description': '90s Nostalgia Super Mix · Playlist · 574 songs · 26 likes', 'title': '90s Nostalgia Super Mix', 'type': 'rich', 'thumbnail_width': 300, 'height': 352, 'width': 456, 'html': '&lt;iframe class=""embedly-embed"" src=""https://cdn.embedly.com/widgets/media.html?src=https%3A%2F%2Fopen.spotify.com%2Fembed%2Fplaylist%2F3QHKMUnVuOC9v2lHXOQNJW%3Futm_source%3Doembed&amp;display_name=Spotify&amp;url=https%3A%2F%2Fopen.spotify.com%2Fplaylist%2F3QHKMUnVuOC9v2lHXOQNJW&amp;image=https%3A%2F%2Fi.scdn.co%2Fimage%2Fab67706c0000da8470cde14636db62d8687fedde&amp;key=2aa3c4d5f3de4f5b9120b660ad850dc9&amp;type=text%2Fhtml&amp;schema=spotify"" width=""456"" height=""352"" scrolling=""no"" title=""Spotify embed"" frameborder=""0"" allow=""autoplay; fullscreen; encrypted-media; picture-in-picture;"" allowfullscreen=""true""&gt;&lt;/iframe&gt;', 'version': '1.0', 'provider_name': 'Spotify', 'thumbnail_url': 'https://i.scdn.co/image/ab67706c0000da8470cde14636db62d8687fedde', 'thumbnail_height': 250}}",False,https://open.spotify.com/playlist/3QHKMUnVuOC9v2lHXOQNJW,,,
,spotify,,t2_8gi4ve14,False,,0,False,Would love some feedback/ opinions about my playlist,[],r/spotify,False,6,,0,,,False,,t3_19bf4zi,False,dark,1.0,,1,0,"{'content': '&lt;iframe class=""embedly-embed"" src=""https://cdn.embedly.com/widgets/media.html?src=https%3A%2F%2Fopen.spotify.com%2Fembed%2Fplaylist%2F2sADp0P8otnFxv90Z3Cuh8%3Futm_source%3Doembed&amp;display_name=Spotify&amp;url=https%3A%2F%2Fopen.spotify.com%2Fplaylist%2F2sADp0P8otnFxv90Z3Cuh8&amp;image=https%3A%2F%2Fi.scdn.co%2Fimage%2Fab67706c0000da8413753869acd89397f0b8d5f6&amp;key=2aa3c4d5f3de4f5b9120b660ad850dc9&amp;type=text%2Fhtml&amp;schema=spotify"" width=""456"" height=""352"" scrolling=""no"" title=""Spotify embed"" frameborder=""0"" allow=""autoplay; fullscreen; encrypted-media; picture-in-picture;"" allowfullscreen=""true""&gt;&lt;/iframe&gt;', 'width': 456, 'scrolling': False, 'height': 352}",,,False,[],"{'type': 'open.spotify.com', 'oembed': {'provider_url': 'https://spotify.com', 'description': 'demonic \\\\ INDUSTRIAL ⸸ HARD-TECHNO ⸸ SCHRANZ · Playlist · 666 songs · 4 likes', 'title': '// demonic \\\\ INDUSTRIAL ⸸ HARD-TECHNO ⸸ SCHRANZ', 'type': 'rich', 'thumbnail_width': 300, 'height': 352, 'width': 456, 'html': '&lt;iframe class=""embedly-embed"" src=""https://cdn.embedly.com/widgets/media.html?src=https%3A%2F%2Fopen.spotify.com%2Fembed%2Fplaylist%2F2sADp0P8otnFxv90Z3Cuh8%3Futm_source%3Doembed&amp;display_name=Spotify&amp;url=https%3A%2F%2Fopen.spotify.com%2Fplaylist%2F2sADp0P8otnFxv90Z3Cuh8&amp;image=https%3A%2F%2Fi.scdn.co%2Fimage%2Fab67706c0000da8413753869acd89397f0b8d5f6&amp;key=2aa3c4d5f3de4f5b9120b660ad850dc9&amp;type=text%2Fhtml&amp;schema=spotify"" width=""456"" height=""352"" scrolling=""no"" title=""Spotify embed"" frameborder=""0"" allow=""autoplay; fullscreen; encrypted-media; picture-in-picture;"" allowfullscreen=""true""&gt;&lt;/iframe&gt;', 'version': '1.0', 'provider_name': 'Spotify', 'thumbnail_url': 'https://i.scdn.co/image/ab67706c0000da8413753869acd89397f0b8d5f6', 'thumbnail_height': 288}}",False,False,,"{'content': '&lt;iframe class=""embedly-embed"" src=""https://cdn.embedly.com/widgets/media.html?src=https%3A%2F%2Fopen.spotify.com%2Fembed%2Fplaylist%2F2sADp0P8otnFxv90Z3Cuh8%3Futm_source%3Doembed&amp;display_name=Spotify&amp;url=https%3A%2F%2Fopen.spotify.com%2Fplaylist%2F2sADp0P8otnFxv90Z3Cuh8&amp;image=https%3A%2F%2Fi.scdn.co%2Fimage%2Fab67706c0000da8413753869acd89397f0b8d5f6&amp;key=2aa3c4d5f3de4f5b9120b660ad850dc9&amp;type=text%2Fhtml&amp;schema=spotify"" width=""456"" height=""352"" scrolling=""no"" title=""Spotify embed"" frameborder=""0"" allow=""autoplay; fullscreen; encrypted-media; picture-in-picture;"" allowfullscreen=""true""&gt;&lt;/iframe&gt;', 'width': 456, 'scrolling': False, 'media_domain_url': 'https://www.redditmedia.com/mediaembed/19bf4zi', 'height': 352}",Playlist - Electronic / EDM / Dance,False,1,,False,False,,False,,[],{},,,False,public,1705767074.0,text,6,,,text,open.spotify.com,False,,,,,,False,True,False,False,False,,[],[],False,0cbd2a8e-9fa1-11ea-8e59-0e59b1c879f3,False,False,False,,[],False,,,,t5_2qofj,False,,,,#7193ff,19bf4zi,True,,SnooOpinions878,,0,True,all_ads,False,[],False,,/r/spotify/comments/19bf4zi/would_love_some_feedback_opinions_about_my/,all_ads,False,https://open.spotify.com/playlist/2sADp0P8otnFxv90Z3Cuh8?si=fc6a7ffe422d40c3,1396770,1705767074.0,0,"{'type': 'open.spotify.com', 'oembed': {'provider_url': 'https://spotify.com', 'description': 'demonic \\\\ INDUSTRIAL ⸸ HARD-TECHNO ⸸ SCHRANZ · Playlist · 666 songs · 4 likes', 'title': '// demonic \\\\ INDUSTRIAL ⸸ HARD-TECHNO ⸸ SCHRANZ', 'type': 'rich', 'thumbnail_width': 300, 'height': 352, 'width': 456, 'html': '&lt;iframe class=""embedly-embed"" src=""https://cdn.embedly.com/widgets/media.html?src=https%3A%2F%2Fopen.spotify.com%2Fembed%2Fplaylist%2F2sADp0P8otnFxv90Z3Cuh8%3Futm_source%3Doembed&amp;display_name=Spotify&amp;url=https%3A%2F%2Fopen.spotify.com%2Fplaylist%2F2sADp0P8otnFxv90Z3Cuh8&amp;image=https%3A%2F%2Fi.scdn.co%2Fimage%2Fab67706c0000da8413753869acd89397f0b8d5f6&amp;key=2aa3c4d5f3de4f5b9120b660ad850dc9&amp;type=text%2Fhtml&amp;schema=spotify"" width=""456"" height=""352"" scrolling=""no"" title=""Spotify embed"" frameborder=""0"" allow=""autoplay; fullscreen; encrypted-media; picture-in-picture;"" allowfullscreen=""true""&gt;&lt;/iframe&gt;', 'version': '1.0', 'provider_name': 'Spotify', 'thumbnail_url': 'https://i.scdn.co/image/ab67706c0000da8413753869acd89397f0b8d5f6', 'thumbnail_height': 288}}",False,https://open.spotify.com/playlist/2sADp0P8otnFxv90Z3Cuh8?si=fc6a7ffe422d40c3,,,
,spotify,,t2_c20yfr57,False,,0,False,Fuego,[],r/spotify,False,6,suggestion,0,,,False,,t3_19bf2sd,False,dark,1.0,,1,0,"{'content': '&lt;iframe class=""embedly-embed"" src=""https://cdn.embedly.com/widgets/media.html?src=https%3A%2F%2Fopen.spotify.com%2Fembed%2Fplaylist%2F5NZgeWZxfNQu08DZCTHpct%3Futm_source%3Doembed&amp;display_name=Spotify&amp;url=https%3A%2F%2Fopen.spotify.com%2Fplaylist%2F5NZgeWZxfNQu08DZCTHpct&amp;image=https%3A%2F%2Fi.scdn.co%2Fimage%2Fab67706c0000da8491141d6703e43bd299686d8b&amp;key=2aa3c4d5f3de4f5b9120b660ad850dc9&amp;type=text%2Fhtml&amp;schema=spotify"" width=""456"" height=""352"" scrolling=""no"" title=""Spotify embed"" frameborder=""0"" allow=""autoplay; fullscreen; encrypted-media; picture-in-picture;"" allowfullscreen=""true""&gt;&lt;/iframe&gt;', 'width': 456, 'scrolling': False, 'height': 352}",,,False,[],"{'type': 'open.spotify.com', 'oembed': {'provider_url': 'https://spotify.com', 'description': 'Fuego · Playlist · 26 songs · 8 likes', 'title': 'Fuego', 'type': 'rich', 'thumbnail_width': 300, 'height': 352, 'width': 456, 'html': '&lt;iframe class=""embedly-embed"" src=""https://cdn.embedly.com/widgets/media.html?src=https%3A%2F%2Fopen.spotify.com%2Fembed%2Fplaylist%2F5NZgeWZxfNQu08DZCTHpct%3Futm_source%3Doembed&amp;display_name=Spotify&amp;url=https%3A%2F%2Fopen.spotify.com%2Fplaylist%2F5NZgeWZxfNQu08DZCTHpct&amp;image=https%3A%2F%2Fi.scdn.co%2Fimage%2Fab67706c0000da8491141d6703e43bd299686d8b&amp;key=2aa3c4d5f3de4f5b9120b660ad850dc9&amp;type=text%2Fhtml&amp;schema=spotify"" width=""456"" height=""352"" scrolling=""no"" title=""Spotify embed"" frameborder=""0"" allow=""autoplay; fullscreen; encrypted-media; picture-in-picture;"" allowfullscreen=""true""&gt;&lt;/iframe&gt;', 'version': '1.0', 'provider_name': 'Spotify', 'thumbnail_url': 'https://i.scdn.co/image/ab67706c0000da8491141d6703e43bd299686d8b', 'thumbnail_height': 300}}",False,False,,"{'content': '&lt;iframe class=""embedly-embed"" src=""https://cdn.embedly.com/widgets/media.html?src=https%3A%2F%2Fopen.spotify.com%2Fembed%2Fplaylist%2F5NZgeWZxfNQu08DZCTHpct%3Futm_source%3Doembed&amp;display_name=Spotify&amp;url=https%3A%2F%2Fopen.spotify.com%2Fplaylist%2F5NZgeWZxfNQu08DZCTHpct&amp;image=https%3A%2F%2Fi.scdn.co%2Fimage%2Fab67706c0000da8491141d6703e43bd299686d8b&amp;key=2aa3c4d5f3de4f5b9120b660ad850dc9&amp;type=text%2Fhtml&amp;schema=spotify"" width=""456"" height=""352"" scrolling=""no"" title=""Spotify embed"" frameborder=""0"" allow=""autoplay; fullscreen; encrypted-media; picture-in-picture;"" allowfullscreen=""true""&gt;&lt;/iframe&gt;', 'width': 456, 'scrolling': False, 'media_domain_url': 'https://www.redditmedia.com/mediaembed/19bf2sd', 'height': 352}","Playlist - World (Latin, Cultural)",False,1,,False,False,,False,,[],{},,,False,public,1705766911.0,text,6,,,text,open.spotify.com,False,,,,,,False,True,False,False,False,,[],[],False,37f50e72-99e6-11e9-a66d-0ed6813ef9d4,False,False,False,,[],False,,,,t5_2qofj,False,,,,#ff4500,19bf2sd,True,,supermoon_,,0,True,all_ads,False,[],False,,/r/spotify/comments/19bf2sd/fuego/,all_ads,False,https://open.spotify.com/playlist/5NZgeWZxfNQu08DZCTHpct?si=9c445584a81f4aa4&amp;nd=1&amp;dlsi=98f3e5d5976144b2,1396770,1705766911.0,0,"{'type': 'open.spotify.com', 'oembed': {'provider_url': 'https://spotify.com', 'description': 'Fuego · Playlist · 26 songs · 8 likes', 'title': 'Fuego', 'type': 'rich', 'thumbnail_width': 300, 'height': 352, 'width': 456, 'html': '&lt;iframe class=""embedly-embed"" src=""https://cdn.embedly.com/widgets/media.html?src=https%3A%2F%2Fopen.spotify.com%2Fembed%2Fplaylist%2F5NZgeWZxfNQu08DZCTHpct%3Futm_source%3Doembed&amp;display_name=Spotify&amp;url=https%3A%2F%2Fopen.spotify.com%2Fplaylist%2F5NZgeWZxfNQu08DZCTHpct&amp;image=https%3A%2F%2Fi.scdn.co%2Fimage%2Fab67706c0000da8491141d6703e43bd299686d8b&amp;key=2aa3c4d5f3de4f5b9120b660ad850dc9&amp;type=text%2Fhtml&amp;schema=spotify"" width=""456"" height=""352"" scrolling=""no"" title=""Spotify embed"" frameborder=""0"" allow=""autoplay; fullscreen; encrypted-media; picture-in-picture;"" allowfullscreen=""true""&gt;&lt;/iframe&gt;', 'version': '1.0', 'provider_name': 'Spotify', 'thumbnail_url': 'https://i.scdn.co/image/ab67706c0000da8491141d6703e43bd299686d8b', 'thumbnail_height': 300}}",False,https://open.spotify.com/playlist/5NZgeWZxfNQu08DZCTHpct?si=9c445584a81f4aa4&amp;nd=1&amp;dlsi=98f3e5d5976144b2,,,
,spotify,"Mine are
 Rush- limelight

Bruce Springsteen-Dancing in the dark

Empire of the sun - walking on a dream

Saint motel- cold cold man

New radicals-  you get what you give

Fantasy guys- surfin on a wave of juice

A$ap Rocky- sundress

The midnight- endless summer

Of monsters and men- mountain sound

Boy meets girl- waiting for a star to fall

Spacey jane- skin

Tow’rs- girl in calico

Pizza girl - gymnasium 

Tame impala- new person, same old mistakes

Yot club - spiral stairs

Aha- take on me",t2_618v7amj,False,,0,False,Saw a post about the saddest songs you ever heard but what are some songs that make you feel happy?,[],r/spotify,False,6,favors,0,,,False,,t3_19ag4ls,False,dark,0.98,,121,0,{},,,False,[],,False,False,,{},Song / Artist / Album / Playlist Requests,False,121,,False,False,,1705671081.0,,[],{},,,True,public,1705660183.0,text,6,,,text,self.spotify,False,"&lt;!-- SC_OFF --&gt;&lt;div class=""md""&gt;&lt;p&gt;Mine are
 Rush- limelight&lt;/p&gt;

&lt;p&gt;Bruce Springsteen-Dancing in the dark&lt;/p&gt;

&lt;p&gt;Empire of the sun - walking on a dream&lt;/p&gt;

&lt;p&gt;Saint motel- cold cold man&lt;/p&gt;

&lt;p&gt;New radicals-  you get what you give&lt;/p&gt;

&lt;p&gt;Fantasy guys- surfin on a wave of juice&lt;/p&gt;

&lt;p&gt;A$ap Rocky- sundress&lt;/p&gt;

&lt;p&gt;The midnight- endless summer&lt;/p&gt;

&lt;p&gt;Of monsters and men- mountain sound&lt;/p&gt;

&lt;p&gt;Boy meets girl- waiting for a star to fall&lt;/p&gt;

&lt;p&gt;Spacey jane- skin&lt;/p&gt;

&lt;p&gt;Tow’rs- girl in calico&lt;/p&gt;

&lt;p&gt;Pizza girl - gymnasium &lt;/p&gt;

&lt;p&gt;Tame impala- new person, same old mistakes&lt;/p&gt;

&lt;p&gt;Yot club - spiral stairs&lt;/p&gt;

&lt;p&gt;Aha- take on me&lt;/p&gt;
&lt;/div&gt;&lt;!-- SC_ON --&gt;",,,,,False,False,False,False,False,,[],[],False,b188c2f4-9a2e-11e9-9464-0e9d067aecce,False,False,False,,[],False,,,,t5_2qofj,False,,,,#94e044,19ag4ls,True,,Evening-Caramel-2180,,137,True,all_ads,False,[],False,,/r/spotify/comments/19ag4ls/saw_a_post_about_the_saddest_songs_you_ever_heard/,all_ads,False,https://www.reddit.com/r/spotify/comments/19ag4ls/saw_a_post_about_the_saddest_songs_you_ever_heard/,1396770,1705660183.0,0,,False,,,,
,spotify,"If anyone has any long playlists can you link them, currently trying to find some new stuff to listen to and figure this is a great way. I’d love to see what other people are listening to. Thanks!",t2_6mi7oq03,False,,0,False,People with really long playlist/looking for new music,[],r/spotify,False,6,favors,0,,,False,,t3_19ap5yh,False,dark,0.96,,30,0,{},,,False,[],,False,False,,{},Song / Artist / Album / Playlist Requests,False,30,,False,False,,False,,[],{},,,True,public,1705686933.0,text,6,,,text,self.spotify,False,"&lt;!-- SC_OFF --&gt;&lt;div class=""md""&gt;&lt;p&gt;If anyone has any long playlists can you link them, currently trying to find some new stuff to listen to and figure this is a great way. I’d love to see what other people are listening to. Thanks!&lt;/p&gt;
&lt;/div&gt;&lt;!-- SC_ON --&gt;",,,,,False,False,False,False,False,,[],[],False,b188c2f4-9a2e-11e9-9464-0e9d067aecce,False,False,False,,[],False,,,,t5_2qofj,False,,,,#94e044,19ap5yh,True,,Santorini04,,73,True,all_ads,False,[],False,,/r/spotify/comments/19ap5yh/people_with_really_long_playlistlooking_for_new/,all_ads,False,https://www.reddit.com/r/spotify/comments/19ap5yh/people_with_really_long_playlistlooking_for_new/,1396770,1705686933.0,0,,False,,,,
